island,source,background,local_rms,ra_str,dec_str,ra,err_ra,dec,err_dec,peak_flux,err_peak_flux,int_flux,err_int_flux,a,err_a,b,err_b,pa,err_pa,flags,residual_mean,residual_std,uuid,psf_a,psf_b,psf_pa
0,0,0.0,0.0,,,40.4413388243949,0.0028537735421,-28.447086970904,0.0039964586118,0.3950425072948,0.0335936783903,0.0,0.0,0.0,0.0,0.0,0.0,0.0,0.0,0,0,0,21751e15-4a3b-454a-a6de-bc6e73df6fdb,0,0,0
1,17,0.0,0.0,,,40.3609779058838,0.002723844025,-28.4324987989399,0.0037819264829,0.3947077969714,0.0355947386472,0.0,0.0,0.0,0.0,0.0,0.0,0.0,0.0,0,0,0,e5ba2e48-4017-43c9-a87d-0e4026ed4bea,0,0,0
0,1,0.0,0.0,,,38.797820696039,0.0065420542154,-28.8056604671516,0.0062285091578,0.0985875882415,0.0298482609701,0.0,0.0,0.0,0.0,0.0,0.0,0.0,0.0,0,0,0,9ded5307-e539-4423-b930-bdc0c37f13d2,0,0,0
1,39,0.0,0.0,,,38.7511336481896,0.0069007736087,-28.8769048804392,0.0068292989633,0.2804526991391,0.0305379798854,0.0,0.0,0.0,0.0,0.0,0.0,0.0,0.0,0,0,0,603001f9-e8ff-4c73-bfca-fbc9165ac87a,0,0,0
0,3,0.0,0.0,,,40.048307114627,0.0030397206034,-29.2392514780471,0.0037484926324,0.3609054013751,0.036184708926,0.0,0.0,0.0,0.0,0.0,0.0,0.0,0.0,0,0,0,3af13577-639f-4719-9b08-fd27b566c1b8,0,0,0
1,19,0.0,0.0,,,39.9319960780862,0.0030513927923,-29.2001288907448,0.0039068857994,0.3883301858743,0.0363130726007,0.0,0.0,0.0,0.0,0.0,0.0,0.0,0.0,0,0,0,d07fa85d-da8d-431f-800b-15b559908c5f,0,0,0
0,4,0.0,0.0,,,38.5875399829992,0.0015091005273,-27.4228243788039,0.0020312863121,0.6350478139444,0.0298182867701,0.0,0.0,0.0,0.0,0.0,0.0,0.0,0.0,0,0,0,b67e98c9-9907-48c5-97ad-c203e054d411,0,0,0
1,76,0.0,0.0,,,38.6198758436994,0.0014740040116,-27.4343378506101,0.0020454427384,0.6035320083665,0.0252005377954,0.0,0.0,0.0,0.0,0.0,0.0,0.0,0.0,0,0,0,32161e25-bff7-4fa1-962b-01dc545b06d0,0,0,0
0,5,0.0,0.0,,,41.536591783256,0.0035753747533,-27.5812130371698,0.0034685541728,0.4442532398922,0.0414912597254,0.0,0.0,0.0,0.0,0.0,0.0,0.0,0.0,0,0,0,004d62fe-c48c-44fa-a90e-15bc49265315,0,0,0
1,2,0.0,0.0,,,41.5738447951479,0.0034733946286,-27.5237585314126,0.0037033722263,0.424864672431,0.0432397428633,0.0,0.0,0.0,0.0,0.0,0.0,0.0,0.0,0,0,0,ef2832a0-1e47-46f7-9e58-7656e066332c,0,0,0
0,6,0.0,0.0,,,37.795488247942,0.0012027984049,-27.3631036776135,0.0016275294774,0.7614173723199,0.0264553598531,0.0,0.0,0.0,0.0,0.0,0.0,0.0,0.0,0,0,0,b35ae066-8e49-4edf-aa1e-218b8f44ea38,0,0,0
1,62,0.0,0.0,,,37.8291630179057,0.0012237066169,-27.3811759524782,0.001673377154,0.772320049743,0.0250039352769,0.0,0.0,0.0,0.0,0.0,0.0,0.0,0.0,0,0,0,22168999-ba78-47c9-8c42-991758178352,0,0,0
0,7,0.0,0.0,,,41.3262758753313,0.0034283207929,-26.8605599734892,0.0052771613207,0.3281254456307,0.0355639545158,0.0,0.0,0.0,0.0,0.0,0.0,0.0,0.0,0,0,0,5343359d-3924-45b3-ba20-d6b91bbbba21,0,0,0
1,21,0.0,0.0,,,41.2226862500055,0.0034856052035,-26.8820313669513,0.0050650479331,0.257703374821,0.0337683094578,0.0,0.0,0.0,0.0,0.0,0.0,0.0,0.0,0,0,0,a2f72a5e-8819-4f47-a617-5c2eceae04ca,0,0,0
0,8,0.0,0.0,,,41.2183363548835,0.0029971564943,-28.7356490444383,0.004134715942,0.4087548706721,0.0397951750173,0.0,0.0,0.0,0.0,0.0,0.0,0.0,0.0,0,0,0,faff4c64-2487-4f6b-8c58-8b451ab89c38,0,0,0
1,94,0.0,0.0,,,41.2461217129166,0.0032731411255,-28.6825801789222,0.0041432918985,0.433833230498,0.0405404958517,0.0,0.0,0.0,0.0,0.0,0.0,0.0,0.0,0,0,0,aa947e69-8b15-41d9-9f9e-f86a353b53fa,0,0,0
0,9,0.0,0.0,,,42.1257662995474,0.0025911393801,-29.4704870980653,0.0036041701803,0.6492402502343,0.0486039344248,0.0,0.0,0.0,0.0,0.0,0.0,0.0,0.0,0,0,0,a07637d3-0ceb-4d6c-9bbf-b975d0a1e6e7,0,0,0
1,32,0.0,0.0,,,42.1511183991091,0.0025907080945,-29.438544878262,0.0036573972719,0.5757443406021,0.0468017191838,0.0,0.0,0.0,0.0,0.0,0.0,0.0,0.0,0,0,0,bb764ab7-1ae4-400d-bf02-fbf999482180,0,0,0
0,11,0.0,0.0,,,41.3770425035687,0.0032059367658,-26.4495918047476,0.0041685431458,0.3559855704933,0.0356769857268,0.0,0.0,0.0,0.0,0.0,0.0,0.0,0.0,0,0,0,cffcbb46-7705-4e17-90ff-852856fa109c,0,0,0
1,60,0.0,0.0,,,41.3814390717554,0.0033246920239,-26.3921411484147,0.0043423982913,0.3921046547163,0.0330692853677,0.0,0.0,0.0,0.0,0.0,0.0,0.0,0.0,0,0,0,65ae913b-8a20-4700-bcf7-e1ccf5a53503,0,0,0
0,14,0.0,0.0,,,39.7107999067913,0.0020157027135,-27.5700056467824,0.002365496761,0.5345021810405,0.0297738476949,0.0,0.0,0.0,0.0,0.0,0.0,0.0,0.0,0,0,0,d6e7c9d8-fe57-4391-90d4-1427feb48110,0,0,0
1,36,0.0,0.0,,,39.7585837396243,0.0019605796403,-27.5406961437788,0.0023995216953,0.5078749405147,0.0315188014655,0.0,0.0,0.0,0.0,0.0,0.0,0.0,0.0,0,0,0,508dc0a6-5b74-4945-8c5b-402382536b76,0,0,0
0,16,0.0,0.0,,,38.1416012775458,0.0041110621413,-27.4263328023354,0.0074662304594,0.1594663355024,0.0268296690393,0.0,0.0,0.0,0.0,0.0,0.0,0.0,0.0,0,0,0,d41b9756-5477-4065-ba99-09d98541b6d1,0,0,0
1,43,0.0,0.0,,,38.1332492308305,0.0039778314641,-27.4072261752627,0.007590977055,0.2154072549444,0.0275995500511,0.0,0.0,0.0,0.0,0.0,0.0,0.0,0.0,0,0,0,66fd189b-3026-47ba-82bc-d9ed1441b82b,0,0,0
0,17,0.0,0.0,,,41.5012701103014,0.0036962635811,-29.180837155115,0.0040177932112,0.4538620088445,0.0448757721215,0.0,0.0,0.0,0.0,0.0,0.0,0.0,0.0,0,0,0,e605edaa-9a7d-4965-be94-ff3762d237cf,0,0,0
1,10,0.0,0.0,,,41.5382136668337,0.0035399815898,-29.1507459734234,0.0039075120472,0.4326795641426,0.0448615137327,0.0,0.0,0.0,0.0,0.0,0.0,0.0,0.0,0,0,0,eb8f5a33-d2db-4c85-bddd-0cd2936aea7d,0,0,0
0,18,0.0,0.0,,,38.4785055885176,0.000694920059,-29.7438170366062,0.0008164628136,1.4546264949165,0.0290143476506,0.0,0.0,0.0,0.0,0.0,0.0,0.0,0.0,0,0,0,b5482c07-3afb-4922-89bd-c6013f944bfb,0,0,0
1,12,0.0,0.0,,,38.4562435266216,0.0006703505486,-29.715709009614,0.0008685431968,1.5432958401351,0.0312444232841,0.0,0.0,0.0,0.0,0.0,0.0,0.0,0.0,0,0,0,b3309502-9996-4788-add2-6b907e888938,0,0,0
0,21,0.0,0.0,,,40.5434045464256,0.001570673369,-27.7734684705584,0.0020601789902,0.7836353976656,0.0388485245231,0.0,0.0,0.0,0.0,0.0,0.0,0.0,0.0,0,0,0,b83afdd9-71e0-4c1d-8981-8f35b15abd19,0,0,0
1,49,0.0,0.0,,,40.5304523361976,0.0015318621408,-27.7753051285322,0.0021017175824,0.7856709652139,0.0376972072751,0.0,0.0,0.0,0.0,0.0,0.0,0.0,0.0,0,0,0,1124bc8e-3b5d-49c5-ab3c-512331e7b591,0,0,0
0,22,0.0,0.0,,,40.4457902033102,0.0033318765194,-29.1560415796573,0.003898120386,0.4925558347122,0.0368032369198,0.0,0.0,0.0,0.0,0.0,0.0,0.0,0.0,0,0,0,5b6380b1-01c0-4c2a-8755-c9589690af8b,0,0,0
1,16,0.0,0.0,,,40.3727947841277,0.0033723496446,-29.1862598712323,0.0038670174284,0.349975312567,0.0415917201654,0.0,0.0,0.0,0.0,0.0,0.0,0.0,0.0,0,0,0,47d2e79a-9583-413d-a427-57a62c37ec51,0,0,0
0,25,0.0,0.0,,,42.1392836853959,0.0055928139715,-26.2757261313989,0.0103619685966,0.2442237529748,0.0443645030085,0.0,0.0,0.0,0.0,0.0,0.0,0.0,0.0,0,0,0,40d323d2-6b7c-4194-a0e9-f945e07b6006,0,0,0
1,56,0.0,0.0,,,42.122765630843,0.0056053650649,-26.2889994035457,0.0109081402387,0.2651885585682,0.0469891721661,0.0,0.0,0.0,0.0,0.0,0.0,0.0,0.0,0,0,0,f77732fc-7c95-461e-b1a7-2e4a52d94b0d,0,0,0
0,27,0.0,0.0,,,37.9428244509089,0.0061583500558,-26.6500674306364,0.0086317281045,0.1280828876474,0.0268550811383,0.0,0.0,0.0,0.0,0.0,0.0,0.0,0.0,0,0,0,93e26634-2a9b-4225-bff0-57baf0e708b6,0,0,0
1,73,0.0,0.0,,,37.8543722324386,0.0059881444934,-26.7823798403581,0.0089302971987,0.1469851626524,0.0275810237468,0.0,0.0,0.0,0.0,0.0,0.0,0.0,0.0,0,0,0,5f0e51f4-d06e-484b-8101-e7e56a7b5704,0,0,0
0,28,0.0,0.0,,,40.4793453302606,0.003261567868,-26.4752032606311,0.0049650188082,0.2458711917228,0.0347216787723,0.0,0.0,0.0,0.0,0.0,0.0,0.0,0.0,0,0,0,f609ae6f-0acf-449a-a6e1-782374a6db27,0,0,0
1,20,0.0,0.0,,,40.4625893590615,0.0033307916222,-26.5163782126233,0.0054065259169,0.2981293698622,0.0348407898643,0.0,0.0,0.0,0.0,0.0,0.0,0.0,0.0,0,0,0,e418975f-9263-42b8-89e6-75c8400793d3,0,0,0
0,29,0.0,0.0,,,37.8226034675424,0.0035047143198,-29.1614375631294,0.0040608960965,0.3575732161432,0.0298104625529,0.0,0.0,0.0,0.0,0.0,0.0,0.0,0.0,0,0,0,a37b2d57-4938-46a3-9fa5-00018502f361,0,0,0
1,52,0.0,0.0,,,37.9501787935737,0.003385575785,-29.1239372281106,0.0041187594667,0.3174217032081,0.0304777556198,0.0,0.0,0.0,0.0,0.0,0.0,0.0,0.0,0,0,0,3b243074-cf98-40c9-9edf-86432e7c747f,0,0,0
0,30,0.0,0.0,,,38.2685787590904,0.0031341244143,-26.1474905510491,0.0034274941956,0.3547520477195,0.0265461385686,0.0,0.0,0.0,0.0,0.0,0.0,0.0,0.0,0,0,0,66ca837f-6639-4be0-965b-18888771d476,0,0,0
1,71,0.0,0.0,,,38.2499636606652,0.0033397797894,-26.1683607436026,0.0033743814444,0.320827532036,0.0282433586143,0.0,0.0,0.0,0.0,0.0,0.0,0.0,0.0,0,0,0,a95cde3d-f7c7-4050-bb65-a70b0ea066a5,0,0,0
0,31,0.0,0.0,,,38.4797153011324,0.0105569415726,-27.4362916292683,0.0093408528116,0.1309179779402,0.0289011773557,0.0,0.0,0.0,0.0,0.0,0.0,0.0,0.0,0,0,0,9af3151d-96de-4600-b3d9-46187f1500bd,0,0,0
1,34,0.0,0.0,,,38.5365191926848,0.0106367481457,-27.3877879980599,0.0092364222916,0.1991543956833,0.0311981078282,0.0,0.0,0.0,0.0,0.0,0.0,0.0,0.0,0,0,0,054aa97d-bdcc-410e-b326-9a134b800315,0,0,0
0,32,0.0,0.0,,,38.8919390624595,0.0022054447704,-27.6826760696982,0.0022604283036,0.4979772812634,0.02853085093,0.0,0.0,0.0,0.0,0.0,0.0,0.0,0.0,0,0,0,0cd277f9-8910-48f7-9f54-8479d0a2252a,0,0,0
1,55,0.0,0.0,,,38.8983558687362,0.0019520472303,-27.6271788480952,0.0022745129106,0.538032095281,0.029989644308,0.0,0.0,0.0,0.0,0.0,0.0,0.0,0.0,0,0,0,f596dd48-9b83-4f41-b787-bfcc0814f5c0,0,0,0
0,33,0.0,0.0,,,37.6838109325508,0.0039961966615,-27.647983999225,0.0046947075748,0.2045277633481,0.0251413369321,0.0,0.0,0.0,0.0,0.0,0.0,0.0,0.0,0,0,0,2b0adc2f-c2a0-41d9-b43f-00fb04c7fabd,0,0,0
1,58,0.0,0.0,,,37.6070023758112,0.0042378576386,-27.7049648012338,0.0047296029292,0.241430906946,0.0274746314315,0.0,0.0,0.0,0.0,0.0,0.0,0.0,0.0,0,0,0,c714bcc9-9675-4fdf-b3d1-d1dc9c113a20,0,0,0
0,34,0.0,0.0,,,41.780543849337,0.0043524316442,-27.5332625419452,0.0143100352903,0.1588633792579,0.0393454585036,0.0,0.0,0.0,0.0,0.0,0.0,0.0,0.0,0,0,0,8158bf94-e19c-45ea-bbff-308f2f63a254,0,0,0
1,80,0.0,0.0,,,41.7032269203135,0.0043467394214,-27.5056074136966,0.0147810730031,0.2798109444283,0.0420921378579,0.0,0.0,0.0,0.0,0.0,0.0,0.0,0.0,0,0,0,6287b638-72cf-4abe-b21a-2c93d2279de2,0,0,0
0,36,0.0,0.0,,,39.7359502275409,0.001411262751,-27.4589223130151,0.0017702226892,0.7273986529041,0.0307120608306,0.0,0.0,0.0,0.0,0.0,0.0,0.0,0.0,0,0,0,ae9b5284-984d-422f-b913-dbeee1e44b59,0,0,0
1,0,0.0,0.0,,,39.7136977357456,0.0014527692052,-27.4399377695955,0.0018263805043,0.6779237179796,0.0329858485618,0.0,0.0,0.0,0.0,0.0,0.0,0.0,0.0,0,0,0,05b9e2bd-4dcc-47e2-8483-6e5905e52541,0,0,0
0,37,0.0,0.0,,,37.4124149661121,0.0080376742845,-30.0066495238978,0.0069146154166,0.138823689154,0.0310299605574,0.0,0.0,0.0,0.0,0.0,0.0,0.0,0.0,0,0,0,11e938a1-213f-4229-9740-24e77dd95d97,0,0,0
1,59,0.0,0.0,,,37.3699182580046,0.0083481047216,-29.9724495476639,0.0071594997219,0.1954944458046,0.0273604802731,0.0,0.0,0.0,0.0,0.0,0.0,0.0,0.0,0,0,0,73f78b96-50e0-4bfe-b3a6-3b356c6f25a1,0,0,0
0,38,0.0,0.0,,,39.380940324555,0.0066334238132,-29.7866978895572,0.0088846406512,0.1853229221135,0.033833363014,0.0,0.0,0.0,0.0,0.0,0.0,0.0,0.0,0,0,0,a3bdbd49-be86-4e79-9bb4-66287fb011ea,0,0,0
1,35,0.0,0.0,,,39.3553049605935,0.0065266683366,-29.7095770930845,0.0092476479767,0.2532307696788,0.0322060035926,0.0,0.0,0.0,0.0,0.0,0.0,0.0,0.0,0,0,0,4080aa30-89af-400d-80c5-786036c21b79,0,0,0
0,39,0.0,0.0,,,41.8830366910396,0.0032213122816,-27.2821890849426,0.0047424898867,0.400009382269,0.0432946445005,0.0,0.0,0.0,0.0,0.0,0.0,0.0,0.0,0,0,0,92701946-08f5-4163-8464-7c053cea0ec0,0,0,0
1,91,0.0,0.0,,,41.8551667790405,0.0032151233103,-27.2924758389747,0.0047831164061,0.2837199548583,0.0451265036832,0.0,0.0,0.0,0.0,0.0,0.0,0.0,0.0,0,0,0,ccdbf16d-b1fb-48d5-849b-4607c0934cab,0,0,0
0,41,0.0,0.0,,,40.1409410700695,0.0030790914932,-26.3407548355758,0.0036400971395,0.3540753544786,0.0352355638164,0.0,0.0,0.0,0.0,0.0,0.0,0.0,0.0,0,0,0,ea1976a1-f48c-429d-bf93-433184da3b2e,0,0,0
1,77,0.0,0.0,,,40.1542024963213,0.0030940855581,-26.3393201826921,0.0035250701308,0.3201173874615,0.0326613684084,0.0,0.0,0.0,0.0,0.0,0.0,0.0,0.0,0,0,0,18eabd9c-3a72-46bf-bd59-989d1ba96511,0,0,0
0,42,0.0,0.0,,,39.0243273260408,0.0003100352295,-28.7910096901827,0.0003886732835,3.437683765416,0.0332647741247,0.0,0.0,0.0,0.0,0.0,0.0,0.0,0.0,0,0,0,9a91f73d-f6c2-42ba-a038-cca4bda00a14,0,0,0
1,82,0.0,0.0,,,39.0125181170743,0.000316773541,-28.7944969263672,0.0003835355548,3.4653926957472,0.0326935553953,0.0,0.0,0.0,0.0,0.0,0.0,0.0,0.0,0,0,0,8f378b0b-a865-46b9-87e1-daff972575c6,0,0,0
0,43,0.0,0.0,,,39.983737705364,0.0007722312136,-26.7480122110378,0.0008814464984,1.4427528273224,0.0296610217478,0.0,0.0,0.0,0.0,0.0,0.0,0.0,0.0,0,0,0,12aac511-ac64-40e8-902d-ad63ad393f98,0,0,0
1,98,0.0,0.0,,,39.9959944377882,0.0007680129903,-26.7874218529573,0.0008722686178,1.409429712708,0.0310004713371,0.0,0.0,0.0,0.0,0.0,0.0,0.0,0.0,0,0,0,b04591f5-7c3d-49f4-bb63-f5d960d02f7b,0,0,0
0,44,0.0,0.0,,,41.2917462982219,0.0030483000378,-29.695619325214,0.0034358199296,0.4838425372148,0.0407308707537,0.0,0.0,0.0,0.0,0.0,0.0,0.0,0.0,0,0,0,a7f4271e-33d9-4536-851a-3675d850b64a,0,0,0
1,18,0.0,0.0,,,41.320128111293,0.0031795584675,-29.7418223695565,0.0045102200063,0.4308265617238,0.0419098452537,0.0,0.0,0.0,0.0,0.0,0.0,0.0,0.0,0,0,0,22f0730a-0354-40ad-9966-b2fab0c6b21f,0,0,0
0,45,0.0,0.0,,,37.2819327611926,0.0023884322123,-28.1421178512531,0.0027666387266,0.4425730519666,0.0246148943869,0.0,0.0,0.0,0.0,0.0,0.0,0.0,0.0,0,0,0,b77b1a3a-add6-4164-ba0e-5d324ac70627,0,0,0
1,90,0.0,0.0,,,37.2664466972863,0.0024780659157,-28.1216619244417,0.0027372909351,0.3765560166302,0.0293731842184,0.0,0.0,0.0,0.0,0.0,0.0,0.0,0.0,0,0,0,9a0c092c-cc9a-49fd-89d2-2bdfdca1c8b5,0,0,0
0,46,0.0,0.0,,,39.333116686749,0.005134843563,-28.8228112194048,0.0044985301751,0.2400613004598,0.0301947281462,0.0,0.0,0.0,0.0,0.0,0.0,0.0,0.0,0,0,0,e2e548b8-db20-4262-99fe-b1c5fa98e014,0,0,0
1,93,0.0,0.0,,,39.3709371676037,0.00490633858,-28.7736827277933,0.0044129658234,0.3154444559394,0.0337853702304,0.0,0.0,0.0,0.0,0.0,0.0,0.0,0.0,0,0,0,4439ba12-2a55-418b-8e5d-c14525f1e222,0,0,0
0,48,0.0,0.0,,,37.3775477314997,0.0026966345623,-26.4358651369945,0.003270877389,0.2929874872437,0.0258138823372,0.0,0.0,0.0,0.0,0.0,0.0,0.0,0.0,0,0,0,9a7c49b9-dd57-4273-a704-3b334c21995d,0,0,0
1,95,0.0,0.0,,,37.3575326412145,0.0028064913649,-26.3552817420406,0.0035064989325,0.3288460418357,0.0265834864651,0.0,0.0,0.0,0.0,0.0,0.0,0.0,0.0,0,0,0,5f2358aa-1663-4884-b7a0-2d748439a65e,0,0,0
0,49,0.0,0.0,,,40.0223187546267,0.011569789354,-27.7540111661921,0.0101753800104,0.1654582778593,0.0348193457212,0.0,0.0,0.0,0.0,0.0,0.0,0.0,0.0,0,0,0,35ced22e-8b15-4a1d-bedb-2a4b389caddb,0,0,0
1,88,0.0,0.0,,,40.0500080036778,0.0112416765209,-27.6711861189486,0.0100708787763,0.1790823715878,0.0352431168863,0.0,0.0,0.0,0.0,0.0,0.0,0.0,0.0,0,0,0,83d0a1cd-f48c-4a33-9e89-3863eb5b1242,0,0,0
0,50,0.0,0.0,,,39.0890320430411,0.0033540376372,-29.905991628056,0.004588312254,0.2856802725007,0.0349542752569,0.0,0.0,0.0,0.0,0.0,0.0,0.0,0.0,0,0,0,42feded6-3b7f-4013-b736-c315c5c72ce3,0,0,0
1,69,0.0,0.0,,,39.1319750015747,0.003292673578,-29.9209898854758,0.0044201554613,0.3214280824284,0.0313893515015,0.0,0.0,0.0,0.0,0.0,0.0,0.0,0.0,0,0,0,cafff680-36ac-4e1a-9e69-bd2b7086e81f,0,0,0
0,54,0.0,0.0,,,40.2371933950033,0.0018212033896,-27.8307521440738,0.0022256463067,0.6549145687042,0.0349137749861,0.0,0.0,0.0,0.0,0.0,0.0,0.0,0.0,0,0,0,42683ae6-a7e7-451f-a8fb-2d8e0c6a32f9,0,0,0
1,66,0.0,0.0,,,40.2236230068188,0.0019742440047,-27.8498437119289,0.0021056104494,0.6741403228481,0.0354934297781,0.0,0.0,0.0,0.0,0.0,0.0,0.0,0.0,0,0,0,ae57cc5d-1b71-4cb6-adaa-6c7c02276105,0,0,0
0,57,0.0,0.0,,,42.1096788099093,0.0046997475723,-27.8767548889947,0.007967107716,0.2985566188213,0.0460116731998,0.0,0.0,0.0,0.0,0.0,0.0,0.0,0.0,0,0,0,56e39d9f-6ed6-4c41-b28f-b24ec21c0bc2,0,0,0
1,7,0.0,0.0,,,42.00965072683,0.0048834698793,-27.8458335641878,0.0078687360229,0.3651102194648,0.0463074541603,0.0,0.0,0.0,0.0,0.0,0.0,0.0,0.0,0,0,0,0e23366f-a60f-4cd3-a40c-cc75eab4867f,0,0,0
0,58,0.0,0.0,,,40.5770752727073,0.0025520843757,-27.448091458741,0.005053494511,0.2733345714223,0.0370021622486,0.0,0.0,0.0,0.0,0.0,0.0,0.0,0.0,0,0,0,85a0d68d-ae1d-44a8-becd-f0a758b6869a,0,0,0
1,79,0.0,0.0,,,40.5904534141739,0.0027950846331,-27.3490848812117,0.0052435489451,0.3515427033873,0.0318058586426,0.0,0.0,0.0,0.0,0.0,0.0,0.0,0.0,0,0,0,a159699c-f337-4167-9db5-2b995fddc5fc,0,0,0
0,60,0.0,0.0,,,37.0682645018211,0.002520103442,-26.992946913765,0.0033092468387,0.3348244713788,0.0255949329933,0.0,0.0,0.0,0.0,0.0,0.0,0.0,0.0,0,0,0,8945653a-e600-4888-b973-1a4378499bfd,0,0,0
1,97,0.0,0.0,,,36.9796896410432,0.0024923481296,-26.939835173343,0.0033502731992,0.3372437930063,0.0258751568266,0.0,0.0,0.0,0.0,0.0,0.0,0.0,0.0,0,0,0,8f344b08-8fc6-4b90-8bbb-a118e2bc5fbc,0,0,0
0,61,0.0,0.0,,,41.0365524168954,0.0125186669081,-28.5980028389201,0.0117082871022,0.2447820817587,0.0457200957251,0.0,0.0,0.0,0.0,0.0,0.0,0.0,0.0,0,0,0,238f417b-a21d-41df-ac5b-818be804128a,0,0,0
1,85,0.0,0.0,,,40.9852215951802,0.0114162536929,-28.7176329001864,0.0128337796213,0.2082042465355,0.0413520922508,0.0,0.0,0.0,0.0,0.0,0.0,0.0,0.0,0,0,0,7200e0c1-45d4-4e52-a4cf-135d5b467d20,0,0,0
0,63,0.0,0.0,,,40.3915194772685,0.0023697875135,-26.4361857674377,0.0044894158312,0.4631970728531,0.0329176125111,0.0,0.0,0.0,0.0,0.0,0.0,0.0,0.0,0,0,0,b22f3d3b-2d6d-4b1c-8db4-dc707f2ab8ee,0,0,0
1,65,0.0,0.0,,,40.3877590665398,0.002385860429,-26.3703558063741,0.0044300007501,0.3606672000614,0.0331136420079,0.0,0.0,0.0,0.0,0.0,0.0,0.0,0.0,0,0,0,1c913c88-e715-4c07-9b8f-676ee6c2996e,0,0,0
0,65,0.0,0.0,,,37.1709763201355,0.0020298737788,-26.4581331740885,0.0022712710128,0.4295033424628,0.0254111050252,0.0,0.0,0.0,0.0,0.0,0.0,0.0,0.0,0,0,0,99f4abdd-4bcb-465b-ab22-efd1a41c2a5a,0,0,0
1,99,0.0,0.0,,,37.2152165204197,0.0019727872481,-26.4953868954459,0.0023371159509,0.4248108783224,0.0230481582588,0.0,0.0,0.0,0.0,0.0,0.0,0.0,0.0,0,0,0,b75f2274-ac05-4ce5-a376-8f10dbf6a6c1,0,0,0
0,66,0.0,0.0,,,37.523756750961,0.0037716245387,-29.5744390988021,0.0053979232138,0.2165495486426,0.0283910767518,0.0,0.0,0.0,0.0,0.0,0.0,0.0,0.0,0,0,0,ac3f2b48-2865-482e-99f4-3efc8a75fb07,0,0,0
1,87,0.0,0.0,,,37.6786095223165,0.0035973339474,-29.5758204345006,0.0051788591729,0.2011893419237,0.0265808766804,0.0,0.0,0.0,0.0,0.0,0.0,0.0,0.0,0,0,0,e5b52e8e-7815-4655-8ff1-462e45001cfe,0,0,0
0,70,0.0,0.0,,,40.1855346591179,0.002860892396,-28.3332558295687,0.0033577160739,0.4639053241122,0.0330875612959,0.0,0.0,0.0,0.0,0.0,0.0,0.0,0.0,0,0,0,3f9386ae-d2f6-477f-8c11-8194a6b1f0c7,0,0,0
1,100,0.0,0.0,,,40.280914703842,0.002879811576,-28.2840866280978,0.0031903505627,0.4550033045911,0.0360166229965,0.0,0.0,0.0,0.0,0.0,0.0,0.0,0.0,0,0,0,86760e6b-f869-406a-915d-59cd1ec4ad72,0,0,0
0,71,0.0,0.0,,,37.5028053134308,0.0040672787139,-27.9177707353163,0.0046403812927,0.2375938646105,0.0309394487596,0.0,0.0,0.0,0.0,0.0,0.0,0.0,0.0,0,0,0,325b444d-6d5e-4325-bfda-021bea8ab1fa,0,0,0
1,89,0.0,0.0,,,37.5406075656574,0.0038063665899,-27.8359481069688,0.0046959958707,0.2251980576842,0.0284952986795,0.0,0.0,0.0,0.0,0.0,0.0,0.0,0.0,0,0,0,1d6de625-77b5-4489-85d3-fb30e5d045db,0,0,0
0,72,0.0,0.0,,,41.086220421268,0.0038785110526,-27.1929543644234,0.0073552858364,0.1936433052878,0.0370503314381,0.0,0.0,0.0,0.0,0.0,0.0,0.0,0.0,0,0,0,44b1e2fa-fc51-475f-b045-b7e19fc5a2ce,0,0,0
1,24,0.0,0.0,,,41.0574607256664,0.0039085034317,-27.2179088077311,0.0074857410541,0.2221965348973,0.0375232325231,0.0,0.0,0.0,0.0,0.0,0.0,0.0,0.0,0,0,0,39dcf10a-d003-4a39-ba80-37dd9587f9f5,0,0,0
0,74,0.0,0.0,,,38.7015946512435,0.0037615942729,-26.4052830505215,0.0045078554829,0.221323916848,0.0293098542212,0.0,0.0,0.0,0.0,0.0,0.0,0.0,0.0,0,0,0,2bb3d630-518c-4cc8-b13d-95349ab0cb95,0,0,0
1,45,0.0,0.0,,,38.6756984238748,0.0038519296961,-26.3494901772629,0.0044191460709,0.2372885316886,0.0281052673801,0.0,0.0,0.0,0.0,0.0,0.0,0.0,0.0,0,0,0,7f86ef1c-5d73-419c-b826-1090750b5ca3,0,0,0
0,75,0.0,0.0,,,37.9344037132142,0.0032031075772,-29.9598964007322,0.0036883646019,0.3132599438852,0.0298302683099,0.0,0.0,0.0,0.0,0.0,0.0,0.0,0.0,0,0,0,8a375a9a-1565-4bb6-9ab4-9a832da12902,0,0,0
1,37,0.0,0.0,,,37.8574419149386,0.0032883796296,-29.9817386415774,0.0036410342652,0.267129153032,0.0291078121967,0.0,0.0,0.0,0.0,0.0,0.0,0.0,0.0,0,0,0,7179c055-c694-47e0-af2f-0c757deabdda,0,0,0
0,76,0.0,0.0,,,40.9172935945881,0.0033314374027,-26.0839735817433,0.0044842738188,0.3198988927977,0.0374784299073,0.0,0.0,0.0,0.0,0.0,0.0,0.0,0.0,0,0,0,7be4b23b-a047-4f09-bf92-6ba8d6e7d50a,0,0,0
1,46,0.0,0.0,,,40.9284958085828,0.0032975994374,-26.1290680357498,0.0045609386181,0.2868086718028,0.0342154101744,0.0,0.0,0.0,0.0,0.0,0.0,0.0,0.0,0,0,0,c3d6f01a-902d-4a09-bb29-c351a90fd92a,0,0,0
0,77,0.0,0.0,,,41.3651502435991,0.0046636299607,-26.2502062488796,0.0056467336797,0.3051597506668,0.0344969888296,0.0,0.0,0.0,0.0,0.0,0.0,0.0,0.0,0,0,0,2469d9ff-feef-4741-b62d-38b5cc67707e,0,0,0
1,92,0.0,0.0,,,41.2585325593354,0.0048627986752,-26.3066992635091,0.0054106940744,0.3010568708056,0.0373434740943,0.0,0.0,0.0,0.0,0.0,0.0,0.0,0.0,0,0,0,d6fd9d73-2960-4b8b-8c29-a56e6de262f4,0,0,0
0,78,0.0,0.0,,,39.8497204537892,0.0036606975765,-29.9126049281574,0.0055336702491,0.3070104540367,0.0365433710763,0.0,0.0,0.0,0.0,0.0,0.0,0.0,0.0,0,0,0,6d322e89-66d9-4c25-8ec8-80cfc864ee66,0,0,0
1,8,0.0,0.0,,,39.8817710380119,0.0037362121723,-29.9275402463103,0.0055493071934,0.2996153230459,0.0387695196144,0.0,0.0,0.0,0.0,0.0,0.0,0.0,0.0,0,0,0,b136f568-0202-46b4-8d6e-2bb131be20f3,0,0,0
0,80,0.0,0.0,,,41.9737974738991,0.0012680054185,-26.1845514008233,0.0014769556839,1.181993568989,0.040704783376,0.0,0.0,0.0,0.0,0.0,0.0,0.0,0.0,0,0,0,ea368601-5ed0-4dd3-b292-846a78bc769d,0,0,0
1,96,0.0,0.0,,,41.9689805489791,0.001256470824,-26.1506137435667,0.0014202044642,1.1861595488501,0.0425276588673,0.0,0.0,0.0,0.0,0.0,0.0,0.0,0.0,0,0,0,2caba2b5-e8da-423d-b295-6ecaf151f579,0,0,0
0,81,0.0,0.0,,,38.5534790648992,0.0018966385608,-28.6404825307503,0.002417524622,0.5876948528587,0.0321732083409,0.0,0.0,0.0,0.0,0.0,0.0,0.0,0.0,0,0,0,394b5682-8f68-417a-be36-719dc3fb5563,0,0,0
1,13,0.0,0.0,,,38.6212837960641,0.0018996126848,-28.6818617712985,0.0024728152283,0.5641851863314,0.0290471850605,0.0,0.0,0.0,0.0,0.0,0.0,0.0,0.0,0,0,0,e2d68360-5b5b-4031-974e-0c219c240379,0,0,0
0,82,0.0,0.0,,,37.1436963739569,0.0004262268238,-28.2601837001693,0.0006157023624,1.9591160057327,0.0266947982165,0.0,0.0,0.0,0.0,0.0,0.0,0.0,0.0,0,0,0,6e130ad7-c089-4367-9133-4558c82d6141,0,0,0
1,57,0.0,0.0,,,37.1083046472061,0.0004217207133,-28.2665631329019,0.0006184384179,1.9815676447043,0.0270181386943,0.0,0.0,0.0,0.0,0.0,0.0,0.0,0.0,0,0,0,6add4d78-21e5-4817-8059-1dc2c37c17f9,0,0,0
0,83,0.0,0.0,,,42.7206110438401,0.0069642714638,-26.4902239249762,0.0054281768693,0.2965413415005,0.0447307533861,0.0,0.0,0.0,0.0,0.0,0.0,0.0,0.0,0,0,0,fc64a339-557e-4e41-917c-d7298f6e5f40,0,0,0
1,26,0.0,0.0,,,42.6924733378512,0.0067709826442,-26.5032056615396,0.0054662220532,0.4169710031174,0.050211376998,0.0,0.0,0.0,0.0,0.0,0.0,0.0,0.0,0,0,0,32ac25ad-3195-44a0-ba9c-8d42d09f0079,0,0,0
0,84,0.0,0.0,,,41.8290131361626,0.0055763260766,-27.7378562742297,0.009034046817,0.2059926461165,0.0468737119208,0.0,0.0,0.0,0.0,0.0,0.0,0.0,0.0,0,0,0,b7e5b517-6c42-4045-9da6-f83f8cdb41b5,0,0,0
1,68,0.0,0.0,,,41.7788364111276,0.0056130957185,-27.6825671042177,0.0090508542355,0.3640442212869,0.0433403936503,0.0,0.0,0.0,0.0,0.0,0.0,0.0,0.0,0,0,0,4be65347-48d0-4f12-9602-f4fb938240b0,0,0,0
0,85,0.0,0.0,,,38.6498523060623,0.0062306094949,-26.5753455709673,0.0079856084021,0.1806540249001,0.0293356966188,0.0,0.0,0.0,0.0,0.0,0.0,0.0,0.0,0,0,0,3bb92892-c388-44ae-9d34-1ffe1b550764,0,0,0
1,81,0.0,0.0,,,38.5869547164991,0.0059745238376,-26.5357161657742,0.0079673558052,0.2088588258944,0.0295955250557,0.0,0.0,0.0,0.0,0.0,0.0,0.0,0.0,0,0,0,457e3879-5090-4911-81fd-018440b11858,0,0,0
0,87,0.0,0.0,,,41.3919030305328,0.0030723812287,-29.6452773074632,0.0044683643787,0.4344381447211,0.0439043187973,0.0,0.0,0.0,0.0,0.0,0.0,0.0,0.0,0,0,0,d8c46f06-5f2f-4987-a130-c9feee4871c9,0,0,0
1,54,0.0,0.0,,,41.2846584593365,0.0032931111684,-29.605532422536,0.0034262697123,0.4809948328856,0.0453207992305,0.0,0.0,0.0,0.0,0.0,0.0,0.0,0.0,0,0,0,9ee33d4e-a363-4fd8-8f92-c99f0cd63939,0,0,0
0,88,0.0,0.0,,,37.5916909545777,0.0024376150205,-28.3891705743783,0.0027107499855,0.3725402793404,0.0267319567931,0.0,0.0,0.0,0.0,0.0,0.0,0.0,0.0,0,0,0,4b395212-6c46-4168-a1d0-19cfe198b1d9,0,0,0
1,74,0.0,0.0,,,37.6073482226901,0.0024264520691,-28.3320896361666,0.0026582218754,0.3558967524763,0.0282993905956,0.0,0.0,0.0,0.0,0.0,0.0,0.0,0.0,0,0,0,bbad7851-99af-4b09-beec-07f848ff54be,0,0,0
0,89,0.0,0.0,,,41.2222813223849,0.0053987227416,-29.1118145909698,0.0061129495992,0.3167867242474,0.0399185382501,0.0,0.0,0.0,0.0,0.0,0.0,0.0,0.0,0,0,0,5c246434-b398-4f8b-aea1-c9f7037ba7d9,0,0,0
1,3,0.0,0.0,,,41.2974571072331,0.005219379379,-29.0560324278947,0.006202012335,0.2722693192397,0.0424426155113,0.0,0.0,0.0,0.0,0.0,0.0,0.0,0.0,0,0,0,b83d0d91-1615-494a-9e08-dc51bf1df4e5,0,0,0
0,90,0.0,0.0,,,37.7048231683696,0.0053271453105,-28.8329224218515,0.008301689863,0.2102498420329,0.029675888797,0.0,0.0,0.0,0.0,0.0,0.0,0.0,0.0,0,0,0,5fd5f7a1-52dd-46b6-bd7f-d7cc38b95076,0,0,0
1,1,0.0,0.0,,,37.6894777935941,0.0052916759555,-28.8410062408912,0.0081380024004,0.1970482601519,0.0272504005801,0.0,0.0,0.0,0.0,0.0,0.0,0.0,0.0,0,0,0,4de568ce-a92e-4ccf-b855-e525b7441ba8,0,0,0
0,91,0.0,0.0,,,38.5640124394221,0.0060488605863,-28.1878934387496,0.0070910817645,0.1872064438076,0.0256716742193,0.0,0.0,0.0,0.0,0.0,0.0,0.0,0.0,0,0,0,1c091bf2-30fe-444c-a443-485d9f9f812e,0,0,0
1,70,0.0,0.0,,,38.6794953221178,0.0062153756489,-28.1467321867635,0.0073855424461,0.1300844260991,0.0275422163949,0.0,0.0,0.0,0.0,0.0,0.0,0.0,0.0,0,0,0,6c44d788-aa90-4bac-9c65-fb6fc1d690a7,0,0,0
0,94,0.0,0.0,,,41.9225740292788,0.0026123367673,-25.9741940710548,0.0029098545405,0.4995144945965,0.0420681075852,0.0,0.0,0.0,0.0,0.0,0.0,0.0,0.0,0,0,0,db8b6319-2f3f-485d-b670-0c605c589413,0,0,0
1,51,0.0,0.0,,,41.8871579949846,0.0025652176238,-25.9932461687647,0.0028541373308,0.6031369282667,0.0365623441152,0.0,0.0,0.0,0.0,0.0,0.0,0.0,0.0,0,0,0,45bf0302-f9cd-4e68-8eb9-d0e09b5f37bb,0,0,0
0,95,0.0,0.0,,,38.3251699873073,0.0008407848224,-29.8587876146294,0.0011232024408,1.1169376032387,0.0305834406504,0.0,0.0,0.0,0.0,0.0,0.0,0.0,0.0,0,0,0,b0910180-fdc1-4dd9-897c-dfd6e7adc4dd,0,0,0
1,11,0.0,0.0,,,38.2789032404454,0.0008208053847,-29.844801441487,0.0011051896482,1.1333752631421,0.0313011714284,0.0,0.0,0.0,0.0,0.0,0.0,0.0,0.0,0,0,0,c3d2f6d4-9a33-4e28-9a35-41b102c53c75,0,0,0
0,96,0.0,0.0,,,37.0596892375123,0.0043859561616,-28.4611990480083,0.0053453693236,0.2349367108141,0.0266954346881,0.0,0.0,0.0,0.0,0.0,0.0,0.0,0.0,0,0,0,9f405729-fd2f-4be1-a2a1-5668dd25f95b,0,0,0
1,64,0.0,0.0,,,37.1212893972485,0.0045806740896,-28.4440603349296,0.0051386586058,0.2917149507932,0.0267455810001,0.0,0.0,0.0,0.0,0.0,0.0,0.0,0.0,0,0,0,fe963c58-8ed3-4722-a704-13f2c8beb50d,0,0,0
0,97,0.0,0.0,,,40.4808347206133,0.0014806351583,-28.2005370626071,0.0016214969683,0.874122820658,0.0326468283014,0.0,0.0,0.0,0.0,0.0,0.0,0.0,0.0,0,0,0,0936975a-73f7-4e85-9c06-953a0d82f0c4,0,0,0
1,33,0.0,0.0,,,40.4237490576628,0.0014541233252,-28.1974276809958,0.0016321189439,0.9098029292437,0.0348569582893,0.0,0.0,0.0,0.0,0.0,0.0,0.0,0.0,0,0,0,99dd1a20-ff4a-4194-b6db-cb7c10bacac9,0,0,0
0,98,0.0,0.0,,,37.0340979568537,0.0054985750812,-29.2615317426877,0.0073568332328,0.2214932354125,0.0271972194298,0.0,0.0,0.0,0.0,0.0,0.0,0.0,0.0,0,0,0,8ce97434-83a2-4018-8b1e-752d892bb53f,0,0,0
1,61,0.0,0.0,,,37.0478523076605,0.005483917267,-29.2421779601227,0.0074246455879,0.2373337450492,0.0260698067695,0.0,0.0,0.0,0.0,0.0,0.0,0.0,0.0,0,0,0,daa4b604-e008-48e0-96fd-b99fbd6ec420,0,0,0
0,100,0.0,0.0,,,39.0745503231693,0.003886190004,-27.1752569271534,0.0056148581001,0.2177352804115,0.029413117646,0.0,0.0,0.0,0.0,0.0,0.0,0.0,0.0,0,0,0,84f88e65-0b51-45cc-980c-5c1704cccc24,0,0,0
1,6,0.0,0.0,,,39.0796469355494,0.0040380949691,-27.1318634514376,0.0056390597522,0.213499414538,0.027430941952,0.0,0.0,0.0,0.0,0.0,0.0,0.0,0.0,0,0,0,9830f701-e739-44fb-886a-2259cc5d96f1,0,0,0
0,2,0.0,0.0,,,40.1054107106807,0.0043627610688,-26.9601886512853,0.00558881961,0.2124578245248,0.0315281621374,0.0,0.0,0.0,0.0,0.0,0.0,0.0,0.0,0,0,0,c2cd619a-c7e3-40fc-8ac7-878071a7a4b4,0,0,0
1,40,0.0,0.0,,,40.1081875930559,0.0044215565979,-26.7987709617282,0.0057574424736,0.293884804415,0.0312577461255,0.0,0.0,0.0,0.0,0.0,0.0,0.0,0.0,0,0,0,c0a6ba45-ae19-4000-ac71-ac73b68e9f51,0,0,0
0,10,0.0,0.0,,,38.606530076633,0.0018143095183,-27.3520786804561,0.002174217802,0.5391554682723,0.0270661027437,0.0,0.0,0.0,0.0,0.0,0.0,0.0,0.0,0,0,0,d3e9e244-4089-4d5a-8fd7-69eda08c817c,0,0,0
1,27,0.0,0.0,,,38.5789445413772,0.0017920689173,-27.2584629597326,0.0022950404935,0.5142650350935,0.0294574075728,0.0,0.0,0.0,0.0,0.0,0.0,0.0,0.0,0,0,0,1b8c43f5-d73b-4c7f-8ddb-9f629d25b7bd,0,0,0
0,12,0.0,0.0,,,42.8376328839464,0.0035174326819,-29.786438711313,0.0043149004251,0.5165425633036,0.0496100411962,0.0,0.0,0.0,0.0,0.0,0.0,0.0,0.0,0,0,0,adeef6d9-9c68-4642-8414-6be4750d8ca5,0,0,0
1,47,0.0,0.0,,,42.9228102222276,0.0033968648453,-29.6886628246987,0.0042434414752,0.5606246013429,0.0531992667422,0.0,0.0,0.0,0.0,0.0,0.0,0.0,0.0,0,0,0,b39f7cbb-9333-40f3-80c2-3d21064cc205,0,0,0
0,13,0.0,0.0,,,39.2493938066679,0.0010304377704,-28.4822119765379,0.0015129575334,1.0109698790796,0.0326702222456,0.0,0.0,0.0,0.0,0.0,0.0,0.0,0.0,0,0,0,eb6c32e0-8bf3-4c16-a5ec-1c97966fe1dc,0,0,0
1,48,0.0,0.0,,,39.3258894601056,0.0010694238923,-28.5561435693062,0.0015356599207,0.9911833080104,0.0297697674394,0.0,0.0,0.0,0.0,0.0,0.0,0.0,0.0,0,0,0,bc37b27d-c216-49a7-a21a-8ea238284e68,0,0,0
0,15,0.0,0.0,,,37.324607818541,0.0026822646421,-28.7661247597322,0.003392183348,0.3499057776826,0.0307393450009,0.0,0.0,0.0,0.0,0.0,0.0,0.0,0.0,0,0,0,60294c0b-fb50-4838-87d4-ab6445b8be3b,0,0,0
1,67,0.0,0.0,,,37.4121399715799,0.0027620781167,-28.8682739673423,0.0034576960549,0.4034532365018,0.0295562470919,0.0,0.0,0.0,0.0,0.0,0.0,0.0,0.0,0,0,0,20200225-b4d6-44f6-b38a-145a7bbbf975,0,0,0
0,26,0.0,0.0,,,40.8132042557603,0.0019156959149,-27.502433590623,0.0020321605092,0.7861676786199,0.0373509580769,0.0,0.0,0.0,0.0,0.0,0.0,0.0,0.0,0,0,0,e2ed163c-33fc-4d6d-a232-0aacb0898843,0,0,0
1,29,0.0,0.0,,,40.6920520304832,0.0019199620484,-27.5221423507074,0.0020017324034,0.830407899705,0.0385379008115,0.0,0.0,0.0,0.0,0.0,0.0,0.0,0.0,0,0,0,364a2897-27ec-4abc-bed8-ea2d9c0f64f9,0,0,0
0,40,0.0,0.0,,,37.9203807373475,0.0021773332826,-28.7215275453357,0.0025499577982,0.4483431168921,0.0292164130593,0.0,0.0,0.0,0.0,0.0,0.0,0.0,0.0,0,0,0,c8e320b3-c72a-4e23-9ee5-04829e3890ad,0,0,0
1,25,0.0,0.0,,,37.8524817301844,0.0021973829275,-28.6038278239236,0.0025449468965,0.4681881793858,0.0276990297485,0.0,0.0,0.0,0.0,0.0,0.0,0.0,0.0,0,0,0,537af64a-cd2c-439f-8e0b-30247d932dfb,0,0,0
0,52,0.0,0.0,,,41.9846096007851,0.0007654877067,-29.5057473297205,0.0008468593963,2.1892044139145,0.0417555065008,0.0,0.0,0.0,0.0,0.0,0.0,0.0,0.0,0,0,0,a97702ae-c2b6-488d-9f82-58107ee57bea,0,0,0
1,31,0.0,0.0,,,42.0475674258641,0.0007618933399,-29.4455141744234,0.0008392453667,2.3015952836291,0.043694938272,0.0,0.0,0.0,0.0,0.0,0.0,0.0,0.0,0,0,0,78e47c93-624d-45c3-b34b-cec113e0f8d6,0,0,0
0,55,0.0,0.0,,,37.6640026324771,0.0037257223839,-26.1355633433417,0.0037171910706,0.3372600208176,0.02816205264,0.0,0.0,0.0,0.0,0.0,0.0,0.0,0.0,0,0,0,a5e5da7d-9fbf-4b0e-974b-297f4f0e0fb9,0,0,0
1,9,0.0,0.0,,,37.7204482332781,0.0032981836988,-26.0211030673967,0.0035872292817,0.3396836485902,0.0235100796668,0.0,0.0,0.0,0.0,0.0,0.0,0.0,0.0,0,0,0,2499c6aa-3953-4a07-8e0b-352f75bcd270,0,0,0
0,56,0.0,0.0,,,38.7034280002561,0.0018580738136,-29.6483343513647,0.0019869616136,0.7096294819552,0.0311940431677,0.0,0.0,0.0,0.0,0.0,0.0,0.0,0.0,0,0,0,8e286a1b-b3e1-4fd3-9c0b-3dcd31bf8656,0,0,0
1,72,0.0,0.0,,,38.8335362736153,0.0018237558448,-29.5995550842307,0.0020054860953,0.6778759847742,0.0314718480936,0.0,0.0,0.0,0.0,0.0,0.0,0.0,0.0,0,0,0,60d9257d-ddf3-4caa-a5a8-da4dd78273aa,0,0,0
0,59,0.0,0.0,,,38.2847760598729,0.004304584848,-26.8812309924866,0.0061812978625,0.217437861331,0.0289384132439,0.0,0.0,0.0,0.0,0.0,0.0,0.0,0.0,0,0,0,bfe67996-4dde-45ef-857e-3ea13c52ea2a,0,0,0
1,4,0.0,0.0,,,38.1954900116917,0.0045048488052,-27.0455224023779,0.0061874972821,0.2239270701936,0.0285998619805,0.0,0.0,0.0,0.0,0.0,0.0,0.0,0.0,0,0,0,39238b1c-f33d-49a0-bcaf-09b582d8d7c0,0,0,0
0,64,0.0,0.0,,,42.854930309517,0.0019069636311,-26.1692775053102,0.0022457332726,0.9384905695413,0.0506050152427,0.0,0.0,0.0,0.0,0.0,0.0,0.0,0.0,0,0,0,80b261e6-7683-406c-ad31-5dae03d8e483,0,0,0
1,30,0.0,0.0,,,42.8999967054414,0.0018810588738,-26.0896794175485,0.0021553286504,0.9383100531436,0.0516328097329,0.0,0.0,0.0,0.0,0.0,0.0,0.0,0.0,0,0,0,983c3103-8912-4599-8f62-d84dbd408395,0,0,0
0,79,0.0,0.0,,,37.9128697178826,0.0023952859993,-28.1641735836155,0.0026262786472,0.4274998325362,0.0279740969042,0.0,0.0,0.0,0.0,0.0,0.0,0.0,0.0,0,0,0,038ae6b0-dba3-4a8e-be4e-5d3889a1e593,0,0,0
1,78,0.0,0.0,,,37.8588534459148,0.002391860345,-28.2543021490453,0.0027459579529,0.3840295997583,0.0305862086346,0.0,0.0,0.0,0.0,0.0,0.0,0.0,0.0,0,0,0,698ca55f-e0aa-4ca4-a245-4f548ba0ce99,0,0,0
0,99,0.0,0.0,,,40.852897975698,0.0011924590507,-29.6180817364284,0.0013834432716,1.0639105072521,0.0381675643962,0.0,0.0,0.0,0.0,0.0,0.0,0.0,0.0,0,0,0,252514b1-3022-4be0-8c4c-f5ca55001697,0,0,0
1,50,0.0,0.0,,,40.9724663510005,0.0011483213987,-29.6045990050848,0.0014232657573,1.1336928973677,0.0380942320027,0.0,0.0,0.0,0.0,0.0,0.0,0.0,0.0,0,0,0,76b5a26d-f5cb-459e-bd49-e678358f2a5b,0,0,0
0,23,0.0,0.0,,,40.4226418881255,0.0018615522464,-28.6424672504199,0.0021806050501,0.5303065770733,0.0403861533334,0.0,0.0,0.0,0.0,0.0,0.0,0.0,0.0,0,0,0,e0267eeb-400a-4b2b-a262-70a43ec82d99,0,0,0
1,15,0.0,0.0,,,40.4227096673797,0.0018114346032,-28.6067759405767,0.0021757472992,0.4644922531136,0.0355143209665,0.0,0.0,0.0,0.0,0.0,0.0,0.0,0.0,0,0,0,0624dae8-b709-49eb-a184-3124dfb91ca3,0,0,0
0,24,0.0,0.0,,,38.695695777156,0.007768147871,-27.0627050532365,0.0063985387979,0.1998199258342,0.0285491653884,0.0,0.0,0.0,0.0,0.0,0.0,0.0,0.0,0,0,0,b837c2bd-b640-4db3-9202-f7cdd97c43e4,0,0,0
1,63,0.0,0.0,,,38.6686859084268,0.0077707024236,-27.0777333845878,0.0066510268227,0.1873511390748,0.0279586418267,0.0,0.0,0.0,0.0,0.0,0.0,0.0,0.0,0,0,0,208e3c40-9c2e-47f3-8091-f3d97117e877,0,0,0
0,53,0.0,0.0,,,37.7026887784967,0.0056975637458,-27.0385147034779,0.0081373754907,0.1299474019033,0.0289350586229,0.0,0.0,0.0,0.0,0.0,0.0,0.0,0.0,0,0,0,09c24d30-4cdd-4582-a093-01b819989453,0,0,0
1,75,0.0,0.0,,,37.6603763009697,0.0058553755877,-26.9742565907852,0.0072671525907,0.1826559406796,0.0250023079335,0.0,0.0,0.0,0.0,0.0,0.0,0.0,0.0,0,0,0,43660749-704f-4995-843d-36bc680b8cd7,0,0,0
0,67,0.0,0.0,,,37.6607171609663,0.0054871394746,-27.2029929013959,0.0079141090647,0.1157221163218,0.0265734742856,0.0,0.0,0.0,0.0,0.0,0.0,0.0,0.0,0,0,0,d228ca6c-be50-4006-b8f5-fe12bd271abe,0,0,0
1,5,0.0,0.0,,,37.6435593865733,0.0059746566895,-27.1506199502919,0.0078470361891,0.1694129126304,0.0256217314022,0.0,0.0,0.0,0.0,0.0,0.0,0.0,0.0,0,0,0,7fcd3cf6-6179-4ded-abc8-3cc69563e7d6,0,0,0
0,68,0.0,0.0,,,38.5267981379276,0.0065668664337,-26.9775152116885,0.0076629819342,0.1603699027351,0.0276429219369,0.0,0.0,0.0,0.0,0.0,0.0,0.0,0.0,0,0,0,91740aad-ff5f-444f-a391-1b647e1e1e43,0,0,0
1,42,0.0,0.0,,,38.5833715586623,0.0066066912727,-26.9925830789595,0.0076507451239,0.2199748925839,0.0273228935322,0.0,0.0,0.0,0.0,0.0,0.0,0.0,0.0,0,0,0,a92b5787-b0c1-4a04-ab19-88555f9ee055,0,0,0
0,20,0.0,0.0,,,37.7939500859014,0.000839518981,-26.8319872833675,0.0010513385854,1.061660657134,0.0292543910481,0.0,0.0,0.0,0.0,0.0,0.0,0.0,0.0,0,0,0,351106e2-3afe-450c-937e-426d84dd7c65,0,0,0
1,83,0.0,0.0,,,37.7634722323073,0.0008118202043,-26.9397816813856,0.0010995648134,1.0583376944531,0.0292736509188,0.0,0.0,0.0,0.0,0.0,0.0,0.0,0.0,0,0,0,944ccf51-1cdb-47db-b8d7-e2dc6aea5f05,0,0,0
0,47,0.0,0.0,,,37.074583986374,0.0004720327743,-29.0491627244383,0.0005977438313,1.8966438989967,0.0281444430869,0.0,0.0,0.0,0.0,0.0,0.0,0.0,0.0,0,0,0,9bfc788b-da24-4801-b6d3-9342dfa9f79d,0,0,0
1,84,0.0,0.0,,,36.995835720964,0.0004735536767,-29.1049966104304,0.0006036531535,1.9285762003144,0.0276487374414,0.0,0.0,0.0,0.0,0.0,0.0,0.0,0.0,0,0,0,b85140c7-35f3-4fbc-b0e1-c863671b5869,0,0,0
0,69,0.0,0.0,,,40.5672487698897,0.0008303035788,-27.966447782434,0.0009492243819,1.5593297452747,0.0341275391974,0.0,0.0,0.0,0.0,0.0,0.0,0.0,0.0,0,0,0,41c779a3-1d48-4f6a-8e75-2fe717313fcd,0,0,0
1,28,0.0,0.0,,,40.5468928169232,0.000823308156,-27.8555438000871,0.0009944304615,1.5220634295098,0.0373331135869,0.0,0.0,0.0,0.0,0.0,0.0,0.0,0.0,0,0,0,6d59a8e0-1e3a-4dc6-a203-e4fafa418433,0,0,0
0,92,0.0,0.0,,,39.6972862959448,0.0043483237754,-27.8366705563808,0.0054586089297,0.3375812935567,0.0312268061961,0.0,0.0,0.0,0.0,0.0,0.0,0.0,0.0,0,0,0,26629626-d767-4622-a7f7-107b7716dca2,0,0,0
1,41,0.0,0.0,,,39.6577554583396,0.0042002613145,-27.8310650087128,0.0054859735571,0.2948621877339,0.0317528000663,0.0,0.0,0.0,0.0,0.0,0.0,0.0,0.0,0,0,0,b9905002-a802-49f3-a1a7-7f4ed48ad67e,0,0,0
0,62,0.0,0.0,,,39.5461103655797,0.0030031616491,-27.9188389504004,0.0035238141864,0.3735173367228,0.0313089198253,0.0,0.0,0.0,0.0,0.0,0.0,0.0,0.0,0,0,0,a645704b-a878-47dc-b4d3-4b8212e89ce4,0,0,0
1,22,0.0,0.0,,,39.6545199366505,0.003152960904,-27.8619542190547,0.0033923786613,0.3010830237408,0.0293884636627,0.0,0.0,0.0,0.0,0.0,0.0,0.0,0.0,0,0,0,9c494fc3-73ad-45d8-9583-284e5b8eaaee,0,0,0
