island,source,background,local_rms,ra_str,dec_str,ra,err_ra,dec,err_dec,peak_flux,err_peak_flux,int_flux,err_int_flux,a,err_a,b,err_b,pa,err_pa,flags,residual_mean,residual_std,uuid,psf_a,psf_b,psf_pa
0,23,0.0,0.0,,,40.4226418881255,0.0018615522464,-28.6424672504199,0.0021806050501,0.5303065770733,0.0403861533334,0.0,0.0,0.0,0.0,0.0,0.0,0.0,0.0,0,0,0,e0267eeb-400a-4b2b-a262-70a43ec82d99,0,0,0
1,15,0.0,0.0,,,40.4227096673797,0.0018114346032,-28.6067759405767,0.0021757472992,0.4644922531136,0.0355143209665,0.0,0.0,0.0,0.0,0.0,0.0,0.0,0.0,0,0,0,0624dae8-b709-49eb-a184-3124dfb91ca3,0,0,0
0,24,0.0,0.0,,,38.695695777156,0.007768147871,-27.0627050532365,0.0063985387979,0.1998199258342,0.0285491653884,0.0,0.0,0.0,0.0,0.0,0.0,0.0,0.0,0,0,0,b837c2bd-b640-4db3-9202-f7cdd97c43e4,0,0,0
1,63,0.0,0.0,,,38.6686859084268,0.0077707024236,-27.0777333845878,0.0066510268227,0.1873511390748,0.0279586418267,0.0,0.0,0.0,0.0,0.0,0.0,0.0,0.0,0,0,0,208e3c40-9c2e-47f3-8091-f3d97117e877,0,0,0
0,53,0.0,0.0,,,37.7026887784967,0.0056975637458,-27.0385147034779,0.0081373754907,0.1299474019033,0.0289350586229,0.0,0.0,0.0,0.0,0.0,0.0,0.0,0.0,0,0,0,09c24d30-4cdd-4582-a093-01b819989453,0,0,0
1,75,0.0,0.0,,,37.6603763009697,0.0058553755877,-26.9742565907852,0.0072671525907,0.1826559406796,0.0250023079335,0.0,0.0,0.0,0.0,0.0,0.0,0.0,0.0,0,0,0,43660749-704f-4995-843d-36bc680b8cd7,0,0,0
0,67,0.0,0.0,,,37.6607171609663,0.0054871394746,-27.2029929013959,0.0079141090647,0.1157221163218,0.0265734742856,0.0,0.0,0.0,0.0,0.0,0.0,0.0,0.0,0,0,0,d228ca6c-be50-4006-b8f5-fe12bd271abe,0,0,0
1,5,0.0,0.0,,,37.6435593865733,0.0059746566895,-27.1506199502919,0.0078470361891,0.1694129126304,0.0256217314022,0.0,0.0,0.0,0.0,0.0,0.0,0.0,0.0,0,0,0,7fcd3cf6-6179-4ded-abc8-3cc69563e7d6,0,0,0
0,68,0.0,0.0,,,38.5267981379276,0.0065668664337,-26.9775152116885,0.0076629819342,0.1603699027351,0.0276429219369,0.0,0.0,0.0,0.0,0.0,0.0,0.0,0.0,0,0,0,91740aad-ff5f-444f-a391-1b647e1e1e43,0,0,0
1,42,0.0,0.0,,,38.5833715586623,0.0066066912727,-26.9925830789595,0.0076507451239,0.2199748925839,0.0273228935322,0.0,0.0,0.0,0.0,0.0,0.0,0.0,0.0,0,0,0,a92b5787-b0c1-4a04-ab19-88555f9ee055,0,0,0
