island,source,background,local_rms,ra_str,dec_str,ra,err_ra,dec,err_dec,peak_flux,err_peak_flux,int_flux,err_int_flux,a,err_a,b,err_b,pa,err_pa,flags,residual_mean,residual_std,uuid,psf_a,psf_b,psf_pa
0,2,0.0,0.0,,,40.1054107106807,0.0043627610688,-26.9601886512853,0.00558881961,0.2124578245248,0.0315281621374,0.0,0.0,0.0,0.0,0.0,0.0,0.0,0.0,0,0,0,4be7262e-7acf-4b91-8c64-2361e038f15e,0,0,0
1,40,0.0,0.0,,,40.1081875930559,0.0044215565979,-26.7987709617282,0.0057574424736,0.293884804415,0.0312577461255,0.0,0.0,0.0,0.0,0.0,0.0,0.0,0.0,0,0,0,5a70063c-83b8-47c7-ab2d-5a1efdb02014,0,0,0
0,10,0.0,0.0,,,38.606530076633,0.0018143095183,-27.3520786804561,0.002174217802,0.5391554682723,0.0270661027437,0.0,0.0,0.0,0.0,0.0,0.0,0.0,0.0,0,0,0,5f776010-e9a7-492c-9503-2c0db2dff6ae,0,0,0
1,27,0.0,0.0,,,38.5789445413772,0.0017920689173,-27.2584629597326,0.0022950404935,0.5142650350935,0.0294574075728,0.0,0.0,0.0,0.0,0.0,0.0,0.0,0.0,0,0,0,e701aab9-db37-4b65-8bc3-65c8944b29c7,0,0,0
0,12,0.0,0.0,,,42.8376328839464,0.0035174326819,-29.786438711313,0.0043149004251,0.5165425633036,0.0496100411962,0.0,0.0,0.0,0.0,0.0,0.0,0.0,0.0,0,0,0,7bef6709-dc61-4a77-8f59-6e5089a87d5f,0,0,0
1,47,0.0,0.0,,,42.9228102222276,0.0033968648453,-29.6886628246987,0.0042434414752,0.5606246013429,0.0531992667422,0.0,0.0,0.0,0.0,0.0,0.0,0.0,0.0,0,0,0,b622bbc7-d747-4328-8bd5-7ad432a20bca,0,0,0
0,13,0.0,0.0,,,39.2493938066679,0.0010304377704,-28.4822119765379,0.0015129575334,1.0109698790796,0.0326702222456,0.0,0.0,0.0,0.0,0.0,0.0,0.0,0.0,0,0,0,b9baeed0-17d1-40c7-ae8d-be4fc08ee170,0,0,0
1,48,0.0,0.0,,,39.3258894601056,0.0010694238923,-28.5561435693062,0.0015356599207,0.9911833080104,0.0297697674394,0.0,0.0,0.0,0.0,0.0,0.0,0.0,0.0,0,0,0,4e993464-fd7b-40c7-bc1a-d3d41e7ae2cb,0,0,0
0,15,0.0,0.0,,,37.324607818541,0.0026822646421,-28.7661247597322,0.003392183348,0.3499057776826,0.0307393450009,0.0,0.0,0.0,0.0,0.0,0.0,0.0,0.0,0,0,0,32bb9f85-8861-4526-873f-d352186948a4,0,0,0
1,67,0.0,0.0,,,37.4121399715799,0.0027620781167,-28.8682739673423,0.0034576960549,0.4034532365018,0.0295562470919,0.0,0.0,0.0,0.0,0.0,0.0,0.0,0.0,0,0,0,8660f587-1207-4514-902f-80bcb15e14ed,0,0,0
0,26,0.0,0.0,,,40.8132042557603,0.0019156959149,-27.502433590623,0.0020321605092,0.7861676786199,0.0373509580769,0.0,0.0,0.0,0.0,0.0,0.0,0.0,0.0,0,0,0,935b3503-6765-497b-a21e-fff9736d92c9,0,0,0
1,29,0.0,0.0,,,40.6920520304832,0.0019199620484,-27.5221423507074,0.0020017324034,0.830407899705,0.0385379008115,0.0,0.0,0.0,0.0,0.0,0.0,0.0,0.0,0,0,0,8359e8b5-7f95-4c8e-9e31-d80629b5b57b,0,0,0
0,40,0.0,0.0,,,37.9203807373475,0.0021773332826,-28.7215275453357,0.0025499577982,0.4483431168921,0.0292164130593,0.0,0.0,0.0,0.0,0.0,0.0,0.0,0.0,0,0,0,cb96f2b7-a41e-4147-8245-c1672b1c092b,0,0,0
1,25,0.0,0.0,,,37.8524817301844,0.0021973829275,-28.6038278239236,0.0025449468965,0.4681881793858,0.0276990297485,0.0,0.0,0.0,0.0,0.0,0.0,0.0,0.0,0,0,0,cf90df96-c3be-4adc-8998-46d53f651ef0,0,0,0
0,52,0.0,0.0,,,41.9846096007851,0.0007654877067,-29.5057473297205,0.0008468593963,2.1892044139145,0.0417555065008,0.0,0.0,0.0,0.0,0.0,0.0,0.0,0.0,0,0,0,163d188f-a3f9-4df3-9220-09616c753d03,0,0,0
1,31,0.0,0.0,,,42.0475674258641,0.0007618933399,-29.4455141744234,0.0008392453667,2.3015952836291,0.043694938272,0.0,0.0,0.0,0.0,0.0,0.0,0.0,0.0,0,0,0,05d7e44f-146c-41d6-ba8a-96ad19b1a8f4,0,0,0
0,55,0.0,0.0,,,37.6640026324771,0.0037257223839,-26.1355633433417,0.0037171910706,0.3372600208176,0.02816205264,0.0,0.0,0.0,0.0,0.0,0.0,0.0,0.0,0,0,0,8d9ea1a3-a835-4aa9-9db5-a7d7ff185051,0,0,0
1,9,0.0,0.0,,,37.7204482332781,0.0032981836988,-26.0211030673967,0.0035872292817,0.3396836485902,0.0235100796668,0.0,0.0,0.0,0.0,0.0,0.0,0.0,0.0,0,0,0,41203f04-2d57-45fd-b316-d2f2471ba986,0,0,0
0,56,0.0,0.0,,,38.7034280002561,0.0018580738136,-29.6483343513647,0.0019869616136,0.7096294819552,0.0311940431677,0.0,0.0,0.0,0.0,0.0,0.0,0.0,0.0,0,0,0,adb90560-9455-4959-a8d6-73823b5125a0,0,0,0
1,72,0.0,0.0,,,38.8335362736153,0.0018237558448,-29.5995550842307,0.0020054860953,0.6778759847742,0.0314718480936,0.0,0.0,0.0,0.0,0.0,0.0,0.0,0.0,0,0,0,d7eb792e-f37a-4e01-9fa1-0540cc00dd38,0,0,0
0,59,0.0,0.0,,,38.2847760598729,0.004304584848,-26.8812309924866,0.0061812978625,0.217437861331,0.0289384132439,0.0,0.0,0.0,0.0,0.0,0.0,0.0,0.0,0,0,0,01d5bd82-999e-4fa9-80f6-b7f63e82db8b,0,0,0
1,4,0.0,0.0,,,38.1954900116917,0.0045048488052,-27.0455224023779,0.0061874972821,0.2239270701936,0.0285998619805,0.0,0.0,0.0,0.0,0.0,0.0,0.0,0.0,0,0,0,4f82daf9-559b-4bd6-96b3-7852ab082493,0,0,0
0,64,0.0,0.0,,,42.854930309517,0.0019069636311,-26.1692775053102,0.0022457332726,0.9384905695413,0.0506050152427,0.0,0.0,0.0,0.0,0.0,0.0,0.0,0.0,0,0,0,539d5f3b-1b9e-45ee-aff8-d0c78eec6870,0,0,0
1,30,0.0,0.0,,,42.8999967054414,0.0018810588738,-26.0896794175485,0.0021553286504,0.9383100531436,0.0516328097329,0.0,0.0,0.0,0.0,0.0,0.0,0.0,0.0,0,0,0,34f0a4f9-d558-4d80-8f28-f883bae58216,0,0,0
0,79,0.0,0.0,,,37.9128697178826,0.0023952859993,-28.1641735836155,0.0026262786472,0.4274998325362,0.0279740969042,0.0,0.0,0.0,0.0,0.0,0.0,0.0,0.0,0,0,0,855f4ad7-3550-49c6-86a2-0fe36bb97eee,0,0,0
1,78,0.0,0.0,,,37.8588534459148,0.002391860345,-28.2543021490453,0.0027459579529,0.3840295997583,0.0305862086346,0.0,0.0,0.0,0.0,0.0,0.0,0.0,0.0,0,0,0,3f5b2fab-7956-4c90-ad12-59b0afe6a2c9,0,0,0
0,99,0.0,0.0,,,40.852897975698,0.0011924590507,-29.6180817364284,0.0013834432716,1.0639105072521,0.0381675643962,0.0,0.0,0.0,0.0,0.0,0.0,0.0,0.0,0,0,0,98e665de-9ae1-42e6-8f18-7ed6befe4b90,0,0,0
1,50,0.0,0.0,,,40.9724663510005,0.0011483213987,-29.6045990050848,0.0014232657573,1.1336928973677,0.0380942320027,0.0,0.0,0.0,0.0,0.0,0.0,0.0,0.0,0,0,0,aed2711a-fb97-4402-8049-cb2e3a3a0bbd,0,0,0
