island,source,background,local_rms,ra_str,dec_str,ra,err_ra,dec,err_dec,peak_flux,err_peak_flux,int_flux,err_int_flux,a,err_a,b,err_b,pa,err_pa,flags,residual_mean,residual_std,uuid,psf_a,psf_b,psf_pa
0,8,0.0,0.0,,,41.2183363548835,0.0029971564943,-28.7356490444383,0.004134715942,0.4087548706721,0.0397951750173,0.0,0.0,0.0,0.0,0.0,0.0,0.0,0.0,0,0,0,e8a58654-a558-470c-9e28-c9aa5dfc9cad,0,0,0
1,94,0.0,0.0,,,41.2461217129166,0.0032731411255,-28.6825801789222,0.0041432918985,0.433833230498,0.0405404958517,0.0,0.0,0.0,0.0,0.0,0.0,0.0,0.0,0,0,0,5b5cdc2c-a0d7-4df3-99b3-e0844b3f3701,0,0,0
2,17,0.0,0.0,,,41.1820111141386,0.0030389817196,-28.6601066303748,0.0041517035475,0.5083299419133,0.043137333375,0.0,0.0,0.0,0.0,0.0,0.0,0.0,0.0,0,0,0,27e507cc-fcb8-47b6-bda2-5481a59bcefb,0,0,0
3,38,0.0,0.0,,,41.2384375133221,0.003004169412,-28.6721011362536,0.0039553745231,0.4571233580096,0.0420155494753,0.0,0.0,0.0,0.0,0.0,0.0,0.0,0.0,0,0,0,ab08bfb4-492f-421a-87d8-e58aef16e116,0,0,0
4,0,0.0,0.0,,,41.2977555399434,0.0030739034195,-28.6490055102763,0.0041016249272,0.5197833439543,0.0416119782716,0.0,0.0,0.0,0.0,0.0,0.0,0.0,0.0,0,0,0,9da1babb-697e-4685-b513-aecb56c60e23,0,0,0
5,10,0.0,0.0,,,41.2602440964197,0.0031390039981,-28.5814958629814,0.0039202802279,0.349938482937,0.0420789002843,0.0,0.0,0.0,0.0,0.0,0.0,0.0,0.0,0,0,0,95e66658-b33a-4b73-9855-30a2812b3427,0,0,0
6,97,0.0,0.0,,,41.2900091728891,0.003037073077,-28.6474043558786,0.0041189889044,0.4173292083339,0.0417628852056,0.0,0.0,0.0,0.0,0.0,0.0,0.0,0.0,0,0,0,2156101e-e6a2-4751-8be6-cdaf5ccf3ade,0,0,0
7,72,0.0,0.0,,,41.2273514533205,0.0029245602426,-28.6511056170666,0.0040438570607,0.4287967921248,0.04398528843,0.0,0.0,0.0,0.0,0.0,0.0,0.0,0.0,0,0,0,d8b479fd-715d-4bba-a004-b8c7525179e4,0,0,0
8,15,0.0,0.0,,,41.2109724776821,0.0029719810482,-28.6593653052422,0.0041784136903,0.4610667791491,0.0361310863898,0.0,0.0,0.0,0.0,0.0,0.0,0.0,0.0,0,0,0,067a0b0d-b343-4deb-acb1-8dcb7acf1894,0,0,0
9,31,0.0,0.0,,,41.1454575666721,0.0031172288814,-28.6797839978405,0.0039997518308,0.3988246233796,0.0409157514925,0.0,0.0,0.0,0.0,0.0,0.0,0.0,0.0,0,0,0,f3d6da13-6908-40c0-89df-13f6b3215a52,0,0,0
10,3,0.0,0.0,,,41.2520099394734,0.0028889735146,-28.6761247691734,0.0040186916502,0.3891428269037,0.0382793713273,0.0,0.0,0.0,0.0,0.0,0.0,0.0,0.0,0,0,0,0b6c1c24-bb4c-497a-a3a7-0684bfc598ad,0,0,0
11,80,0.0,0.0,,,41.2583860411518,0.002933524887,-28.6825830991656,0.0042149336789,0.4142159339196,0.0364712365125,0.0,0.0,0.0,0.0,0.0,0.0,0.0,0.0,0,0,0,2c31f899-3303-47ba-add8-03587a58f218,0,0,0
12,27,0.0,0.0,,,41.2122285972144,0.0030078901073,-28.7101509976615,0.0039080181654,0.5723239157901,0.0404751442487,0.0,0.0,0.0,0.0,0.0,0.0,0.0,0.0,0,0,0,d4f1caa9-b665-47e3-b112-8b066f7914ba,0,0,0
13,17,0.0,0.0,,,41.2965304368583,0.0030572103005,-28.6843252338581,0.0042495114969,0.5129539211585,0.0410619533296,0.0,0.0,0.0,0.0,0.0,0.0,0.0,0.0,0,0,0,73b88ea3-f270-490a-ab6a-a844d5fd8ae4,0,0,0
14,10,0.0,0.0,,,41.2492708460783,0.0029936226758,-28.6555649588426,0.0041309572601,0.4700659835273,0.0409090082602,0.0,0.0,0.0,0.0,0.0,0.0,0.0,0.0,0,0,0,c72b0567-c765-4e11-a059-d160c310d8b9,0,0,0
15,80,0.0,0.0,,,41.2423323435021,0.0030578832814,-28.62280783284,0.0042904788151,0.3551969449433,0.0346220891691,0.0,0.0,0.0,0.0,0.0,0.0,0.0,0.0,0,0,0,9b362d7b-ad94-46ab-bbde-3805115ff754,0,0,0
16,22,0.0,0.0,,,41.2850556195943,0.0031899313341,-28.6695401329347,0.0042904065607,0.4474942968294,0.0384766011127,0.0,0.0,0.0,0.0,0.0,0.0,0.0,0.0,0,0,0,83f35c61-3ea7-42e3-8d85-f6defd5d6d46,0,0,0
17,31,0.0,0.0,,,41.2610035622745,0.0029910913947,-28.6894808490085,0.0040321618803,0.5150044533144,0.0451985600659,0.0,0.0,0.0,0.0,0.0,0.0,0.0,0.0,0,0,0,aaa9f179-05dc-483d-b0c6-be7bfe1b89b7,0,0,0
18,44,0.0,0.0,,,41.2064114083054,0.0029761526506,-28.6793384814883,0.0042267005848,0.3439668235838,0.0412185535405,0.0,0.0,0.0,0.0,0.0,0.0,0.0,0.0,0,0,0,aea188a6-594e-4dc7-9437-3b6076575615,0,0,0
19,61,0.0,0.0,,,41.3091486636064,0.0030636332537,-28.6917861788043,0.0042638077445,0.4472155671119,0.0405552006868,0.0,0.0,0.0,0.0,0.0,0.0,0.0,0.0,0,0,0,9845123f-ee6d-4835-af86-5eca1401f15b,0,0,0
20,6,0.0,0.0,,,41.2043740135196,0.0029418441953,-28.6966630167506,0.0041362832459,0.4692464399641,0.0424250581447,0.0,0.0,0.0,0.0,0.0,0.0,0.0,0.0,0,0,0,79e1040b-4f1c-494c-84c1-aa644e7972f4,0,0,0
21,74,0.0,0.0,,,41.2761409168662,0.003077496833,-28.7049488078702,0.0040364066723,0.4380965089582,0.0414855297779,0.0,0.0,0.0,0.0,0.0,0.0,0.0,0.0,0,0,0,bc923f0f-3f24-4f01-b993-4c800c26e4c3,0,0,0
22,55,0.0,0.0,,,41.1829908445201,0.0030285624314,-28.6901935896139,0.0042440441492,0.4579578228777,0.0400031325435,0.0,0.0,0.0,0.0,0.0,0.0,0.0,0.0,0,0,0,ed0fea50-ff4e-49f6-aadd-8c1805f3b507,0,0,0
23,91,0.0,0.0,,,41.2385711500856,0.0030944102997,-28.7635021729756,0.0042198120895,0.4143516574369,0.0402884612129,0.0,0.0,0.0,0.0,0.0,0.0,0.0,0.0,0,0,0,7112dc36-0932-4dde-9689-e65b9c698081,0,0,0
24,5,0.0,0.0,,,41.2356216520949,0.0030682885822,-28.5896935712036,0.0041032697159,0.4369846072489,0.0369294400304,0.0,0.0,0.0,0.0,0.0,0.0,0.0,0.0,0,0,0,dc8c06f9-336f-4c97-8492-e182d84f4254,0,0,0
0,14,0.0,0.0,,,39.7107999067913,0.0020157027135,-27.5700056467824,0.002365496761,0.5345021810405,0.0297738476949,0.0,0.0,0.0,0.0,0.0,0.0,0.0,0.0,0,0,0,1e9c4464-a5ce-413a-aed1-4db38ac1f548,0,0,0
1,36,0.0,0.0,,,39.7585837396243,0.0019605796403,-27.5406961437788,0.0023995216953,0.5078749405147,0.0315188014655,0.0,0.0,0.0,0.0,0.0,0.0,0.0,0.0,0,0,0,cc6abb7d-1a94-45c4-ae6a-d1ee82e564cc,0,0,0
2,52,0.0,0.0,,,39.7503113462507,0.0020069609069,-27.6198566804481,0.0022996755417,0.5709046874955,0.0330786017616,0.0,0.0,0.0,0.0,0.0,0.0,0.0,0.0,0,0,0,8ef61eff-a66d-4f93-a4a8-a4e993a0ff2b,0,0,0
3,85,0.0,0.0,,,39.7320171758104,0.001992356621,-27.5371554780963,0.0024451115806,0.5380033233981,0.0337619518459,0.0,0.0,0.0,0.0,0.0,0.0,0.0,0.0,0,0,0,c9f40052-ae0a-47d2-96a4-935f1f1e8d96,0,0,0
4,26,0.0,0.0,,,39.6651864435106,0.0020633050419,-27.537812875648,0.0022676090098,0.5108568355698,0.0343545002311,0.0,0.0,0.0,0.0,0.0,0.0,0.0,0.0,0,0,0,050d2578-feeb-4417-a624-fdb8d6ca08e5,0,0,0
5,59,0.0,0.0,,,39.7724263842824,0.0019412111751,-27.5863415142715,0.0023253707221,0.553046050832,0.030410155283,0.0,0.0,0.0,0.0,0.0,0.0,0.0,0.0,0,0,0,b7c8a2a8-4c2d-4a43-8073-b314c7353ef0,0,0,0
6,53,0.0,0.0,,,39.7604554299952,0.0019964750261,-27.5189502305895,0.0023616004073,0.5226644979971,0.0286143478545,0.0,0.0,0.0,0.0,0.0,0.0,0.0,0.0,0,0,0,103bc78a-08bd-46b6-97cc-d9b557e9979f,0,0,0
7,21,0.0,0.0,,,39.7053278725435,0.0020699397457,-27.6217549009453,0.002320814004,0.5854472171448,0.0325525770128,0.0,0.0,0.0,0.0,0.0,0.0,0.0,0.0,0,0,0,f7eb0117-ac5e-4856-8c74-863d99211791,0,0,0
8,7,0.0,0.0,,,39.718239697777,0.0019963390763,-27.6202023680879,0.0023072719654,0.5081497057446,0.0318765543046,0.0,0.0,0.0,0.0,0.0,0.0,0.0,0.0,0,0,0,12e91b10-9b34-4c5b-82e3-831a50bb5e96,0,0,0
9,19,0.0,0.0,,,39.7698770640336,0.002132562913,-27.5547936609008,0.0022695151143,0.4957152464942,0.032145739582,0.0,0.0,0.0,0.0,0.0,0.0,0.0,0.0,0,0,0,9dc2cb40-b105-4661-a053-0c8afef16d6d,0,0,0
10,5,0.0,0.0,,,39.7842106637471,0.0020309985001,-27.5452944474528,0.0023849406608,0.5291065163407,0.0315619039603,0.0,0.0,0.0,0.0,0.0,0.0,0.0,0.0,0,0,0,1b22f118-9450-4d40-8d4e-acde3e444a95,0,0,0
11,77,0.0,0.0,,,39.7117909814232,0.0020027412689,-27.60440453912,0.002389133968,0.4748764494827,0.0311144500005,0.0,0.0,0.0,0.0,0.0,0.0,0.0,0.0,0,0,0,7e601521-917f-49d9-bc60-ad0e22e8cfa9,0,0,0
12,76,0.0,0.0,,,39.7533287773252,0.0020467556104,-27.57410102559,0.0024487948975,0.464968882672,0.0290957098522,0.0,0.0,0.0,0.0,0.0,0.0,0.0,0.0,0,0,0,fb70ded4-978f-4b56-8b8e-198147b8736f,0,0,0
13,61,0.0,0.0,,,39.7569087127407,0.0020467378864,-27.5967701536568,0.0023735947357,0.5555697169416,0.0290299725622,0.0,0.0,0.0,0.0,0.0,0.0,0.0,0.0,0,0,0,7f489737-a678-4cb6-9204-695f8cf2275e,0,0,0
14,46,0.0,0.0,,,39.7896202977446,0.0020009196066,-27.5550895194144,0.0024026433831,0.5197981534433,0.0323391728117,0.0,0.0,0.0,0.0,0.0,0.0,0.0,0.0,0,0,0,2d5a1136-5ea6-4200-b986-31b888f74552,0,0,0
15,12,0.0,0.0,,,39.7421722278684,0.0020594172897,-27.5240571090555,0.0023651233699,0.5571028794498,0.0287411834057,0.0,0.0,0.0,0.0,0.0,0.0,0.0,0.0,0,0,0,873c3e92-0782-415b-82e5-fceed0b0fb07,0,0,0
16,87,0.0,0.0,,,39.8105877200759,0.0020497784829,-27.589631194541,0.002440562119,0.5225019673771,0.0333473104603,0.0,0.0,0.0,0.0,0.0,0.0,0.0,0.0,0,0,0,1615a453-2215-4be5-b340-579b7dfa6402,0,0,0
17,96,0.0,0.0,,,39.7621509922268,0.0019962225185,-27.5372165575003,0.0024402215694,0.488291312114,0.0312417148486,0.0,0.0,0.0,0.0,0.0,0.0,0.0,0.0,0,0,0,a700dd7c-1c5e-4c4f-bb68-b3849377b0d7,0,0,0
18,91,0.0,0.0,,,39.77199304768,0.00202618447,-27.5834897032042,0.0023590008722,0.5471605793256,0.0307025782293,0.0,0.0,0.0,0.0,0.0,0.0,0.0,0.0,0,0,0,095e8f26-487e-44ad-9eaa-5d4248899b14,0,0,0
19,72,0.0,0.0,,,39.8001926110305,0.0019789218824,-27.5667653539125,0.0024849841507,0.5291368001298,0.0311589085965,0.0,0.0,0.0,0.0,0.0,0.0,0.0,0.0,0,0,0,03c60bae-0007-4688-9e84-6eaa09ed1063,0,0,0
20,29,0.0,0.0,,,39.6886644162193,0.0020033904477,-27.6013615075455,0.0024469955876,0.5777158417922,0.0304793241974,0.0,0.0,0.0,0.0,0.0,0.0,0.0,0.0,0,0,0,7c060cff-036b-40c3-b0e6-454ce913d727,0,0,0
21,7,0.0,0.0,,,39.7468646920417,0.0020878053248,-27.5665051414856,0.0023571121426,0.5042082349742,0.028205533937,0.0,0.0,0.0,0.0,0.0,0.0,0.0,0.0,0,0,0,8023a3ed-61bd-47f9-941d-497cac99bf64,0,0,0
22,33,0.0,0.0,,,39.792063047943,0.0020984936867,-27.5140871149232,0.0022417761176,0.5257287864565,0.0337252332679,0.0,0.0,0.0,0.0,0.0,0.0,0.0,0.0,0,0,0,570dc445-c483-4bcb-b9a9-1fbe558a7228,0,0,0
23,2,0.0,0.0,,,39.7572289432887,0.0019494194593,-27.5739590401896,0.002344105797,0.5409485423974,0.0291959837452,0.0,0.0,0.0,0.0,0.0,0.0,0.0,0.0,0,0,0,539a7648-117d-4c31-ab19-273cb67b5b4f,0,0,0
24,59,0.0,0.0,,,39.6519019985601,0.0020938349871,-27.5980248332532,0.0023530812111,0.5140713858403,0.032503304025,0.0,0.0,0.0,0.0,0.0,0.0,0.0,0.0,0,0,0,a756783a-76ae-4579-b48b-618df0e1e117,0,0,0
0,17,0.0,0.0,,,41.5012701103014,0.0036962635811,-29.180837155115,0.0040177932112,0.4538620088445,0.0448757721215,0.0,0.0,0.0,0.0,0.0,0.0,0.0,0.0,0,0,0,f41b0538-70cc-4b74-942e-c3cc8d3df0bd,0,0,0
1,10,0.0,0.0,,,41.5382136668337,0.0035399815898,-29.1507459734234,0.0039075120472,0.4326795641426,0.0448615137327,0.0,0.0,0.0,0.0,0.0,0.0,0.0,0.0,0,0,0,1b1a48a1-0e84-4568-9668-5124aa580d79,0,0,0
2,48,0.0,0.0,,,41.4780641239576,0.0035591292904,-29.2427269164589,0.0039978761675,0.4661997047081,0.0457837635855,0.0,0.0,0.0,0.0,0.0,0.0,0.0,0.0,0,0,0,99da78a9-6074-41a9-adfd-2075f864b061,0,0,0
3,12,0.0,0.0,,,41.5367612485278,0.0036574212124,-29.1834526436724,0.004127603706,0.4787359817327,0.046143857492,0.0,0.0,0.0,0.0,0.0,0.0,0.0,0.0,0,0,0,5426caef-3bb8-4afb-aa70-97c02ba817f9,0,0,0
4,16,0.0,0.0,,,41.5673553519823,0.0035920462387,-29.1878599699111,0.0041672140367,0.396369305371,0.0429348556482,0.0,0.0,0.0,0.0,0.0,0.0,0.0,0.0,0,0,0,7fe4b797-1a55-4ded-9b51-c1ecd7e27b63,0,0,0
5,48,0.0,0.0,,,41.4956814885918,0.003642555571,-29.1944971503918,0.0039716021069,0.4325570863974,0.0482864688475,0.0,0.0,0.0,0.0,0.0,0.0,0.0,0.0,0,0,0,ed824188-35ca-4d81-a113-d6910b2d8b8d,0,0,0
6,29,0.0,0.0,,,41.5380660410948,0.0036489118003,-29.2228633645296,0.0038693103793,0.4664930629789,0.0467900589483,0.0,0.0,0.0,0.0,0.0,0.0,0.0,0.0,0,0,0,decf7c69-4e78-451a-872d-93747803472d,0,0,0
7,24,0.0,0.0,,,41.4472522567268,0.003398234322,-29.195585577753,0.0042824799964,0.4012271328834,0.0463874921423,0.0,0.0,0.0,0.0,0.0,0.0,0.0,0.0,0,0,0,7c266107-de23-4948-9c95-ae76fca963ea,0,0,0
8,85,0.0,0.0,,,41.5030900938751,0.0036960271503,-29.1733634895588,0.0040046995879,0.4656419694575,0.0431249033162,0.0,0.0,0.0,0.0,0.0,0.0,0.0,0.0,0,0,0,b2d1b252-fadc-4694-a849-fab06c222504,0,0,0
9,13,0.0,0.0,,,41.4600504853129,0.0035157947321,-29.1709627187224,0.0040654990013,0.3980880484472,0.0419410414755,0.0,0.0,0.0,0.0,0.0,0.0,0.0,0.0,0,0,0,c3980f33-c4cc-46ed-9e2b-081c29373101,0,0,0
10,1,0.0,0.0,,,41.4249214063506,0.0035021400572,-29.1477408810363,0.0042231684489,0.456109368858,0.0474626235266,0.0,0.0,0.0,0.0,0.0,0.0,0.0,0.0,0,0,0,49b2bc6d-c238-45c7-92fd-bc4795722475,0,0,0
11,17,0.0,0.0,,,41.4699129004923,0.0035441799166,-29.1647232416769,0.0041266654145,0.3760707527525,0.0468058894793,0.0,0.0,0.0,0.0,0.0,0.0,0.0,0.0,0,0,0,53bd8e55-615e-472a-8fe1-ab999d27fa6f,0,0,0
12,95,0.0,0.0,,,41.521399190839,0.0035983368459,-29.1459162813453,0.0039717997958,0.4956105039935,0.0412209697577,0.0,0.0,0.0,0.0,0.0,0.0,0.0,0.0,0,0,0,bd590d07-1435-46b8-a3d4-e55c2f639257,0,0,0
13,90,0.0,0.0,,,41.4346466894429,0.0037003160527,-29.1555084512652,0.0039975141503,0.5143522365726,0.0452736016263,0.0,0.0,0.0,0.0,0.0,0.0,0.0,0.0,0,0,0,9c307fcd-d102-4aff-96de-0c8499c94068,0,0,0
14,33,0.0,0.0,,,41.5206118481801,0.0036199927361,-29.1514893456072,0.0039673653401,0.4111831163955,0.043281916488,0.0,0.0,0.0,0.0,0.0,0.0,0.0,0.0,0,0,0,a5cba13f-2cb3-40b9-9c9a-eef96dc29621,0,0,0
15,8,0.0,0.0,,,41.4524061685086,0.0036079545013,-29.1785138281548,0.0040503190803,0.469997998044,0.0452641568926,0.0,0.0,0.0,0.0,0.0,0.0,0.0,0.0,0,0,0,db7c4350-375e-45c3-a901-7c240e05bceb,0,0,0
16,18,0.0,0.0,,,41.5457583232713,0.0036497922416,-29.1495086104049,0.0041648783657,0.4422105620061,0.0421506131967,0.0,0.0,0.0,0.0,0.0,0.0,0.0,0.0,0,0,0,6e2070df-b8fb-48f2-94d7-d9f97aa7b977,0,0,0
17,50,0.0,0.0,,,41.5357052982774,0.0034169151992,-29.1746366253544,0.0040870215572,0.4606454283837,0.0451129734519,0.0,0.0,0.0,0.0,0.0,0.0,0.0,0.0,0,0,0,eae76596-0201-426a-84be-a3f8a01e57e2,0,0,0
18,27,0.0,0.0,,,41.5363542682215,0.0034560246576,-29.2174627298993,0.0039565550978,0.3199677543414,0.0466142384868,0.0,0.0,0.0,0.0,0.0,0.0,0.0,0.0,0,0,0,8db727d0-6adc-4126-a20f-b197a1fb008d,0,0,0
19,83,0.0,0.0,,,41.5435031095096,0.0034977157365,-29.2386856024056,0.0041528301929,0.4492315965919,0.0436864058435,0.0,0.0,0.0,0.0,0.0,0.0,0.0,0.0,0,0,0,5b988188-c2f6-413c-86e0-2c68b7662669,0,0,0
20,83,0.0,0.0,,,41.4804614630469,0.0035515163825,-29.1573384449905,0.0039670523675,0.4398758226295,0.0483691079371,0.0,0.0,0.0,0.0,0.0,0.0,0.0,0.0,0,0,0,da65c6e4-1a34-4289-995c-a0572d12ad63,0,0,0
21,80,0.0,0.0,,,41.520810874322,0.0035429234458,-29.1103767718317,0.0040465561903,0.4562742713847,0.0443175395329,0.0,0.0,0.0,0.0,0.0,0.0,0.0,0.0,0,0,0,f08eac76-c065-4d34-9398-eecdc4afa4b4,0,0,0
22,31,0.0,0.0,,,41.5076001593088,0.0036909013704,-29.1433834196289,0.0040878667839,0.3779359278737,0.0423484682522,0.0,0.0,0.0,0.0,0.0,0.0,0.0,0.0,0,0,0,4d8aedfa-3f4d-4e67-bf1d-da33c622381b,0,0,0
23,81,0.0,0.0,,,41.5094083739962,0.003570818417,-29.1395932570293,0.003867498586,0.3506307310802,0.0426412048839,0.0,0.0,0.0,0.0,0.0,0.0,0.0,0.0,0,0,0,4ad42382-9f04-4b30-8ce6-d3165d0184c7,0,0,0
24,78,0.0,0.0,,,41.4733539011999,0.0035321030608,-29.2065389370774,0.0039697071812,0.4816726915195,0.0454320358979,0.0,0.0,0.0,0.0,0.0,0.0,0.0,0.0,0,0,0,d7be3179-e663-499d-ae28-d4b70825e906,0,0,0
0,28,0.0,0.0,,,40.4793453302606,0.003261567868,-26.4752032606311,0.0049650188082,0.2458711917228,0.0347216787723,0.0,0.0,0.0,0.0,0.0,0.0,0.0,0.0,0,0,0,1b482ff6-219f-4638-a979-f4f2bdf3ec63,0,0,0
1,20,0.0,0.0,,,40.4625893590615,0.0033307916222,-26.5163782126233,0.0054065259169,0.2981293698622,0.0348407898643,0.0,0.0,0.0,0.0,0.0,0.0,0.0,0.0,0,0,0,382fcfbe-c529-4792-8771-9d91e28ae606,0,0,0
2,95,0.0,0.0,,,40.4186797391221,0.0034394203387,-26.4650858275865,0.0050240731611,0.3088886628424,0.0370825705524,0.0,0.0,0.0,0.0,0.0,0.0,0.0,0.0,0,0,0,037a4660-96ed-4b43-b282-9c6c4c9355a3,0,0,0
3,22,0.0,0.0,,,40.5088016947458,0.0032990016104,-26.5136364435334,0.005269241242,0.2724197444543,0.0352499928099,0.0,0.0,0.0,0.0,0.0,0.0,0.0,0.0,0,0,0,9c04a419-5745-468d-87c1-8d81d8a5bf4c,0,0,0
4,98,0.0,0.0,,,40.4545408029348,0.00344809641,-26.4387399077657,0.0052807945149,0.3137416853959,0.0360017509458,0.0,0.0,0.0,0.0,0.0,0.0,0.0,0.0,0,0,0,adee0fff-8fb3-4c55-a282-91df20fd21bd,0,0,0
6,62,0.0,0.0,,,40.4506600887898,0.0033547234977,-26.4384531231406,0.0049884875164,0.2887927944051,0.0327198735351,0.0,0.0,0.0,0.0,0.0,0.0,0.0,0.0,0,0,0,742ed51a-68a1-4827-8483-7a9aaa07108b,0,0,0
7,29,0.0,0.0,,,40.4530017280228,0.0032260603557,-26.5443996290436,0.0051198254998,0.3043972529904,0.0371208492365,0.0,0.0,0.0,0.0,0.0,0.0,0.0,0.0,0,0,0,78089657-0676-47b8-b3bf-2571512836fa,0,0,0
8,41,0.0,0.0,,,40.3941486976047,0.0031497006241,-26.5065328890594,0.0052097613642,0.2730385987094,0.0359944706384,0.0,0.0,0.0,0.0,0.0,0.0,0.0,0.0,0,0,0,64292bea-dce6-40ee-93a1-1377da62e222,0,0,0
9,68,0.0,0.0,,,40.4297899287166,0.0032819852533,-26.46730743466,0.0052873059203,0.2446428689025,0.0339554992449,0.0,0.0,0.0,0.0,0.0,0.0,0.0,0.0,0,0,0,ece3d9e2-9c5a-453d-9668-b485cf797223,0,0,0
10,16,0.0,0.0,,,40.4493941395966,0.0033705262498,-26.4561416521962,0.0053540678741,0.3383755955719,0.0351794581492,0.0,0.0,0.0,0.0,0.0,0.0,0.0,0.0,0,0,0,eb42bb86-1c57-477d-8a3f-4a6f1b0b016e,0,0,0
11,6,0.0,0.0,,,40.4414805281902,0.0022938255097,-26.4472223179763,0.0047076286774,0.3726280162416,0.0308167379604,0.0,0.0,0.0,0.0,0.0,0.0,0.0,0.0,0,0,0,287e0df2-1998-4963-ae90-6588fc9a093f,0,0,0
11,78,0.0,0.0,,,40.5013259970707,0.0033057312436,-26.4401068349429,0.0053531831751,0.3504486072533,0.0323177657354,0.0,0.0,0.0,0.0,0.0,0.0,0.0,0.0,0,0,0,c7e93511-e302-4964-89ca-12470f5cb0d3,0,0,0
12,3,0.0,0.0,,,40.3581320920187,0.0034590730753,-26.5295127208119,0.0053740038158,0.3132231071466,0.0337129929952,0.0,0.0,0.0,0.0,0.0,0.0,0.0,0.0,0,0,0,f00f07dd-56f5-48a6-9660-ff88d5492a9a,0,0,0
13,85,0.0,0.0,,,40.4496271828053,0.0033703179461,-26.4632713455578,0.0054062139066,0.3288982746775,0.0365568935615,0.0,0.0,0.0,0.0,0.0,0.0,0.0,0.0,0,0,0,76ca11ee-7bae-46ad-964e-266cb9972e87,0,0,0
14,21,0.0,0.0,,,40.4639531836391,0.0033682216104,-26.4572243892686,0.0051904062409,0.3098299838699,0.0364987896579,0.0,0.0,0.0,0.0,0.0,0.0,0.0,0.0,0,0,0,f0d5488e-8e54-404b-bf81-f45824547958,0,0,0
16,62,0.0,0.0,,,40.4740996126128,0.0034041734625,-26.5266580143831,0.0050245424438,0.3098329933436,0.0372952111752,0.0,0.0,0.0,0.0,0.0,0.0,0.0,0.0,0,0,0,a160c722-0b3e-442f-8210-0304f17b972a,0,0,0
17,75,0.0,0.0,,,40.4159304827244,0.0032808639452,-26.467194092409,0.0050418536816,0.3003026585022,0.0362727668501,0.0,0.0,0.0,0.0,0.0,0.0,0.0,0.0,0,0,0,3a4b0928-5908-4a75-b3a5-c02197ff7729,0,0,0
18,85,0.0,0.0,,,40.471613455707,0.0032866939373,-26.5225183985508,0.00524940167,0.3332069509283,0.037165557714,0.0,0.0,0.0,0.0,0.0,0.0,0.0,0.0,0,0,0,cb8b9889-8a82-4d77-b060-ff70a10350db,0,0,0
19,18,0.0,0.0,,,40.4967118558384,0.0034030912593,-26.457530549788,0.0052075540152,0.2290634215943,0.0321280095353,0.0,0.0,0.0,0.0,0.0,0.0,0.0,0.0,0,0,0,460d91f5-7d21-4c22-9c8d-37f03069b80a,0,0,0
19,42,0.0,0.0,,,40.4229520598859,0.0023198362782,-26.4836423303373,0.0043050407139,0.3852474325917,0.0309834990508,0.0,0.0,0.0,0.0,0.0,0.0,0.0,0.0,0,0,0,8006945f-ddb7-4c16-84e3-d5b9440adc91,0,0,0
20,27,0.0,0.0,,,40.4310192946802,0.0033769176725,-26.475449635331,0.0049994495025,0.2745719337297,0.0299637619308,0.0,0.0,0.0,0.0,0.0,0.0,0.0,0.0,0,0,0,95d301eb-8b6b-4f30-a483-b213bc92dd37,0,0,0
21,72,0.0,0.0,,,40.4221124967401,0.0033549370913,-26.5647501071432,0.005214432173,0.2667325749257,0.0318014222557,0.0,0.0,0.0,0.0,0.0,0.0,0.0,0.0,0,0,0,603ce14e-0976-4904-9421-d208ac4d0654,0,0,0
22,11,0.0,0.0,,,40.3907757417513,0.0032042016484,-26.5650963363094,0.0051356655541,0.2975703362879,0.0358409068618,0.0,0.0,0.0,0.0,0.0,0.0,0.0,0.0,0,0,0,2f8bc236-b3bf-4157-af56-fffd656af607,0,0,0
23,6,0.0,0.0,,,40.4403815374941,0.0032700914419,-26.4898195105494,0.0051900511589,0.3440636355473,0.0314877985244,0.0,0.0,0.0,0.0,0.0,0.0,0.0,0.0,0,0,0,5c7a5dc7-32e7-4600-b5d3-f140a78b37e1,0,0,0
24,48,0.0,0.0,,,40.4932381309369,0.0032000111807,-26.4982372515664,0.0053471444834,0.2754772276519,0.0328160458042,0.0,0.0,0.0,0.0,0.0,0.0,0.0,0.0,0,0,0,9a1279d8-8f61-4dda-81ab-257e5972588a,0,0,0
0,37,0.0,0.0,,,37.4124149661121,0.0080376742845,-30.0066495238978,0.0069146154166,0.138823689154,0.0310299605574,0.0,0.0,0.0,0.0,0.0,0.0,0.0,0.0,0,0,0,b6d1d00f-c311-4e82-842c-d299fc0e31e1,0,0,0
1,59,0.0,0.0,,,37.3699182580046,0.0083481047216,-29.9724495476639,0.0071594997219,0.1954944458046,0.0273604802731,0.0,0.0,0.0,0.0,0.0,0.0,0.0,0.0,0,0,0,4d7f509a-5ae5-45b4-b384-02036a4e67a3,0,0,0
2,27,0.0,0.0,,,37.3649757182468,0.008134516916,-29.948762011979,0.0069514066676,0.1682729641161,0.0292340697745,0.0,0.0,0.0,0.0,0.0,0.0,0.0,0.0,0,0,0,3d60055a-49db-49e4-ad0a-09210f950865,0,0,0
3,62,0.0,0.0,,,37.355049037703,0.0080065673804,-30.0067222800607,0.006973513576,0.2024176438671,0.0288618701013,0.0,0.0,0.0,0.0,0.0,0.0,0.0,0.0,0,0,0,fc3c3ab3-c65d-4586-9402-d56ded30ce27,0,0,0
4,34,0.0,0.0,,,37.453593634455,0.0079593225955,-29.9974330999577,0.0068277689436,0.1829887091478,0.0305956182822,0.0,0.0,0.0,0.0,0.0,0.0,0.0,0.0,0,0,0,26f15e38-7aba-43e5-8de7-204f12e79b13,0,0,0
5,92,0.0,0.0,,,37.3428959105591,0.0081296431996,-30.0052792166708,0.0066381299069,0.1509881853461,0.0309460994393,0.0,0.0,0.0,0.0,0.0,0.0,0.0,0.0,0,0,0,ca74112e-398e-4692-a23e-ab9a36cc995f,0,0,0
6,13,0.0,0.0,,,37.3908520277682,0.0084152158142,-30.0201076173289,0.0069482360099,0.1357065616357,0.0294287052176,0.0,0.0,0.0,0.0,0.0,0.0,0.0,0.0,0,0,0,371dda60-35d5-402a-9bbe-ee6cef5a269f,0,0,0
7,47,0.0,0.0,,,37.3968278657178,0.0078185804303,-29.9661525201601,0.0070414592396,0.2013128066793,0.0288196607762,0.0,0.0,0.0,0.0,0.0,0.0,0.0,0.0,0,0,0,c2e44b4a-f8d8-425d-a078-49f2dda0651f,0,0,0
8,58,0.0,0.0,,,37.321662940818,0.0084486616187,-29.9414138765686,0.0068947760801,0.1825317680175,0.0292564395949,0.0,0.0,0.0,0.0,0.0,0.0,0.0,0.0,0,0,0,f816fa93-cca3-44a0-9bb6-6792ff92de3b,0,0,0
9,27,0.0,0.0,,,37.3731637001844,0.0082454209158,-30.0432575190874,0.006694241926,0.1914075509347,0.0314442938216,0.0,0.0,0.0,0.0,0.0,0.0,0.0,0.0,0,0,0,4c3b3ae9-13f4-461e-98ec-15955d76c12d,0,0,0
10,51,0.0,0.0,,,37.4423731065603,0.0082220951793,-30.0197430174287,0.0070936962851,0.2163130906542,0.0305390625933,0.0,0.0,0.0,0.0,0.0,0.0,0.0,0.0,0,0,0,1656ec7a-0110-4d5d-9597-54a67feb1dab,0,0,0
11,72,0.0,0.0,,,37.3569118862777,0.0083393132291,-30.0229900307913,0.0068853782814,0.2236995216951,0.0295392388974,0.0,0.0,0.0,0.0,0.0,0.0,0.0,0.0,0,0,0,639b9605-ffdd-49d6-a19c-34f494ff7d9b,0,0,0
12,74,0.0,0.0,,,37.4023661062911,0.0080130004333,-30.0383837218038,0.0068743021092,0.1762042357836,0.0301504683811,0.0,0.0,0.0,0.0,0.0,0.0,0.0,0.0,0,0,0,c902c6e4-65a0-4df3-bd50-b3fde9503d78,0,0,0
13,29,0.0,0.0,,,37.3928916955822,0.0085622114089,-30.0133136636895,0.0067258527959,0.2402954500046,0.0292986253447,0.0,0.0,0.0,0.0,0.0,0.0,0.0,0.0,0,0,0,e11f90c7-f3fc-4ab6-8b84-360341bda3d4,0,0,0
14,83,0.0,0.0,,,37.3118948005799,0.0079468621742,-30.0264703787804,0.0067055373102,0.1643260931982,0.0299526037133,0.0,0.0,0.0,0.0,0.0,0.0,0.0,0.0,0,0,0,0bb2ce23-9964-41fe-96a5-b65f9d65ef14,0,0,0
15,4,0.0,0.0,,,37.3597238802896,0.0082510984098,-29.9681720822752,0.0068996945008,0.2337719666861,0.0307630786615,0.0,0.0,0.0,0.0,0.0,0.0,0.0,0.0,0,0,0,19cb0da6-af95-4b2c-bcf2-16c4146d22db,0,0,0
16,32,0.0,0.0,,,37.3574283782081,0.0083563126829,-29.9958105889713,0.007069936447,0.2362835135902,0.0283312421786,0.0,0.0,0.0,0.0,0.0,0.0,0.0,0.0,0,0,0,1770448d-8f6b-4de2-a7f6-1ff6f7e6f945,0,0,0
17,12,0.0,0.0,,,37.3699216136167,0.008137421287,-29.9701684864581,0.0070238361985,0.1602193937912,0.0309382478215,0.0,0.0,0.0,0.0,0.0,0.0,0.0,0.0,0,0,0,3b52db89-e114-4c52-940b-e7fcc7875ed9,0,0,0
18,4,0.0,0.0,,,37.3217066479207,0.0080938935277,-30.0233630732543,0.0069824370269,0.160593889243,0.0317926865819,0.0,0.0,0.0,0.0,0.0,0.0,0.0,0.0,0,0,0,76cc4169-c2cf-4ace-8448-2be3214c7537,0,0,0
19,91,0.0,0.0,,,37.417399905281,0.0080964647748,-29.965584102495,0.0068160840822,0.1995030645983,0.0317185873354,0.0,0.0,0.0,0.0,0.0,0.0,0.0,0.0,0,0,0,cece2c4d-383d-4c8b-b869-3b5a82710752,0,0,0
20,75,0.0,0.0,,,37.3267021708015,0.0082659172893,-29.9567763471697,0.0067121048413,0.1719208535841,0.0286312096768,0.0,0.0,0.0,0.0,0.0,0.0,0.0,0.0,0,0,0,ae1065f7-a81a-48a1-aa13-54ebfe1cd8bb,0,0,0
21,60,0.0,0.0,,,37.3493908212415,0.0079560129079,-29.9718011317456,0.0070335477519,0.1680257179376,0.0270315067883,0.0,0.0,0.0,0.0,0.0,0.0,0.0,0.0,0,0,0,b590ae9f-d68b-41e3-943f-1e970aa162d7,0,0,0
22,79,0.0,0.0,,,37.3845236865667,0.0080858920048,-29.9502918611053,0.0072476508262,0.1858900051545,0.0305273048295,0.0,0.0,0.0,0.0,0.0,0.0,0.0,0.0,0,0,0,22d8cdc1-5d7d-4f46-b0a3-6b5101590528,0,0,0
23,13,0.0,0.0,,,37.3983314944491,0.0078986040015,-29.8818599022711,0.0070741736082,0.2250519099081,0.0288302008077,0.0,0.0,0.0,0.0,0.0,0.0,0.0,0.0,0,0,0,30f74cd0-4def-4f9e-94f1-73a3d891af89,0,0,0
24,94,0.0,0.0,,,37.4693405066732,0.0084425084967,-30.0221769339281,0.0066917760376,0.1933347511476,0.029074524832,0.0,0.0,0.0,0.0,0.0,0.0,0.0,0.0,0,0,0,c0795f8a-f0b4-451e-b29b-65298bb222c2,0,0,0
0,61,0.0,0.0,,,41.0365524168954,0.0125186669081,-28.5980028389201,0.0117082871022,0.2447820817587,0.0457200957251,0.0,0.0,0.0,0.0,0.0,0.0,0.0,0.0,0,0,0,9b8a34ab-8752-4a6a-809d-c1a137d9800b,0,0,0
1,85,0.0,0.0,,,40.9852215951802,0.0114162536929,-28.7176329001864,0.0128337796213,0.2082042465355,0.0413520922508,0.0,0.0,0.0,0.0,0.0,0.0,0.0,0.0,0,0,0,bf6edf02-ad19-44aa-823c-793a459d8db9,0,0,0
2,85,0.0,0.0,,,40.9972371289171,0.0120439383346,-28.6671969581018,0.0123719005377,0.2587995798228,0.0392307795304,0.0,0.0,0.0,0.0,0.0,0.0,0.0,0.0,0,0,0,17f24447-28a8-4075-8e67-5c36d9eaaecc,0,0,0
3,52,0.0,0.0,,,41.0221258530832,0.0124723471692,-28.6716540451866,0.0118971736751,0.2361075179372,0.0428573675451,0.0,0.0,0.0,0.0,0.0,0.0,0.0,0.0,0,0,0,810b56de-f2fb-4b4c-9a99-3ce62d9ce74e,0,0,0
4,74,0.0,0.0,,,41.0183642831035,0.012061873729,-28.6605697249048,0.0128194467153,0.2786100805291,0.0419382142482,0.0,0.0,0.0,0.0,0.0,0.0,0.0,0.0,0,0,0,0efb7623-fb52-4887-a2f5-95cfc4f60a56,0,0,0
5,87,0.0,0.0,,,41.0378790721116,0.0119096110877,-28.5833070200973,0.0127501945518,0.223145482245,0.042064739828,0.0,0.0,0.0,0.0,0.0,0.0,0.0,0.0,0,0,0,106c3334-d328-42ce-b1cf-22142846fa55,0,0,0
6,11,0.0,0.0,,,40.9913310965019,0.0120531758471,-28.6412821317625,0.0125290648806,0.1998698853165,0.0403650978119,0.0,0.0,0.0,0.0,0.0,0.0,0.0,0.0,0,0,0,b319d40e-e18e-4e7c-a390-d4b47f8bac8b,0,0,0
7,43,0.0,0.0,,,41.0673243259375,0.0121429385488,-28.6370166421202,0.0128542965467,0.204988212616,0.0386820104771,0.0,0.0,0.0,0.0,0.0,0.0,0.0,0.0,0,0,0,ac6f1da5-8a6e-4b0a-9e00-63b13da35ae7,0,0,0
8,36,0.0,0.0,,,41.0417007103162,0.0119218229014,-28.6227664774258,0.0128781289013,0.3028053850936,0.042846885339,0.0,0.0,0.0,0.0,0.0,0.0,0.0,0.0,0,0,0,7985a15a-6cee-4db9-9ba4-fefcad37e8c8,0,0,0
9,4,0.0,0.0,,,40.942706547697,0.0119970863057,-28.6788515702943,0.0131793480116,0.183224352249,0.0428652030891,0.0,0.0,0.0,0.0,0.0,0.0,0.0,0.0,0,0,0,696499e5-559b-4297-b0df-c6b54bf796e9,0,0,0
10,24,0.0,0.0,,,41.063312393946,0.0119247335654,-28.6655740085193,0.0133681468304,0.2401419353121,0.0410214024538,0.0,0.0,0.0,0.0,0.0,0.0,0.0,0.0,0,0,0,e833c350-e8cc-428a-90d4-e279642735b7,0,0,0
11,95,0.0,0.0,,,41.0643623650917,0.0123071482736,-28.6859370409951,0.0129893106947,0.2073265667595,0.0411220993188,0.0,0.0,0.0,0.0,0.0,0.0,0.0,0.0,0,0,0,a20b8ebd-ada0-4d53-827f-33a22cd6090e,0,0,0
12,97,0.0,0.0,,,40.9615240035685,0.0122398010509,-28.6573227988192,0.0125198107653,0.2314829390136,0.0404484420867,0.0,0.0,0.0,0.0,0.0,0.0,0.0,0.0,0,0,0,01ac3d43-ba1c-4411-9369-a367e98b2286,0,0,0
13,34,0.0,0.0,,,40.9442825499987,0.0117860432516,-28.6005686532151,0.0120598843339,0.2396268440151,0.0424401324611,0.0,0.0,0.0,0.0,0.0,0.0,0.0,0.0,0,0,0,a8e93823-82e2-4ec2-ae28-dc2cad11bddd,0,0,0
14,6,0.0,0.0,,,41.0561368549301,0.0119898404972,-28.6516894278069,0.012515701614,0.148270400039,0.0438317659755,0.0,0.0,0.0,0.0,0.0,0.0,0.0,0.0,0,0,0,fb4a6844-95f5-4d84-b88f-ba9e1703c354,0,0,0
15,21,0.0,0.0,,,41.0172671020245,0.0119736848294,-28.6658253337038,0.0125657331599,0.2430048147565,0.0370232189233,0.0,0.0,0.0,0.0,0.0,0.0,0.0,0.0,0,0,0,f194c679-07cd-4f31-a534-1a4ac1295aea,0,0,0
16,73,0.0,0.0,,,41.042869580363,0.01187039676,-28.6646459548386,0.0125564495627,0.1923978363544,0.0421686285218,0.0,0.0,0.0,0.0,0.0,0.0,0.0,0.0,0,0,0,d8e0a235-3e72-479d-9bb6-dc419f37a800,0,0,0
17,40,0.0,0.0,,,40.9557567227704,0.0125732447911,-28.6815244516839,0.0129003788167,0.1797225739921,0.040141186423,0.0,0.0,0.0,0.0,0.0,0.0,0.0,0.0,0,0,0,0d05dfd4-d1e1-4849-9571-56fdc1f74d55,0,0,0
18,23,0.0,0.0,,,41.0113589307061,0.0121104134467,-28.6014190269993,0.0125610792024,0.1804868558896,0.0419328054895,0.0,0.0,0.0,0.0,0.0,0.0,0.0,0.0,0,0,0,e4b73291-391a-45df-973f-f9e8fdd323d9,0,0,0
19,47,0.0,0.0,,,40.9649318491095,0.0117195868163,-28.6929034363776,0.0127164498442,0.2505888804628,0.0391549303626,0.0,0.0,0.0,0.0,0.0,0.0,0.0,0.0,0,0,0,3ebfa638-090c-458f-8c40-81fd4fa9d41c,0,0,0
20,56,0.0,0.0,,,41.0015273458664,0.0128311533231,-28.7153038236979,0.0129805631418,0.2321324513403,0.0403621540799,0.0,0.0,0.0,0.0,0.0,0.0,0.0,0.0,0,0,0,ba7d2407-c285-4fbc-8594-c58ec936b115,0,0,0
21,66,0.0,0.0,,,41.0310546755159,0.0118894662493,-28.6725883364525,0.0126302550144,0.1689230028421,0.0397949713582,0.0,0.0,0.0,0.0,0.0,0.0,0.0,0.0,0,0,0,cd11e2ba-5544-467b-bdc5-9f9f083c56ec,0,0,0
22,19,0.0,0.0,,,40.9596041215325,0.0118667829395,-28.6308850801265,0.0127534033721,0.2245299342242,0.0409236882331,0.0,0.0,0.0,0.0,0.0,0.0,0.0,0.0,0,0,0,3cba92ab-131b-4d95-a17f-26fc766e13c2,0,0,0
23,70,0.0,0.0,,,41.0046685441625,0.0120299845977,-28.7092413262005,0.0124867572852,0.2282563603806,0.0414489335923,0.0,0.0,0.0,0.0,0.0,0.0,0.0,0.0,0,0,0,352309b5-8179-4e26-97d1-ef2992ec8d9e,0,0,0
24,14,0.0,0.0,,,40.987297185165,0.0118776010226,-28.6695017448334,0.0130022607662,0.2182216340143,0.0453805641111,0.0,0.0,0.0,0.0,0.0,0.0,0.0,0.0,0,0,0,c2081e3a-d19d-4779-8090-b0528274998c,0,0,0
0,63,0.0,0.0,,,40.3915194772685,0.0023697875135,-26.4361857674377,0.0044894158312,0.4631970728531,0.0329176125111,0.0,0.0,0.0,0.0,0.0,0.0,0.0,0.0,0,0,0,e43ef06b-15ae-4e5a-a293-9d15a0884212,0,0,0
1,65,0.0,0.0,,,40.3877590665398,0.002385860429,-26.3703558063741,0.0044300007501,0.3606672000614,0.0331136420079,0.0,0.0,0.0,0.0,0.0,0.0,0.0,0.0,0,0,0,a9f2e40c-402e-4f3a-8586-a853d66d01b3,0,0,0
2,92,0.0,0.0,,,40.436941177962,0.0023189989591,-26.4258085606419,0.0044380846646,0.3734720863443,0.0311582461124,0.0,0.0,0.0,0.0,0.0,0.0,0.0,0.0,0,0,0,8fd2be98-e0e8-4817-9650-e70b962705f1,0,0,0
3,8,0.0,0.0,,,40.3190274820411,0.0023156619084,-26.3956531182899,0.0047242632865,0.3540687476551,0.0311713143902,0.0,0.0,0.0,0.0,0.0,0.0,0.0,0.0,0,0,0,3c045f2c-8418-4d18-8bfd-6490c226e5c9,0,0,0
4,84,0.0,0.0,,,40.4204645554288,0.0024153896223,-26.3741118790824,0.004457291262,0.3672649395036,0.0314118095393,0.0,0.0,0.0,0.0,0.0,0.0,0.0,0.0,0,0,0,ccea5fba-9f5a-47eb-8dc0-6cf59ade0a66,0,0,0
5,60,0.0,0.0,,,40.4082254233298,0.0033762106721,-26.4064829415416,0.0054128193474,0.2722392953151,0.0333481312426,0.0,0.0,0.0,0.0,0.0,0.0,0.0,0.0,0,0,0,6db0d66e-c27a-4ff4-83c8-7c6f482413ea,0,0,0
5,90,0.0,0.0,,,40.349471003542,0.0023852324538,-26.3831183533766,0.0043596681018,0.367482513305,0.0354773275936,0.0,0.0,0.0,0.0,0.0,0.0,0.0,0.0,0,0,0,d10ccc0b-8d9c-46c0-8d9e-fd9a161d29d7,0,0,0
6,41,0.0,0.0,,,40.342145481641,0.0023529725934,-26.3758173053351,0.0046506237293,0.3513029908428,0.0332987417924,0.0,0.0,0.0,0.0,0.0,0.0,0.0,0.0,0,0,0,19bd4e5f-000d-4e3a-bf47-5ce55aa48b49,0,0,0
7,76,0.0,0.0,,,40.4066103914762,0.0024829923347,-26.3966501405837,0.0044769416343,0.418720367129,0.0328448454852,0.0,0.0,0.0,0.0,0.0,0.0,0.0,0.0,0,0,0,dab7b552-ba99-4aa4-9109-b067fb3dae22,0,0,0
8,57,0.0,0.0,,,40.3947158413997,0.0023009544817,-26.3941074706436,0.0045937277319,0.3651313884154,0.0374049635979,0.0,0.0,0.0,0.0,0.0,0.0,0.0,0.0,0,0,0,34e8621d-fc2e-41bd-ba53-63bd0f8b5b59,0,0,0
9,50,0.0,0.0,,,40.3752317793267,0.0023126786328,-26.3708311393676,0.0043625403053,0.4142625220668,0.0361844719309,0.0,0.0,0.0,0.0,0.0,0.0,0.0,0.0,0,0,0,e740d844-4272-4197-a4b5-78578aee8bdd,0,0,0
10,88,0.0,0.0,,,40.3895786054563,0.0023906208302,-26.3970784520594,0.0042979531826,0.4172298835055,0.0310515692806,0.0,0.0,0.0,0.0,0.0,0.0,0.0,0.0,0,0,0,61962d76-d49f-4efc-8eaa-6cddef768e32,0,0,0
12,47,0.0,0.0,,,40.3852982558479,0.0022936456246,-26.3316255943548,0.0046005634532,0.4140908786951,0.0333058657773,0.0,0.0,0.0,0.0,0.0,0.0,0.0,0.0,0,0,0,9322032a-462b-4098-b9dc-60cbec40f14d,0,0,0
13,67,0.0,0.0,,,40.4282258828382,0.002285743602,-26.3854850803682,0.0043540569551,0.3433207844188,0.032991150531,0.0,0.0,0.0,0.0,0.0,0.0,0.0,0.0,0,0,0,cb0e4c56-7fa2-4401-acd9-c7ad6ccf9b48,0,0,0
14,20,0.0,0.0,,,40.4654970011146,0.0023833866656,-26.3227119946539,0.0045967898401,0.374129692437,0.034501925843,0.0,0.0,0.0,0.0,0.0,0.0,0.0,0.0,0,0,0,c94a6e55-0451-40cb-a82b-794557f1c0b5,0,0,0
15,39,0.0,0.0,,,40.3379847104308,0.002235361606,-26.4501848559333,0.0043680828674,0.4433753994131,0.0340455401373,0.0,0.0,0.0,0.0,0.0,0.0,0.0,0.0,0,0,0,b94aa617-350f-4596-89ae-e1f9fd4c987e,0,0,0
15,46,0.0,0.0,,,40.3820953188158,0.0033638702537,-26.3904364579376,0.0052384167988,0.324528028446,0.033254781502,0.0,0.0,0.0,0.0,0.0,0.0,0.0,0.0,0,0,0,962113c5-5843-4aef-900c-5476393b7631,0,0,0
16,15,0.0,0.0,,,40.3512417257693,0.0023515541069,-26.3239797285211,0.0045097688556,0.4210570420018,0.0314302230061,0.0,0.0,0.0,0.0,0.0,0.0,0.0,0.0,0,0,0,f13f40cf-0d05-4cc6-8894-017684a9f07d,0,0,0
17,80,0.0,0.0,,,40.3612033860796,0.0023427826641,-26.3824542216038,0.0047362149069,0.4155607002139,0.0336671281682,0.0,0.0,0.0,0.0,0.0,0.0,0.0,0.0,0,0,0,3081da2d-243d-40cc-881a-4d7f564ec4ed,0,0,0
18,81,0.0,0.0,,,40.5043156967002,0.0023753373729,-26.4207521738446,0.0045650400419,0.3539653733008,0.0315794753923,0.0,0.0,0.0,0.0,0.0,0.0,0.0,0.0,0,0,0,81b67da8-867b-4de2-842f-c4217b90a613,0,0,0
20,15,0.0,0.0,,,40.392539680462,0.0023544079476,-26.4057562474166,0.0043384741024,0.4138032146544,0.0361833924093,0.0,0.0,0.0,0.0,0.0,0.0,0.0,0.0,0,0,0,fa54f29d-c5b1-4d1e-bb49-3be380f86632,0,0,0
21,38,0.0,0.0,,,40.3621278948395,0.0022893867661,-26.3651411834128,0.0047267344896,0.4139466922657,0.0299112621193,0.0,0.0,0.0,0.0,0.0,0.0,0.0,0.0,0,0,0,6f9306e7-e465-4f4f-9451-484dcee60b7f,0,0,0
22,51,0.0,0.0,,,40.4386200716322,0.00231079119,-26.4038991965996,0.004512150555,0.4101046202154,0.0348592438175,0.0,0.0,0.0,0.0,0.0,0.0,0.0,0.0,0,0,0,3e720af1-9d7d-4773-b091-eb89e96394e2,0,0,0
23,16,0.0,0.0,,,40.4557718603767,0.0023669220581,-26.297925077924,0.0046265810337,0.3722392953425,0.0330416571399,0.0,0.0,0.0,0.0,0.0,0.0,0.0,0.0,0,0,0,3a92f09d-306e-4308-9316-86639fbc6b51,0,0,0
24,99,0.0,0.0,,,40.4178850958342,0.0024215384286,-26.3865861268201,0.0044601260682,0.3678514178525,0.0349737013148,0.0,0.0,0.0,0.0,0.0,0.0,0.0,0.0,0,0,0,0b9da77e-4dcb-4123-b5e7-3fc270442767,0,0,0
0,74,0.0,0.0,,,38.7015946512435,0.0037615942729,-26.4052830505215,0.0045078554829,0.221323916848,0.0293098542212,0.0,0.0,0.0,0.0,0.0,0.0,0.0,0.0,0,0,0,735c8d21-bcd2-4ae6-850f-487edeebcf82,0,0,0
1,45,0.0,0.0,,,38.6756984238748,0.0038519296961,-26.3494901772629,0.0044191460709,0.2372885316886,0.0281052673801,0.0,0.0,0.0,0.0,0.0,0.0,0.0,0.0,0,0,0,927f1724-c37f-4765-9b19-3b752e6f90a6,0,0,0
2,76,0.0,0.0,,,38.6503297974871,0.0037872907326,-26.3617384087993,0.0044189113538,0.2269190103459,0.0274263296179,0.0,0.0,0.0,0.0,0.0,0.0,0.0,0.0,0,0,0,10a7cd47-35a2-414f-8193-c0d2ae8b9dc3,0,0,0
3,93,0.0,0.0,,,38.6683176411146,0.0038937553987,-26.4016191895705,0.0042901246884,0.2440823567081,0.0285958467224,0.0,0.0,0.0,0.0,0.0,0.0,0.0,0.0,0,0,0,55d9ea6d-f04e-4d10-bfbd-a58fcb9979a1,0,0,0
4,96,0.0,0.0,,,38.6780000126033,0.0038456773967,-26.3404988269536,0.0042872915013,0.213996744575,0.0287660004549,0.0,0.0,0.0,0.0,0.0,0.0,0.0,0.0,0,0,0,9f3326d4-47da-4d69-9d63-bda242f18a25,0,0,0
5,96,0.0,0.0,,,38.7361011203345,0.0039521845876,-26.3754438338314,0.0044417458928,0.2937648978916,0.0305883486752,0.0,0.0,0.0,0.0,0.0,0.0,0.0,0.0,0,0,0,c01800b8-0409-4b77-aa22-f23c6c39c4af,0,0,0
6,76,0.0,0.0,,,38.7202905325807,0.0039201903267,-26.3315995943367,0.0044524564209,0.2048590956697,0.0292782979325,0.0,0.0,0.0,0.0,0.0,0.0,0.0,0.0,0,0,0,09d37d7d-3040-4e63-b17d-e66d59ddcb4e,0,0,0
7,14,0.0,0.0,,,38.6738197533886,0.0038681508188,-26.2974798346989,0.0043934440586,0.3246471408168,0.028619406963,0.0,0.0,0.0,0.0,0.0,0.0,0.0,0.0,0,0,0,7315d3ee-8c7b-48dc-bcba-9e0ac3722368,0,0,0
8,5,0.0,0.0,,,38.6636523163348,0.0037373572298,-26.3177725869472,0.004399910895,0.2654729226391,0.0269321016734,0.0,0.0,0.0,0.0,0.0,0.0,0.0,0.0,0,0,0,3eea3e7a-2e4d-479a-bbac-16a5bd5ff0ce,0,0,0
9,11,0.0,0.0,,,38.6517350215399,0.0037018480579,-26.3394040038161,0.0043388256153,0.2472469604935,0.0280920512435,0.0,0.0,0.0,0.0,0.0,0.0,0.0,0.0,0,0,0,bd219814-4e50-4b43-826f-dc57f6fcfa76,0,0,0
10,78,0.0,0.0,,,38.6283287863938,0.003877882746,-26.3437938875834,0.0043781976227,0.2156835973761,0.0293828497146,0.0,0.0,0.0,0.0,0.0,0.0,0.0,0.0,0,0,0,16da46e2-a1d3-4ac0-b18b-50b597d34e88,0,0,0
11,37,0.0,0.0,,,38.6657094440864,0.0037590021149,-26.31602369143,0.0045052482198,0.2254775222541,0.027562468449,0.0,0.0,0.0,0.0,0.0,0.0,0.0,0.0,0,0,0,99f591ad-cdc3-4ffc-9dfe-8b30b716a2eb,0,0,0
12,4,0.0,0.0,,,38.6806054907262,0.0038135775371,-26.3870225832918,0.0045244278626,0.2556395699532,0.0286855598194,0.0,0.0,0.0,0.0,0.0,0.0,0.0,0.0,0,0,0,fc177791-e713-4d35-acea-4069f780a606,0,0,0
13,95,0.0,0.0,,,38.7546101456186,0.0038115948089,-26.3559952993638,0.0043283587922,0.3053872094748,0.0285283802226,0.0,0.0,0.0,0.0,0.0,0.0,0.0,0.0,0,0,0,4e6ba79e-d598-49b4-938c-7958f59b53f6,0,0,0
14,50,0.0,0.0,,,38.7179777342711,0.0038812214547,-26.3112035261353,0.0045625656027,0.2333297274929,0.0281020888701,0.0,0.0,0.0,0.0,0.0,0.0,0.0,0.0,0,0,0,f6e5309c-38de-4632-bf21-cb271da1e973,0,0,0
15,67,0.0,0.0,,,38.643648425619,0.003952396698,-26.3211445575656,0.0043942701384,0.2760011862567,0.0312909824116,0.0,0.0,0.0,0.0,0.0,0.0,0.0,0.0,0,0,0,c2ca4486-5abe-4cbd-9dcd-7cadc9cd4cc4,0,0,0
16,100,0.0,0.0,,,38.7408271252754,0.0038544698734,-26.3184621075342,0.0044347393013,0.2280169394057,0.0268360192265,0.0,0.0,0.0,0.0,0.0,0.0,0.0,0.0,0,0,0,b6e897dc-c7d5-4c07-9f75-76fd0c8cac70,0,0,0
17,97,0.0,0.0,,,38.7283703189707,0.0039472462673,-26.4003529022563,0.0045104401404,0.2344462794013,0.0277640056409,0.0,0.0,0.0,0.0,0.0,0.0,0.0,0.0,0,0,0,685f6dd3-3220-40a2-88df-691f55caf791,0,0,0
18,41,0.0,0.0,,,38.6985672199644,0.0039107932999,-26.3990027731887,0.0044515101978,0.3008995727082,0.0282823375209,0.0,0.0,0.0,0.0,0.0,0.0,0.0,0.0,0,0,0,0446ce34-14ee-4e94-b808-093fbaaf7ea2,0,0,0
19,75,0.0,0.0,,,38.7383282936045,0.0038420073135,-26.3175698054238,0.0043264614065,0.2195118351673,0.0296127577802,0.0,0.0,0.0,0.0,0.0,0.0,0.0,0.0,0,0,0,3b3cfbc9-70eb-409f-982b-a1db63004677,0,0,0
20,41,0.0,0.0,,,38.7160572550043,0.0037932985255,-26.3134458188276,0.0045374069461,0.2893074256851,0.0259037081698,0.0,0.0,0.0,0.0,0.0,0.0,0.0,0.0,0,0,0,0035f6ac-4eb4-4a3a-b920-bccac5f7fc33,0,0,0
21,43,0.0,0.0,,,38.7502939697309,0.0038916312063,-26.3245815794904,0.0042850849854,0.2646518330697,0.0296319810356,0.0,0.0,0.0,0.0,0.0,0.0,0.0,0.0,0,0,0,49b25ac3-f6cf-47a1-82cd-f247eb6ab86d,0,0,0
22,66,0.0,0.0,,,38.6713101258805,0.0037316506797,-26.3657107948355,0.0045280357987,0.2831714948132,0.0256750661695,0.0,0.0,0.0,0.0,0.0,0.0,0.0,0.0,0,0,0,c632ed7e-16eb-43e3-98e6-5425f176b263,0,0,0
23,17,0.0,0.0,,,38.7157751278189,0.0039944252107,-26.3239291013161,0.004386264343,0.2492768314349,0.0291637748915,0.0,0.0,0.0,0.0,0.0,0.0,0.0,0.0,0,0,0,4b250d57-548d-42cc-a04a-22677b62b34a,0,0,0
24,100,0.0,0.0,,,38.6365174225484,0.0038728190802,-26.3102481061375,0.0045076185512,0.234820557883,0.0250364899609,0.0,0.0,0.0,0.0,0.0,0.0,0.0,0.0,0,0,0,d10c4be6-63af-42b8-b1ff-f1a6e58b3110,0,0,0
0,85,0.0,0.0,,,38.6498523060623,0.0062306094949,-26.5753455709673,0.0079856084021,0.1806540249001,0.0293356966188,0.0,0.0,0.0,0.0,0.0,0.0,0.0,0.0,0,0,0,23eaca45-3025-42e8-b721-d3c2b5f7deaa,0,0,0
1,81,0.0,0.0,,,38.5869547164991,0.0059745238376,-26.5357161657742,0.0079673558052,0.2088588258944,0.0295955250557,0.0,0.0,0.0,0.0,0.0,0.0,0.0,0.0,0,0,0,69097dde-d716-4bcf-b9c7-c9186e783a82,0,0,0
2,16,0.0,0.0,,,38.7328956635764,0.0058899485556,-26.566596317382,0.0079954517677,0.1844197609135,0.0304321881663,0.0,0.0,0.0,0.0,0.0,0.0,0.0,0.0,0,0,0,2505d79b-a5a3-46fc-bd65-a5a0f8542814,0,0,0
3,71,0.0,0.0,,,38.7155978326742,0.0059304355089,-26.6492084027005,0.007647883287,0.1969060600731,0.0302363817985,0.0,0.0,0.0,0.0,0.0,0.0,0.0,0.0,0,0,0,a97e7057-b46c-478f-b616-e1f34ec530c9,0,0,0
4,37,0.0,0.0,,,38.6006300652619,0.0059107575355,-26.5704912141224,0.0076533511983,0.1518449320881,0.0306146626767,0.0,0.0,0.0,0.0,0.0,0.0,0.0,0.0,0,0,0,b92aa60e-873f-4f1f-a3f5-c2b30989cdfa,0,0,0
5,93,0.0,0.0,,,38.6848041312164,0.0062634114499,-26.6006749128533,0.0080730238404,0.1450392044616,0.0283885938958,0.0,0.0,0.0,0.0,0.0,0.0,0.0,0.0,0,0,0,c5dbe09c-0064-43e6-a459-eda88a644fad,0,0,0
6,52,0.0,0.0,,,38.6463223281332,0.0059052142509,-26.5477969421626,0.007981273635,0.0972056378705,0.0279079069266,0.0,0.0,0.0,0.0,0.0,0.0,0.0,0.0,0,0,0,c433eaa0-2b28-40fe-9006-ba358f90b589,0,0,0
7,12,0.0,0.0,,,38.6953411441766,0.006140309617,-26.5907408014227,0.0078553925176,0.1349611492746,0.0304812012114,0.0,0.0,0.0,0.0,0.0,0.0,0.0,0.0,0,0,0,2f76aac9-3e73-4fd7-bfe7-8705dbd46ddc,0,0,0
8,100,0.0,0.0,,,38.7221214496571,0.0057992182592,-26.5628067221014,0.0079431354823,0.1870327298645,0.0330124830647,0.0,0.0,0.0,0.0,0.0,0.0,0.0,0.0,0,0,0,dc8ccaf0-d436-4bd6-8671-f5a70c49b948,0,0,0
9,44,0.0,0.0,,,38.6597268312633,0.0059733855757,-26.5275738286675,0.0075056227478,0.1276562905063,0.0294628532139,0.0,0.0,0.0,0.0,0.0,0.0,0.0,0.0,0,0,0,7e22a792-5ee6-4b02-b9a6-1db847a137af,0,0,0
10,60,0.0,0.0,,,38.6629231556046,0.0060031806203,-26.5514582378167,0.0079689094456,0.1544453931802,0.0295513686342,0.0,0.0,0.0,0.0,0.0,0.0,0.0,0.0,0,0,0,471eee1e-b984-40e0-9d75-af3457de87d7,0,0,0
11,15,0.0,0.0,,,38.6726253346183,0.0059358220608,-26.5844593389654,0.0075939217671,0.1835332300036,0.0295671580739,0.0,0.0,0.0,0.0,0.0,0.0,0.0,0.0,0,0,0,8d589f6a-e3eb-4b10-b551-3fae70e4a083,0,0,0
12,84,0.0,0.0,,,38.7124122066722,0.0059239572858,-26.6130145496453,0.0080105778713,0.1795906541452,0.0297352397433,0.0,0.0,0.0,0.0,0.0,0.0,0.0,0.0,0,0,0,6f8e855d-7e33-43dc-adb1-6b16e158f0c3,0,0,0
13,10,0.0,0.0,,,38.7464052579012,0.0061632738807,-26.6003215377715,0.0082073486339,0.1491171379987,0.0298368199629,0.0,0.0,0.0,0.0,0.0,0.0,0.0,0.0,0,0,0,3d6b1990-ed7c-4ac8-988f-8d3cc863fb2b,0,0,0
14,75,0.0,0.0,,,38.6767843179716,0.0059646475142,-26.6141379256705,0.0076530002316,0.1779722481142,0.0276040527232,0.0,0.0,0.0,0.0,0.0,0.0,0.0,0.0,0,0,0,6d5928a2-0e26-4cac-8907-a71aaa8307b4,0,0,0
15,9,0.0,0.0,,,38.6771456183479,0.0059016589106,-26.6143407706828,0.0079825462939,0.1842580121381,0.0282842956686,0.0,0.0,0.0,0.0,0.0,0.0,0.0,0.0,0,0,0,33f44e29-b597-4a4f-9e20-f2ae1091e50d,0,0,0
16,34,0.0,0.0,,,38.6927936065866,0.0060724875599,-26.6922888077732,0.0077792771481,0.1662005571274,0.0289993835124,0.0,0.0,0.0,0.0,0.0,0.0,0.0,0.0,0,0,0,89001f74-b49d-4647-8cfd-5d1ff97b3747,0,0,0
17,93,0.0,0.0,,,38.7092929818327,0.0058996895254,-26.5519264358553,0.0076887995854,0.2082008224759,0.0280895019611,0.0,0.0,0.0,0.0,0.0,0.0,0.0,0.0,0,0,0,ce380817-e44b-42f0-98d2-23899b80bbfa,0,0,0
18,18,0.0,0.0,,,38.7223503557988,0.0059233907015,-26.5877730466219,0.0079405446141,0.1987437369969,0.0277055382956,0.0,0.0,0.0,0.0,0.0,0.0,0.0,0.0,0,0,0,b7d3b30c-a914-4fa0-a0cf-1ef450fbd63f,0,0,0
19,11,0.0,0.0,,,38.688569507686,0.005956363505,-26.5940851694267,0.0080531511775,0.1237912222718,0.0273997659086,0.0,0.0,0.0,0.0,0.0,0.0,0.0,0.0,0,0,0,42de35fb-a321-416a-978e-313349cf77c2,0,0,0
20,46,0.0,0.0,,,38.6918379536249,0.0058654529765,-26.498058244254,0.007958229885,0.2359980194028,0.0279139885747,0.0,0.0,0.0,0.0,0.0,0.0,0.0,0.0,0,0,0,a3361079-4c10-4ec8-a5d7-a47cd9edc913,0,0,0
21,75,0.0,0.0,,,38.665860502129,0.0058782808674,-26.523092814404,0.008085845083,0.1040690521277,0.0297573237876,0.0,0.0,0.0,0.0,0.0,0.0,0.0,0.0,0,0,0,dc55f2bb-b1bd-4d8f-a40d-f95366a875e1,0,0,0
22,35,0.0,0.0,,,38.6367828249692,0.00615935206,-26.5668848432303,0.0082159796794,0.2048026033844,0.0283225322983,0.0,0.0,0.0,0.0,0.0,0.0,0.0,0.0,0,0,0,e6c88d1c-9148-4ecd-b70e-2fcae04da217,0,0,0
23,29,0.0,0.0,,,38.6524845081002,0.0059403401919,-26.6460989564143,0.0078970013027,0.1545409210773,0.0313954104434,0.0,0.0,0.0,0.0,0.0,0.0,0.0,0.0,0,0,0,e5c58362-3e7e-4823-b81b-6dbabb7cfde3,0,0,0
24,20,0.0,0.0,,,38.7375429319646,0.0058444779556,-26.5345242352826,0.0080541013641,0.1820697134479,0.0305556125327,0.0,0.0,0.0,0.0,0.0,0.0,0.0,0.0,0,0,0,c87d1f1f-c48d-47d7-aab0-7d03bd785417,0,0,0
