island,source,background,local_rms,ra_str,dec_str,ra,err_ra,dec,err_dec,peak_flux,err_peak_flux,int_flux,err_int_flux,a,err_a,b,err_b,pa,err_pa,flags,residual_mean,residual_std,uuid,psf_a,psf_b,psf_pa
0,36,0.0,0.0,,,39.7359502275409,0.001411262751,-27.4589223130151,0.0017702226892,0.7273986529041,0.0307120608306,0.0,0.0,0.0,0.0,0.0,0.0,0.0,0.0,0,0,0,3bbb9a70-b8f9-44eb-b591-2a17aef42367,0,0,0
1,0,0.0,0.0,,,39.7136977357456,0.0014527692052,-27.4399377695955,0.0018263805043,0.6779237179796,0.0329858485618,0.0,0.0,0.0,0.0,0.0,0.0,0.0,0.0,0,0,0,282514b7-e7d4-4273-a460-213b852ad418,0,0,0
2,25,0.0,0.0,,,39.5942165019615,0.001472749874,-27.4282349682558,0.0017827942696,0.7460885549916,0.0310065045286,0.0,0.0,0.0,0.0,0.0,0.0,0.0,0.0,0,0,0,0fa4aaa6-cf36-45cb-9398-43ff15b49e71,0,0,0
3,87,0.0,0.0,,,39.7232677307179,0.0014278842316,-27.5242312332742,0.0017515376818,0.7385457906563,0.0318748256394,0.0,0.0,0.0,0.0,0.0,0.0,0.0,0.0,0,0,0,ab3bdf32-eaac-4c38-9683-5772c76df5f0,0,0,0
4,91,0.0,0.0,,,39.6893465491747,0.0013996633583,-27.4975641341229,0.0018079263544,0.7304888654389,0.0324571197956,0.0,0.0,0.0,0.0,0.0,0.0,0.0,0.0,0,0,0,8caf134b-6a5c-4d54-b916-3e36202a1602,0,0,0
5,64,0.0,0.0,,,39.6924481757381,0.0014422468521,-27.392373973246,0.0017655599188,0.7157569723657,0.0284219704172,0.0,0.0,0.0,0.0,0.0,0.0,0.0,0.0,0,0,0,7008868d-47c4-41c3-a389-7008e9dd4a79,0,0,0
6,91,0.0,0.0,,,39.6757259603341,0.0014074086207,-27.4482744735426,0.0018109242672,0.777216178153,0.0321984654703,0.0,0.0,0.0,0.0,0.0,0.0,0.0,0.0,0,0,0,4e792b50-fd50-4479-9d3c-c00997234541,0,0,0
7,45,0.0,0.0,,,39.7074099969913,0.0013635444359,-27.4510498456506,0.001717196614,0.7740070897878,0.0321547794826,0.0,0.0,0.0,0.0,0.0,0.0,0.0,0.0,0,0,0,56dca224-e075-4600-a63b-b19863995a13,0,0,0
8,78,0.0,0.0,,,39.7463246223337,0.0014468098279,-27.488219619961,0.0017813536903,0.7731340592941,0.0300947278246,0.0,0.0,0.0,0.0,0.0,0.0,0.0,0.0,0,0,0,2eaa118e-8337-4f51-918b-81e1a57529a4,0,0,0
9,80,0.0,0.0,,,39.6862921278726,0.0014767689868,-27.4544215651759,0.0017811150263,0.7246216815711,0.0352926784051,0.0,0.0,0.0,0.0,0.0,0.0,0.0,0.0,0,0,0,8d8f6f82-924c-4c40-bd83-53bf16aa385d,0,0,0
10,27,0.0,0.0,,,39.7540248200249,0.0014254001186,-27.5191042724585,0.0017627727168,0.7762255022126,0.0299742987453,0.0,0.0,0.0,0.0,0.0,0.0,0.0,0.0,0,0,0,91f0bbf6-2ea4-4725-b9cd-d302f2783253,0,0,0
11,98,0.0,0.0,,,39.7094946086058,0.0014034478342,-27.3987614990753,0.0017073006195,0.7572699766617,0.0314526874998,0.0,0.0,0.0,0.0,0.0,0.0,0.0,0.0,0,0,0,ea44dcb8-bd75-439e-803e-85373698e37e,0,0,0
12,35,0.0,0.0,,,39.7308753164194,0.0013778759805,-27.3789837943342,0.0017821623064,0.7854560499208,0.0319251254624,0.0,0.0,0.0,0.0,0.0,0.0,0.0,0.0,0,0,0,c31e7fdc-a8a5-4e3f-9f80-33d61f0ee357,0,0,0
13,72,0.0,0.0,,,39.6987357440146,0.0014226381318,-27.4633740998877,0.0017837777008,0.7434725775881,0.0288478486699,0.0,0.0,0.0,0.0,0.0,0.0,0.0,0.0,0,0,0,e3fa0cff-aae2-4f61-9503-70a6969c2e95,0,0,0
14,15,0.0,0.0,,,39.7430601907465,0.0013681136121,-27.445028016705,0.0018431777575,0.7007777539019,0.0304334061844,0.0,0.0,0.0,0.0,0.0,0.0,0.0,0.0,0,0,0,988c9a31-7493-43ef-9bcf-91eefb306ec0,0,0,0
15,59,0.0,0.0,,,39.702278066959,0.0014320681843,-27.4128208569238,0.0017709084967,0.712215846835,0.03155035822,0.0,0.0,0.0,0.0,0.0,0.0,0.0,0.0,0,0,0,5ceceefc-f508-41bc-98e5-28e081f23186,0,0,0
16,99,0.0,0.0,,,39.7328041093061,0.0014959293038,-27.4270538193529,0.0018670539426,0.6689926421101,0.0317506103905,0.0,0.0,0.0,0.0,0.0,0.0,0.0,0.0,0,0,0,252ecff3-f767-41e0-ab29-b87aac1b4b3a,0,0,0
17,20,0.0,0.0,,,39.6059212535868,0.0013671843263,-27.4043553888059,0.0018084307892,0.6736708316086,0.0301727754219,0.0,0.0,0.0,0.0,0.0,0.0,0.0,0.0,0,0,0,a3697fbf-372d-4f96-b2bb-4bedc3900688,0,0,0
18,24,0.0,0.0,,,39.7090066777987,0.0014394110557,-27.4011278867153,0.0017974357581,0.6763612441238,0.030779136771,0.0,0.0,0.0,0.0,0.0,0.0,0.0,0.0,0,0,0,d7debae1-5b39-42ac-92a5-25ca34b8bc14,0,0,0
19,31,0.0,0.0,,,39.7171301631642,0.0013912622316,-27.4339806878413,0.001797702459,0.7400996602393,0.0316859686394,0.0,0.0,0.0,0.0,0.0,0.0,0.0,0.0,0,0,0,66a39adc-90f0-408f-b10e-13f39e415241,0,0,0
20,1,0.0,0.0,,,39.6892875619526,0.0013847615909,-27.4908224725514,0.0017503046252,0.723231803193,0.0320547787426,0.0,0.0,0.0,0.0,0.0,0.0,0.0,0.0,0,0,0,22b963fe-b5eb-4227-b5d0-b9a64af28ea8,0,0,0
21,0,0.0,0.0,,,39.7443174820622,0.0014136926299,-27.4901119411032,0.0018016891825,0.7414604296108,0.0318525095375,0.0,0.0,0.0,0.0,0.0,0.0,0.0,0.0,0,0,0,7c37e172-4725-423d-861f-14b9306133ba,0,0,0
22,93,0.0,0.0,,,39.7701763166158,0.0014299399273,-27.4605463823718,0.0017920982871,0.7250948893169,0.0322314122018,0.0,0.0,0.0,0.0,0.0,0.0,0.0,0.0,0,0,0,ee41d87b-8a74-4d4f-853c-2a3208655b59,0,0,0
23,58,0.0,0.0,,,39.6507788529948,0.0013603068191,-27.52892878707,0.001815415271,0.7275207992007,0.0325639763834,0.0,0.0,0.0,0.0,0.0,0.0,0.0,0.0,0,0,0,b45bba37-90fe-46ec-8a43-c097a6eca007,0,0,0
24,29,0.0,0.0,,,39.7723105280684,0.0014437902064,-27.479973742701,0.0017140921566,0.7016442104932,0.0313118678478,0.0,0.0,0.0,0.0,0.0,0.0,0.0,0.0,0,0,0,fb8820fa-1f7b-46e9-bf4f-0e390de65704,0,0,0
0,75,0.0,0.0,,,37.9344037132142,0.0032031075772,-29.9598964007322,0.0036883646019,0.3132599438852,0.0298302683099,0.0,0.0,0.0,0.0,0.0,0.0,0.0,0.0,0,0,0,ddbf400c-69b5-462a-9a42-24ed050274a6,0,0,0
1,37,0.0,0.0,,,37.8574419149386,0.0032883796296,-29.9817386415774,0.0036410342652,0.267129153032,0.0291078121967,0.0,0.0,0.0,0.0,0.0,0.0,0.0,0.0,0,0,0,53548cb4-e6ee-46f6-b06b-8d0a15b68229,0,0,0
2,7,0.0,0.0,,,37.8070060487957,0.0032395050735,-29.9581053709151,0.0037439848769,0.2690131454266,0.0312122341616,0.0,0.0,0.0,0.0,0.0,0.0,0.0,0.0,0,0,0,ab55b550-74d7-4d38-a7e7-f07cb0d64d23,0,0,0
3,51,0.0,0.0,,,37.7810406066534,0.0031532013366,-29.9885880638496,0.0036896764564,0.2328606936588,0.0302103058328,0.0,0.0,0.0,0.0,0.0,0.0,0.0,0.0,0,0,0,d4af780a-90af-4d19-90b6-5a9e1d1884ea,0,0,0
4,42,0.0,0.0,,,37.8891936449212,0.0033516695666,-30.0439366251143,0.0036744790712,0.2908372777486,0.0309400467902,0.0,0.0,0.0,0.0,0.0,0.0,0.0,0.0,0,0,0,6a37d24f-da73-4874-be35-134ceb07e160,0,0,0
5,20,0.0,0.0,,,37.9391805820831,0.0031191107467,-30.0709829562335,0.0036696149754,0.2712739727696,0.0286978057956,0.0,0.0,0.0,0.0,0.0,0.0,0.0,0.0,0,0,0,eb8f02c3-f5e7-47b0-a31e-7965d30e99fa,0,0,0
6,10,0.0,0.0,,,37.884056544722,0.0033196302887,-29.929788829667,0.0038046660419,0.3068720325754,0.0321455837792,0.0,0.0,0.0,0.0,0.0,0.0,0.0,0.0,0,0,0,f3eb5191-4a03-46e4-a733-d22dddf4d000,0,0,0
7,49,0.0,0.0,,,37.9050522577173,0.0031291470042,-29.9999938736614,0.0036743281556,0.2866046948694,0.0305426644093,0.0,0.0,0.0,0.0,0.0,0.0,0.0,0.0,0,0,0,d09be840-bf0d-4329-b445-f1eae4ff600c,0,0,0
8,56,0.0,0.0,,,37.7846592569322,0.0032221084571,-29.9682945204564,0.0034940900381,0.2739155106969,0.0319310505742,0.0,0.0,0.0,0.0,0.0,0.0,0.0,0.0,0,0,0,6e469328-daf6-4ae1-9092-edc8aabfb986,0,0,0
9,10,0.0,0.0,,,37.734258463143,0.0031794008763,-30.0174298285189,0.0037611115125,0.2803465413736,0.0318636483201,0.0,0.0,0.0,0.0,0.0,0.0,0.0,0.0,0,0,0,a38437b4-b21d-4a87-aea8-c0c106a19719,0,0,0
10,68,0.0,0.0,,,37.8592821155272,0.0032293535475,-29.9622730648287,0.0035527577372,0.3364418905872,0.0287148798326,0.0,0.0,0.0,0.0,0.0,0.0,0.0,0.0,0,0,0,43b49d2b-c6d0-4a44-9e39-f07d484f4f2c,0,0,0
11,12,0.0,0.0,,,37.793951780765,0.0031670491817,-29.9689107626133,0.0037392431016,0.2870682223586,0.0271379053325,0.0,0.0,0.0,0.0,0.0,0.0,0.0,0.0,0,0,0,af79b817-99d3-4917-8997-f3c3d0d29227,0,0,0
12,96,0.0,0.0,,,37.9083785597656,0.0031050976827,-29.9387223192666,0.0037141065182,0.3004212115726,0.029348764714,0.0,0.0,0.0,0.0,0.0,0.0,0.0,0.0,0,0,0,a375e803-0d76-4be1-be0d-4cb3ef3d06c7,0,0,0
13,51,0.0,0.0,,,37.8166774489342,0.003216252071,-29.9295324279163,0.0037808675622,0.2607899484833,0.0297020257416,0.0,0.0,0.0,0.0,0.0,0.0,0.0,0.0,0,0,0,ce9cf55d-64b3-46aa-9798-86a395bad725,0,0,0
14,60,0.0,0.0,,,37.8122313618969,0.0030566104557,-29.9406868254575,0.0038045539643,0.2794230821721,0.0303079328907,0.0,0.0,0.0,0.0,0.0,0.0,0.0,0.0,0,0,0,71e9aba2-7029-4ba1-8842-da5dd7269432,0,0,0
15,18,0.0,0.0,,,37.8404288639409,0.0032358722051,-30.0011766591967,0.0038132721345,0.3127426115445,0.0297688360658,0.0,0.0,0.0,0.0,0.0,0.0,0.0,0.0,0,0,0,80cf2d32-ceec-4e1d-b4d5-ce2801e27077,0,0,0
16,24,0.0,0.0,,,37.8334227315712,0.0032334644834,-29.9498687666279,0.0038056275504,0.2798297290778,0.0308122211824,0.0,0.0,0.0,0.0,0.0,0.0,0.0,0.0,0,0,0,dd10918d-2e58-4fe1-9064-bb131b153a59,0,0,0
17,63,0.0,0.0,,,37.7911816349598,0.0031633338188,-29.9382470957384,0.0036416504167,0.3251198553154,0.0280319660296,0.0,0.0,0.0,0.0,0.0,0.0,0.0,0.0,0,0,0,ebc99272-5983-413a-bb1c-eb02afeff230,0,0,0
18,62,0.0,0.0,,,37.7902912672045,0.0032004469202,-30.0089029997764,0.003788834439,0.3065850951952,0.0301559278444,0.0,0.0,0.0,0.0,0.0,0.0,0.0,0.0,0,0,0,93dfe948-da84-4b93-95f6-4760cf8a6785,0,0,0
19,27,0.0,0.0,,,37.8078204725917,0.0032797136779,-29.9858645086692,0.0036716070683,0.3451418408463,0.0286804016638,0.0,0.0,0.0,0.0,0.0,0.0,0.0,0.0,0,0,0,61433ac8-c2ed-441d-86ad-eadc3bd46eae,0,0,0
20,80,0.0,0.0,,,37.799525960818,0.0030909787922,-29.9582663334781,0.003534112327,0.2364022932448,0.028968028017,0.0,0.0,0.0,0.0,0.0,0.0,0.0,0.0,0,0,0,ea3e0405-a49b-4d53-9826-70a82e87a94c,0,0,0
21,69,0.0,0.0,,,37.8148156802494,0.0032103609219,-29.9986459376577,0.0036541544455,0.3722779629764,0.0334214136352,0.0,0.0,0.0,0.0,0.0,0.0,0.0,0.0,0,0,0,1f0ef7ba-f053-4bed-83c9-87695f3d333f,0,0,0
22,54,0.0,0.0,,,37.840719900533,0.0032598326079,-29.9743132322988,0.0038053017235,0.2758832723201,0.0289758792298,0.0,0.0,0.0,0.0,0.0,0.0,0.0,0.0,0,0,0,c2957d6f-cd5a-416d-a8c8-114d770d6346,0,0,0
23,12,0.0,0.0,,,37.8073345537339,0.0033048914538,-29.9934960535209,0.0038068027685,0.3035187431099,0.0291611244076,0.0,0.0,0.0,0.0,0.0,0.0,0.0,0.0,0,0,0,4f8a1ab8-574a-4a6a-b827-a1b3af71d254,0,0,0
24,90,0.0,0.0,,,37.7695948948557,0.003229517774,-29.9215723426572,0.0038590121324,0.3360854519983,0.0272510978207,0.0,0.0,0.0,0.0,0.0,0.0,0.0,0.0,0,0,0,09cbb37a-05dc-456a-a509-a31f8549fa69,0,0,0
