island,source,background,local_rms,ra_str,dec_str,ra,err_ra,dec,err_dec,peak_flux,err_peak_flux,int_flux,err_int_flux,a,err_a,b,err_b,pa,err_pa,flags,residual_mean,residual_std,uuid,psf_a,psf_b,psf_pa
0,6,0.0,0.0,,,37.795488247942,0.0012027984049,-27.3631036776135,0.0016275294774,0.7614173723199,0.0264553598531,0.0,0.0,0.0,0.0,0.0,0.0,0.0,0.0,0,0,0,34fe0460-bf0f-4a36-a983-9a9938d37f23,0,0,0
1,62,0.0,0.0,,,37.8291630179057,0.0012237066169,-27.3811759524782,0.001673377154,0.772320049743,0.0250039352769,0.0,0.0,0.0,0.0,0.0,0.0,0.0,0.0,0,0,0,00ed94e8-0b1c-4cee-92ec-540d209347c9,0,0,0
2,73,0.0,0.0,,,37.811370128343,0.0012032466506,-27.3686725529243,0.0017924505991,0.6861708892506,0.0276639251277,0.0,0.0,0.0,0.0,0.0,0.0,0.0,0.0,0,0,0,6e3768b1-cd85-4cb1-a237-23c08c95793e,0,0,0
3,6,0.0,0.0,,,37.8817922096007,0.0012643948775,-27.3546555458149,0.0016847608283,0.7053725724756,0.0268064949286,0.0,0.0,0.0,0.0,0.0,0.0,0.0,0.0,0,0,0,41d18559-b447-402b-a3ef-0a6c717a26f4,0,0,0
4,41,0.0,0.0,,,37.8655289922316,0.0012043291671,-27.3900331726159,0.0016805721011,0.7257613748815,0.028217434714,0.0,0.0,0.0,0.0,0.0,0.0,0.0,0.0,0,0,0,5789f9d9-47a6-4292-a93f-1ac35355c51b,0,0,0
5,6,0.0,0.0,,,37.8131521107708,0.0012167220341,-27.401154516114,0.0017195475627,0.7256318067011,0.0278567816153,0.0,0.0,0.0,0.0,0.0,0.0,0.0,0.0,0,0,0,87de24d0-1c66-4ecc-a31d-22859e086475,0,0,0
6,21,0.0,0.0,,,37.8363344729143,0.0012382337273,-27.3152174094885,0.0016737497381,0.7427821514558,0.0296570861808,0.0,0.0,0.0,0.0,0.0,0.0,0.0,0.0,0,0,0,3541197d-e0bc-4a71-b78e-7ae325a82041,0,0,0
7,95,0.0,0.0,,,37.8856705067749,0.0012135713858,-27.4461480968097,0.0017359376836,0.7665749619566,0.0292923737194,0.0,0.0,0.0,0.0,0.0,0.0,0.0,0.0,0,0,0,d3118368-810a-414f-87d3-0da94cad175d,0,0,0
8,80,0.0,0.0,,,37.7977428232223,0.0012003628458,-27.3672449142232,0.0016903840972,0.7230807920273,0.0290226364027,0.0,0.0,0.0,0.0,0.0,0.0,0.0,0.0,0,0,0,0d64fb7e-2095-42c2-895e-d3c29d450ee8,0,0,0
9,8,0.0,0.0,,,37.7819846578018,0.0012422019839,-27.346031863336,0.0017380848247,0.7418193715931,0.02844368379,0.0,0.0,0.0,0.0,0.0,0.0,0.0,0.0,0,0,0,f488edb1-4d69-4f3a-bf73-3207d2b5984c,0,0,0
10,52,0.0,0.0,,,37.7932626759444,0.0012747283981,-27.3798721711093,0.0016870932551,0.6719304570605,0.0256371306299,0.0,0.0,0.0,0.0,0.0,0.0,0.0,0.0,0,0,0,87b1af59-316c-484d-958d-1ef96921732c,0,0,0
11,30,0.0,0.0,,,37.8076150094143,0.0012895893787,-27.320990874155,0.0016618033722,0.7137715893,0.0273973840135,0.0,0.0,0.0,0.0,0.0,0.0,0.0,0.0,0,0,0,3dd385ff-c502-421f-9eb5-dc3ae923daa8,0,0,0
12,18,0.0,0.0,,,37.7866820512868,0.0011809326341,-27.3635405839574,0.0017607480755,0.693885093391,0.0282220281109,0.0,0.0,0.0,0.0,0.0,0.0,0.0,0.0,0,0,0,249c74cf-44f4-413d-b1d0-256f436aa9a5,0,0,0
13,49,0.0,0.0,,,37.8550970959957,0.001248669339,-27.4611098025728,0.0016981136724,0.7133080668547,0.0259165219871,0.0,0.0,0.0,0.0,0.0,0.0,0.0,0.0,0,0,0,1942fcd8-c5f1-4c7e-8959-f98fef6c6ed7,0,0,0
14,3,0.0,0.0,,,37.7837817396804,0.0012351533221,-27.3522215649494,0.0017128489914,0.7803670555505,0.0296317279846,0.0,0.0,0.0,0.0,0.0,0.0,0.0,0.0,0,0,0,717df4c0-0c72-4e1c-b308-43bcb0da05d4,0,0,0
15,2,0.0,0.0,,,37.8536422227655,0.0011822312524,-27.4006220337024,0.0016269809158,0.7511887650793,0.027435786469,0.0,0.0,0.0,0.0,0.0,0.0,0.0,0.0,0,0,0,4c503e65-9eb2-4c83-b382-620907b827a6,0,0,0
16,49,0.0,0.0,,,37.8559534956299,0.0012302753978,-27.4171768717366,0.0016680859301,0.6973528714501,0.0275267269987,0.0,0.0,0.0,0.0,0.0,0.0,0.0,0.0,0,0,0,7aa92ce8-e58e-4232-a2b3-46a005d5cb1c,0,0,0
17,13,0.0,0.0,,,37.8489649196331,0.0012322102872,-27.3483559602904,0.0016494249383,0.6922615323766,0.0267082407174,0.0,0.0,0.0,0.0,0.0,0.0,0.0,0.0,0,0,0,b0424db1-b500-4e5a-b000-3efcb2acec06,0,0,0
18,7,0.0,0.0,,,37.8398294525732,0.0012668010969,-27.3637272511135,0.0016014646023,0.6928661280753,0.0283579991178,0.0,0.0,0.0,0.0,0.0,0.0,0.0,0.0,0,0,0,a56dd2ba-93c3-465d-bdd1-82eac90f2f77,0,0,0
19,78,0.0,0.0,,,37.7740833295274,0.0011843297518,-27.3246409254896,0.0016759029175,0.7361962332784,0.027091900573,0.0,0.0,0.0,0.0,0.0,0.0,0.0,0.0,0,0,0,86bb6e08-a058-47a0-b43d-98d5d2f05909,0,0,0
20,100,0.0,0.0,,,37.8054684215773,0.0012243060003,-27.3822016729644,0.0017176311382,0.7236010648374,0.0275304380716,0.0,0.0,0.0,0.0,0.0,0.0,0.0,0.0,0,0,0,380450fb-32b6-41b1-8885-0792b4f0661c,0,0,0
21,98,0.0,0.0,,,37.7479713900111,0.0012457141226,-27.4156315266541,0.0016443686651,0.6896415415934,0.0257482378421,0.0,0.0,0.0,0.0,0.0,0.0,0.0,0.0,0,0,0,ba2d1173-56ae-4d16-ab6b-a088e99fe4e6,0,0,0
22,89,0.0,0.0,,,37.7140399570837,0.0012175632299,-27.3959654407042,0.0016086894556,0.7302208313506,0.0273174484577,0.0,0.0,0.0,0.0,0.0,0.0,0.0,0.0,0,0,0,4fa4d5ac-c006-44b7-9a26-acc5242717bb,0,0,0
23,27,0.0,0.0,,,37.8549959538733,0.0012108481322,-27.3975539688372,0.0016103289125,0.7641481501791,0.0266690335398,0.0,0.0,0.0,0.0,0.0,0.0,0.0,0.0,0,0,0,3926c97c-634e-4a6e-a291-24187237b7bb,0,0,0
24,81,0.0,0.0,,,37.8503223569683,0.0012192990813,-27.3903288546503,0.0016799382276,0.7276697466344,0.0288557612545,0.0,0.0,0.0,0.0,0.0,0.0,0.0,0.0,0,0,0,2ba4ab8a-9133-491a-8d99-4117453bc627,0,0,0
0,18,0.0,0.0,,,38.4785055885176,0.000694920059,-29.7438170366062,0.0008164628136,1.4546264949165,0.0290143476506,0.0,0.0,0.0,0.0,0.0,0.0,0.0,0.0,0,0,0,64fdbf4a-599b-456f-97a2-5e1d8b6c67e0,0,0,0
1,12,0.0,0.0,,,38.4562435266216,0.0006703505486,-29.715709009614,0.0008685431968,1.5432958401351,0.0312444232841,0.0,0.0,0.0,0.0,0.0,0.0,0.0,0.0,0,0,0,847bc53c-7866-4a4a-9496-f360a6a7d6f8,0,0,0
2,15,0.0,0.0,,,38.4701870020902,0.0007040174796,-29.6868035763813,0.0008556224555,1.4763191851062,0.0324546606759,0.0,0.0,0.0,0.0,0.0,0.0,0.0,0.0,0,0,0,de405729-c10e-47d9-8d10-9a9601af348a,0,0,0
3,17,0.0,0.0,,,38.5614484705261,0.0006785228721,-29.6632454341809,0.0008392062431,1.502539822435,0.029080693797,0.0,0.0,0.0,0.0,0.0,0.0,0.0,0.0,0,0,0,5870e7c0-dfcd-4faf-8527-1079d08621ae,0,0,0
4,35,0.0,0.0,,,38.5090229521981,0.0006650178542,-29.7235273796511,0.0008404192499,1.5250611616038,0.0307682458075,0.0,0.0,0.0,0.0,0.0,0.0,0.0,0.0,0,0,0,7833d3de-24da-45c1-8054-347d00d3797f,0,0,0
5,16,0.0,0.0,,,38.483768953918,0.0006737872285,-29.7495311527646,0.0008543384754,1.4434841989396,0.0309131809566,0.0,0.0,0.0,0.0,0.0,0.0,0.0,0.0,0,0,0,08b950e3-523d-416d-aba0-935c1d867604,0,0,0
6,94,0.0,0.0,,,38.5367008940803,0.0006851654781,-29.6923999138296,0.0008468081389,1.5134574376492,0.0309792412348,0.0,0.0,0.0,0.0,0.0,0.0,0.0,0.0,0,0,0,53696b6d-02c4-4496-b351-0b89abe59556,0,0,0
7,36,0.0,0.0,,,38.4960660454335,0.0006938291725,-29.7160716142804,0.0008391722627,1.5037171524478,0.0330480951952,0.0,0.0,0.0,0.0,0.0,0.0,0.0,0.0,0,0,0,fa8431d4-acbd-4b5c-bd21-9d4afa1c5409,0,0,0
8,26,0.0,0.0,,,38.5232645639549,0.0006599947935,-29.7196116519114,0.0008341467903,1.4301288499575,0.0304868541874,0.0,0.0,0.0,0.0,0.0,0.0,0.0,0.0,0,0,0,762ea7d9-f7a4-46d3-92ae-1ebff13baef0,0,0,0
9,39,0.0,0.0,,,38.5706566867022,0.000690934337,-29.7595280098514,0.000800502618,1.5051680757405,0.0343129753244,0.0,0.0,0.0,0.0,0.0,0.0,0.0,0.0,0,0,0,51ffc0c9-b378-4341-913a-f1b704ed282f,0,0,0
10,19,0.0,0.0,,,38.4715604346067,0.0006621548844,-29.7780815489563,0.0008321171827,1.5093408920198,0.0305139584398,0.0,0.0,0.0,0.0,0.0,0.0,0.0,0.0,0,0,0,c6bc4421-55e0-436d-8153-dce51419ee92,0,0,0
11,85,0.0,0.0,,,38.6228623974797,0.0006982016753,-29.7079471784066,0.0008421023928,1.5392520252036,0.0297143543596,0.0,0.0,0.0,0.0,0.0,0.0,0.0,0.0,0,0,0,4167283f-b2e2-43ff-8398-680d3deaa181,0,0,0
12,9,0.0,0.0,,,38.5351192879688,0.0006952323591,-29.652541320572,0.000864889046,1.5198342650695,0.030833030097,0.0,0.0,0.0,0.0,0.0,0.0,0.0,0.0,0,0,0,e4de9fba-c663-4e6c-9780-f8c498f624bc,0,0,0
13,1,0.0,0.0,,,38.4836943498921,0.0006645891625,-29.7068337311109,0.0008412983597,1.5052543638564,0.0341288142083,0.0,0.0,0.0,0.0,0.0,0.0,0.0,0.0,0,0,0,64be3959-55a9-4848-898c-f9b743d5020b,0,0,0
14,22,0.0,0.0,,,38.4752354333972,0.0006856029776,-29.6942040517752,0.0008550369672,1.4849439969165,0.0309120714352,0.0,0.0,0.0,0.0,0.0,0.0,0.0,0.0,0,0,0,9dcdd310-d3c5-4d99-9e58-bd68c434b72a,0,0,0
15,26,0.0,0.0,,,38.5287527383284,0.0006956431567,-29.7050082793041,0.0008795632134,1.5266443373277,0.0308454092974,0.0,0.0,0.0,0.0,0.0,0.0,0.0,0.0,0,0,0,60dd8996-50cb-4833-aacb-27a3ce024c42,0,0,0
16,6,0.0,0.0,,,38.5539844672362,0.0006911141031,-29.6978482833606,0.0008160245653,1.5748817971896,0.0334677350179,0.0,0.0,0.0,0.0,0.0,0.0,0.0,0.0,0,0,0,231a48db-7a74-4513-a163-8f88610c6441,0,0,0
17,65,0.0,0.0,,,38.4413853545495,0.0006909480126,-29.7798581186036,0.0008223528607,1.5318372972434,0.0310390067162,0.0,0.0,0.0,0.0,0.0,0.0,0.0,0.0,0,0,0,64660ec0-19cb-4feb-a129-8512ae37d19f,0,0,0
18,58,0.0,0.0,,,38.529789360716,0.0006798366359,-29.7207284023507,0.0008193209607,1.5321623128692,0.0295389795666,0.0,0.0,0.0,0.0,0.0,0.0,0.0,0.0,0,0,0,189bee48-5be8-4d2e-9d72-132df8f5fda0,0,0,0
19,12,0.0,0.0,,,38.5172765232091,0.0006822885688,-29.7006991206172,0.0008089331598,1.4448352264298,0.0254647662053,0.0,0.0,0.0,0.0,0.0,0.0,0.0,0.0,0,0,0,9e4bd6df-71ab-4c9c-aa44-87a6e7cb35a0,0,0,0
20,0,0.0,0.0,,,38.5004110697605,0.0006550119318,-29.6998520571665,0.0008139466988,1.5237934209365,0.0263473775392,0.0,0.0,0.0,0.0,0.0,0.0,0.0,0.0,0,0,0,5cdb35e4-ebf4-4599-b664-16a92aafe917,0,0,0
21,8,0.0,0.0,,,38.4778381081448,0.0007106684818,-29.6991466549846,0.0008305951835,1.4795387993283,0.0278847350447,0.0,0.0,0.0,0.0,0.0,0.0,0.0,0.0,0,0,0,ee756e19-6d75-4388-8370-4c20a8915740,0,0,0
22,24,0.0,0.0,,,38.4632621893066,0.0006945883541,-29.7107408435548,0.0008548993616,1.4947909483916,0.0288610552016,0.0,0.0,0.0,0.0,0.0,0.0,0.0,0.0,0,0,0,d223094c-5bcc-4847-8454-4362705566ce,0,0,0
23,52,0.0,0.0,,,38.5138643111508,0.0006976349522,-29.7725917876957,0.0008584284957,1.5394661437202,0.0300061298941,0.0,0.0,0.0,0.0,0.0,0.0,0.0,0.0,0,0,0,042fb42e-107f-48e2-9aea-8118a8c293e5,0,0,0
24,65,0.0,0.0,,,38.5229408979722,0.0007109799028,-29.6464448456515,0.00085129262,1.5720670025771,0.0305652492848,0.0,0.0,0.0,0.0,0.0,0.0,0.0,0.0,0,0,0,7f8b3019-9a32-4cb4-8a1e-e8239e626fc1,0,0,0
0,26,0.0,0.0,,,40.8132042557603,0.0019156959149,-27.502433590623,0.0020321605092,0.7861676786199,0.0373509580769,0.0,0.0,0.0,0.0,0.0,0.0,0.0,0.0,0,0,0,500fb0e7-dc32-452c-9e73-268767f8efa0,0,0,0
1,29,0.0,0.0,,,40.6920520304832,0.0019199620484,-27.5221423507074,0.0020017324034,0.830407899705,0.0385379008115,0.0,0.0,0.0,0.0,0.0,0.0,0.0,0.0,0,0,0,c1bcd569-53dd-407f-918c-05a69433418a,0,0,0
2,81,0.0,0.0,,,40.796259521264,0.001957804896,-27.4290393262888,0.0019684556888,0.7108044429147,0.0379422499007,0.0,0.0,0.0,0.0,0.0,0.0,0.0,0.0,0,0,0,069d9313-c53a-4c8b-8575-7a0d65afde50,0,0,0
3,77,0.0,0.0,,,40.7757818081036,0.0020563221898,-27.4306289877513,0.0019797220692,0.786640063419,0.0395070864808,0.0,0.0,0.0,0.0,0.0,0.0,0.0,0.0,0,0,0,2843f161-6762-47f0-bad2-0913e6cfc7d1,0,0,0
4,56,0.0,0.0,,,40.738077750962,0.0019889900969,-27.4385763066511,0.0019299238157,0.7504128324968,0.0371134846175,0.0,0.0,0.0,0.0,0.0,0.0,0.0,0.0,0,0,0,75f52950-8b64-4902-9589-019afb448d6e,0,0,0
5,77,0.0,0.0,,,40.8272940383576,0.001979974294,-27.4797303847637,0.0019592830925,0.803547908173,0.0379633217934,0.0,0.0,0.0,0.0,0.0,0.0,0.0,0.0,0,0,0,1cd855c2-1069-4d52-aae8-3b7f2e01d08d,0,0,0
6,9,0.0,0.0,,,40.8087800463536,0.00196437372,-27.5156887984489,0.0019428186827,0.7269207446447,0.0347814603942,0.0,0.0,0.0,0.0,0.0,0.0,0.0,0.0,0,0,0,dd2bbddf-f76c-4a18-be73-933ff0c8ecfd,0,0,0
7,64,0.0,0.0,,,40.787374604437,0.0019761535891,-27.5126171919743,0.0019906234633,0.7364623777088,0.0420344807648,0.0,0.0,0.0,0.0,0.0,0.0,0.0,0.0,0,0,0,63df0af6-58db-428a-ae01-78a8122b4b4a,0,0,0
8,60,0.0,0.0,,,40.7668416596462,0.0019217725847,-27.4468719903112,0.0020396648812,0.8189460054914,0.0367553421028,0.0,0.0,0.0,0.0,0.0,0.0,0.0,0.0,0,0,0,e7b9ee6e-d07c-4c42-923d-d6c7ffb6e4d1,0,0,0
9,92,0.0,0.0,,,40.8797692754055,0.0020577930901,-27.522269755259,0.0019648946878,0.7785109037909,0.0398213634613,0.0,0.0,0.0,0.0,0.0,0.0,0.0,0.0,0,0,0,ff4b32d4-1889-49d9-8c03-df97ba77d550,0,0,0
10,30,0.0,0.0,,,40.8139224785786,0.0019966481602,-27.5206765758916,0.0020250461386,0.7799580462794,0.0364114060417,0.0,0.0,0.0,0.0,0.0,0.0,0.0,0.0,0,0,0,806de6ff-0943-4643-b290-799215c7b3e0,0,0,0
11,36,0.0,0.0,,,40.8355132293193,0.0019205337695,-27.4782035452509,0.0019583096158,0.7613785824147,0.0372798925269,0.0,0.0,0.0,0.0,0.0,0.0,0.0,0.0,0,0,0,1da49db6-96a1-4daf-a24f-156e88476994,0,0,0
12,55,0.0,0.0,,,40.7892227244556,0.0019362958075,-27.468337147137,0.0020445655105,0.7731445978746,0.0383251406262,0.0,0.0,0.0,0.0,0.0,0.0,0.0,0.0,0,0,0,b2991e27-b3ba-4cda-aedf-f9d4f87633d8,0,0,0
13,9,0.0,0.0,,,40.7681271437072,0.0020336614315,-27.4778337029247,0.0019344468735,0.7212412981194,0.0367447070689,0.0,0.0,0.0,0.0,0.0,0.0,0.0,0.0,0,0,0,91227a3b-af9e-44b1-9711-6290c936db03,0,0,0
14,86,0.0,0.0,,,40.8598907298499,0.0020118770329,-27.4593751416986,0.0019591010326,0.7887646253462,0.0390417196478,0.0,0.0,0.0,0.0,0.0,0.0,0.0,0.0,0,0,0,20e785f5-62d7-4b95-9473-0bf5dc085c5f,0,0,0
15,77,0.0,0.0,,,40.8190390218611,0.0020389952054,-27.4683228220138,0.0020676657085,0.7410764143677,0.0413213814572,0.0,0.0,0.0,0.0,0.0,0.0,0.0,0.0,0,0,0,ba68b800-f9fc-4661-95fd-7cf1ffcf133c,0,0,0
16,40,0.0,0.0,,,40.7982086459952,0.0019779508869,-27.5318203349535,0.0019815806241,0.7588626677437,0.0351611705945,0.0,0.0,0.0,0.0,0.0,0.0,0.0,0.0,0,0,0,9c32c8ac-52f2-46b9-99c7-3fb2ef40eeaa,0,0,0
17,23,0.0,0.0,,,40.8732471919865,0.0019309830219,-27.4899015696157,0.0020631854489,0.7489183888998,0.0381628678124,0.0,0.0,0.0,0.0,0.0,0.0,0.0,0.0,0,0,0,f7989a81-067e-4f3a-b8bd-ac423ad4504f,0,0,0
18,45,0.0,0.0,,,40.7846228621142,0.0019942113171,-27.4829300102485,0.0020012237508,0.756440495853,0.0353624780234,0.0,0.0,0.0,0.0,0.0,0.0,0.0,0.0,0,0,0,f685d903-8f36-4940-b135-248b1234b86e,0,0,0
19,33,0.0,0.0,,,40.8299290440302,0.0020216867724,-27.5240890493434,0.002026275732,0.7219621994788,0.0363409830284,0.0,0.0,0.0,0.0,0.0,0.0,0.0,0.0,0,0,0,8abd74cc-7e58-4595-8ad8-32d8c25f5ecd,0,0,0
20,87,0.0,0.0,,,40.7959420550815,0.0020404665006,-27.4222317608452,0.0020438540387,0.7700985712326,0.0347979929641,0.0,0.0,0.0,0.0,0.0,0.0,0.0,0.0,0,0,0,ca60e81d-8787-4ee3-9edc-a52a85eb2015,0,0,0
21,32,0.0,0.0,,,40.8992534591754,0.002050349802,-27.5495073737881,0.0019439759206,0.7485132176324,0.0401021383253,0.0,0.0,0.0,0.0,0.0,0.0,0.0,0.0,0,0,0,2ca07f0e-f6a5-4f3f-94c4-01c62e7f167f,0,0,0
22,30,0.0,0.0,,,40.7377373290739,0.0020256153836,-27.4404193270466,0.0020567152941,0.7205285884072,0.0359951005978,0.0,0.0,0.0,0.0,0.0,0.0,0.0,0.0,0,0,0,14ef54c3-f627-4b4e-9567-fa35b0f235cf,0,0,0
23,46,0.0,0.0,,,40.8505581032279,0.0019364529854,-27.4678304692464,0.0020408621744,0.8086333282636,0.038814690766,0.0,0.0,0.0,0.0,0.0,0.0,0.0,0.0,0,0,0,362bedfa-f84a-496e-ac0e-463c941afacd,0,0,0
24,79,0.0,0.0,,,40.8222424170929,0.0019213149326,-27.6063031604886,0.002075618927,0.7912766988779,0.0371922945956,0.0,0.0,0.0,0.0,0.0,0.0,0.0,0.0,0,0,0,01b38009-7139-4081-b1d9-f733000df61d,0,0,0
0,42,0.0,0.0,,,39.0243273260408,0.0003100352295,-28.7910096901827,0.0003886732835,3.437683765416,0.0332647741247,0.0,0.0,0.0,0.0,0.0,0.0,0.0,0.0,0,0,0,0ffbac3d-79d9-4e38-94ff-d7d92a0e12ac,0,0,0
1,82,0.0,0.0,,,39.0125181170743,0.000316773541,-28.7944969263672,0.0003835355548,3.4653926957472,0.0326935553953,0.0,0.0,0.0,0.0,0.0,0.0,0.0,0.0,0,0,0,37bbcb84-d511-4011-b79a-badaca412a8d,0,0,0
2,68,0.0,0.0,,,39.0613412637784,0.0002935119518,-28.8524260601156,0.0003903423038,3.4902940107731,0.0312586002448,0.0,0.0,0.0,0.0,0.0,0.0,0.0,0.0,0,0,0,8518c7eb-165a-4788-803d-439bfa2c037c,0,0,0
3,70,0.0,0.0,,,38.9881875462545,0.0003012404321,-28.8307065853214,0.0003800436177,3.4493597804312,0.0312748107683,0.0,0.0,0.0,0.0,0.0,0.0,0.0,0.0,0,0,0,a4b7939e-7e71-49bf-9423-5ccdd91339c5,0,0,0
4,22,0.0,0.0,,,38.994867969444,0.0003151130698,-28.8762721867875,0.0003881470712,3.4604659919335,0.0327866484992,0.0,0.0,0.0,0.0,0.0,0.0,0.0,0.0,0,0,0,ebe86911-a34e-467e-819f-67301fc94058,0,0,0
5,91,0.0,0.0,,,39.1239196682663,0.0003139453212,-28.8201166034458,0.0004030953792,3.4799700073234,0.0326784853018,0.0,0.0,0.0,0.0,0.0,0.0,0.0,0.0,0,0,0,7f6bf995-1990-4129-be6d-9a82f4ade89a,0,0,0
6,84,0.0,0.0,,,38.9400281235369,0.0003211431323,-28.8683342355436,0.000392589151,3.46653688029,0.032908176267,0.0,0.0,0.0,0.0,0.0,0.0,0.0,0.0,0,0,0,d4d4000b-7c46-4b06-ab45-b64665792fd4,0,0,0
7,99,0.0,0.0,,,38.9992402264588,0.0003103620495,-28.9004878636844,0.0003832399479,3.5006573738026,0.0341325223121,0.0,0.0,0.0,0.0,0.0,0.0,0.0,0.0,0,0,0,f01b81dd-84cb-4853-be35-db641a587821,0,0,0
8,83,0.0,0.0,,,39.026400903248,0.0003029304903,-28.8121006681697,0.000379490042,3.5475614953048,0.0318285523505,0.0,0.0,0.0,0.0,0.0,0.0,0.0,0.0,0,0,0,e0f12548-b4e9-49bc-87c7-f4aba306775d,0,0,0
9,69,0.0,0.0,,,38.9978812959571,0.0002991699799,-28.8352828592163,0.0003905313539,3.4160958173409,0.0337804275762,0.0,0.0,0.0,0.0,0.0,0.0,0.0,0.0,0,0,0,300d2beb-f019-4eb8-b697-68efd863bcba,0,0,0
10,48,0.0,0.0,,,38.9161414153246,0.0003086282121,-28.8712555011188,0.0003779703877,3.5074794064687,0.0347029821054,0.0,0.0,0.0,0.0,0.0,0.0,0.0,0.0,0,0,0,95124ce1-5657-4a74-a9f2-8e37a51572ec,0,0,0
11,39,0.0,0.0,,,38.9322319833413,0.0003182565913,-28.8141591007783,0.0003994627302,3.456737780916,0.035446886367,0.0,0.0,0.0,0.0,0.0,0.0,0.0,0.0,0,0,0,cd8cea38-138d-4694-8fed-9137733789b5,0,0,0
12,52,0.0,0.0,,,38.9536562166477,0.0003022596685,-28.8506112715077,0.0004031172865,3.4855283292415,0.0329371615321,0.0,0.0,0.0,0.0,0.0,0.0,0.0,0.0,0,0,0,7f2fcced-8e0c-4ff6-8c00-111e5397860e,0,0,0
13,42,0.0,0.0,,,39.0471447470178,0.0003105435722,-28.8701264251304,0.0003976955346,3.4670311685767,0.0345264527391,0.0,0.0,0.0,0.0,0.0,0.0,0.0,0.0,0,0,0,fa34b626-17eb-4cd0-8ffb-f80d3655eff6,0,0,0
14,77,0.0,0.0,,,38.9301615754722,0.0003153621063,-28.9061740902003,0.0004192289388,3.4912500968936,0.0319574589641,0.0,0.0,0.0,0.0,0.0,0.0,0.0,0.0,0,0,0,33061519-d8a7-4477-9b52-f266e295148e,0,0,0
15,38,0.0,0.0,,,38.9834533014089,0.0003131970719,-28.8453022120688,0.0003786859991,3.460757204132,0.0321069535969,0.0,0.0,0.0,0.0,0.0,0.0,0.0,0.0,0,0,0,4508cf64-b4a2-4cec-942b-9913c56aa1dc,0,0,0
16,67,0.0,0.0,,,39.0583140244255,0.0002907429525,-28.8457280676094,0.0003911958166,3.4822544920071,0.0320395470574,0.0,0.0,0.0,0.0,0.0,0.0,0.0,0.0,0,0,0,982a4ec1-dfb3-4b80-9f4f-27901baf7bce,0,0,0
17,58,0.0,0.0,,,38.9719375900366,0.0003210217896,-28.7751144647722,0.0003917998217,3.4806339149868,0.0340183131716,0.0,0.0,0.0,0.0,0.0,0.0,0.0,0.0,0,0,0,d8143777-d2b6-4a52-8a71-fb7c6845ee64,0,0,0
18,87,0.0,0.0,,,39.0413276635873,0.0003156774317,-28.8306075502945,0.0003796138998,3.4691330315146,0.0343958042158,0.0,0.0,0.0,0.0,0.0,0.0,0.0,0.0,0,0,0,36f7dc25-21ea-449e-879b-b6854191bbfe,0,0,0
19,17,0.0,0.0,,,39.0160579676413,0.0003083217098,-28.8247625321001,0.000399719238,3.4483004821019,0.0323810743856,0.0,0.0,0.0,0.0,0.0,0.0,0.0,0.0,0,0,0,bc9ccc37-7828-4075-93ec-ba9de99042f2,0,0,0
20,44,0.0,0.0,,,39.0301031497759,0.0003032878325,-28.8003005110503,0.000389642462,3.4429626889903,0.0326727417368,0.0,0.0,0.0,0.0,0.0,0.0,0.0,0.0,0,0,0,ca3004ab-4994-4f30-bfcf-e15da2edc440,0,0,0
21,82,0.0,0.0,,,38.993882759033,0.0002995575501,-28.8738521506126,0.0003755251516,3.4805872928501,0.0335264425578,0.0,0.0,0.0,0.0,0.0,0.0,0.0,0.0,0,0,0,baa5f6d6-5e72-4222-aa3e-1c4f634ae6cf,0,0,0
22,42,0.0,0.0,,,39.028205437655,0.0003160376065,-28.872923371712,0.0003891571258,3.4849174599196,0.0361246175259,0.0,0.0,0.0,0.0,0.0,0.0,0.0,0.0,0,0,0,632f6294-cbbb-4d60-9689-9dfa4fd73cae,0,0,0
23,66,0.0,0.0,,,38.9997263566785,0.0003189131324,-28.7829106753116,0.000398074661,3.4706763590175,0.0354463636351,0.0,0.0,0.0,0.0,0.0,0.0,0.0,0.0,0,0,0,ca2bc788-e7f1-4f42-8554-62590efddd14,0,0,0
24,47,0.0,0.0,,,38.9775922691952,0.0003042000628,-28.8468594142962,0.0003898165332,3.4521556529238,0.0317544400506,0.0,0.0,0.0,0.0,0.0,0.0,0.0,0.0,0,0,0,a72c0051-6a33-4fdf-a088-d064bbf0029e,0,0,0
0,47,0.0,0.0,,,37.074583986374,0.0004720327743,-29.0491627244383,0.0005977438313,1.8966438989967,0.0281444430869,0.0,0.0,0.0,0.0,0.0,0.0,0.0,0.0,0,0,0,2feea921-7d98-4729-bde2-3d7d6ffdec9d,0,0,0
1,84,0.0,0.0,,,36.995835720964,0.0004735536767,-29.1049966104304,0.0006036531535,1.9285762003144,0.0276487374414,0.0,0.0,0.0,0.0,0.0,0.0,0.0,0.0,0,0,0,54bb39c3-a1d5-40c2-b539-58792099505f,0,0,0
2,94,0.0,0.0,,,37.0339675457799,0.0004729993706,-29.1083963921248,0.0005883136593,1.911693458333,0.0255802270079,0.0,0.0,0.0,0.0,0.0,0.0,0.0,0.0,0,0,0,c5bae68b-46f0-4f3d-bb88-a7ebbaad1a2c,0,0,0
3,41,0.0,0.0,,,37.034127648935,0.000471490094,-29.0780688577826,0.0005816296511,1.8862040647937,0.028108659724,0.0,0.0,0.0,0.0,0.0,0.0,0.0,0.0,0,0,0,f0c3eed5-2f31-4079-89d5-54ee7c4556b7,0,0,0
4,65,0.0,0.0,,,36.9897876479523,0.0004753432228,-29.0275549051031,0.0005862737354,1.9290261189488,0.0298473589234,0.0,0.0,0.0,0.0,0.0,0.0,0.0,0.0,0,0,0,1061a768-aa7a-46ae-9a1a-69aa522bbb1b,0,0,0
5,38,0.0,0.0,,,37.115181977199,0.0004666450507,-29.1179982758009,0.0006068035385,1.928136604302,0.027339979779,0.0,0.0,0.0,0.0,0.0,0.0,0.0,0.0,0,0,0,b83cdb79-2c69-454c-83d3-6541af8d4582,0,0,0
6,77,0.0,0.0,,,37.0588309902311,0.0004772708054,-29.1214929650332,0.0006085849918,1.8760180756575,0.0282457049708,0.0,0.0,0.0,0.0,0.0,0.0,0.0,0.0,0,0,0,b0746544-0d79-4fa0-9c03-f51f81ad8655,0,0,0
7,90,0.0,0.0,,,37.0776996908009,0.0004766419685,-29.0296618487983,0.0005931476328,1.9118187280462,0.0284122303802,0.0,0.0,0.0,0.0,0.0,0.0,0.0,0.0,0,0,0,21fa2e95-7843-46ea-9654-69d774e492f6,0,0,0
8,52,0.0,0.0,,,37.1251923015316,0.0004658059862,-29.0636792502634,0.0005735652298,1.9200362563002,0.0284636068583,0.0,0.0,0.0,0.0,0.0,0.0,0.0,0.0,0,0,0,784d3cab-7004-4775-9b14-c289b7d0ab87,0,0,0
9,77,0.0,0.0,,,37.0583792788761,0.0004756597215,-29.0803797590205,0.0005928561991,1.9838430281955,0.0292579462066,0.0,0.0,0.0,0.0,0.0,0.0,0.0,0.0,0,0,0,f89221da-3e5c-4cf7-af13-ebeea679b076,0,0,0
10,75,0.0,0.0,,,37.0746073006894,0.0004745313989,-29.0670071007227,0.0005969867377,1.9638368685196,0.0289900684792,0.0,0.0,0.0,0.0,0.0,0.0,0.0,0.0,0,0,0,6cc560f3-2742-4c59-9a78-693150fc4367,0,0,0
11,16,0.0,0.0,,,37.070537493399,0.0004744677858,-29.1023501076503,0.0005864886866,1.9439434966317,0.0286315382867,0.0,0.0,0.0,0.0,0.0,0.0,0.0,0.0,0,0,0,3e00052e-2f9a-465b-b178-135248088f80,0,0,0
12,6,0.0,0.0,,,37.0868589928478,0.0004721880183,-29.1156845260029,0.0005975819242,1.9647634815034,0.028847764242,0.0,0.0,0.0,0.0,0.0,0.0,0.0,0.0,0,0,0,d6591671-b9dc-4c9f-b82a-838bb82f899d,0,0,0
13,80,0.0,0.0,,,37.0433479878269,0.000472414601,-29.0500871141161,0.0005776831574,1.8906137990398,0.0275944786829,0.0,0.0,0.0,0.0,0.0,0.0,0.0,0.0,0,0,0,443211fc-3de7-40c1-a303-1f237d3bf831,0,0,0
14,99,0.0,0.0,,,37.0684013918688,0.0004699549331,-29.0807503265477,0.0005926484019,1.9361850136263,0.0299089560052,0.0,0.0,0.0,0.0,0.0,0.0,0.0,0.0,0,0,0,1b660ae1-5899-4177-9d2a-c907b680ad44,0,0,0
15,23,0.0,0.0,,,37.0469458649357,0.0004589109333,-29.0169018669064,0.0006128152242,1.9731718529708,0.0298601909958,0.0,0.0,0.0,0.0,0.0,0.0,0.0,0.0,0,0,0,807095fa-f537-4fa0-b9e8-24d3c0073761,0,0,0
16,16,0.0,0.0,,,37.093522327096,0.0004642788855,-29.0319225386594,0.0005928240709,1.932445116664,0.0275103954122,0.0,0.0,0.0,0.0,0.0,0.0,0.0,0.0,0,0,0,1e9a6283-02c9-44b4-b158-de8dae1878b1,0,0,0
17,77,0.0,0.0,,,37.0763688904509,0.0004648322128,-29.0616102000034,0.0006084286673,1.9846884085184,0.0284207725694,0.0,0.0,0.0,0.0,0.0,0.0,0.0,0.0,0,0,0,cf1e52eb-17f6-4047-8a30-8076cf7fe72e,0,0,0
18,40,0.0,0.0,,,37.0690237870365,0.000463111396,-29.1266665342555,0.0005910813248,1.9382687609106,0.0289488082881,0.0,0.0,0.0,0.0,0.0,0.0,0.0,0.0,0,0,0,50ce2c6b-0bdf-407c-9223-c4ec5625d977,0,0,0
19,28,0.0,0.0,,,37.0210910349134,0.0004629124174,-29.1135864732588,0.000590583454,1.9854562205305,0.0263746675542,0.0,0.0,0.0,0.0,0.0,0.0,0.0,0.0,0,0,0,05467c35-901c-4999-a2cd-fc3cc656d889,0,0,0
20,47,0.0,0.0,,,37.0355694923524,0.000468752424,-29.0210815895117,0.0005939099219,1.9411909740499,0.0247496521299,0.0,0.0,0.0,0.0,0.0,0.0,0.0,0.0,0,0,0,126b22a1-fba3-4b3c-98f8-d1d11d848904,0,0,0
21,31,0.0,0.0,,,37.0586708973935,0.0004498382328,-29.0693505628099,0.0006157378166,1.8932399810702,0.0269190829483,0.0,0.0,0.0,0.0,0.0,0.0,0.0,0.0,0,0,0,d33f195c-bcb6-4c97-9b47-41b1372ea5b4,0,0,0
22,34,0.0,0.0,,,37.05525522846,0.0004508526135,-29.0232518948592,0.0005876593146,1.8929174189217,0.0277026187756,0.0,0.0,0.0,0.0,0.0,0.0,0.0,0.0,0,0,0,a762f7c9-830c-42d0-8887-1fd80a0cceb6,0,0,0
23,18,0.0,0.0,,,37.0840360899651,0.0004809910397,-29.0916708104616,0.000595451983,1.9280461056761,0.0255053220725,0.0,0.0,0.0,0.0,0.0,0.0,0.0,0.0,0,0,0,380d73c8-508a-458d-bcc2-14aec7d6e5c9,0,0,0
24,54,0.0,0.0,,,37.0554988395754,0.0004764843857,-29.0803954973331,0.0005724448225,1.9628154633526,0.0280028269585,0.0,0.0,0.0,0.0,0.0,0.0,0.0,0.0,0,0,0,be9b26e1-9408-4124-89d3-5cdc4af0a1f4,0,0,0
0,52,0.0,0.0,,,41.9846096007851,0.0007654877067,-29.5057473297205,0.0008468593963,2.1892044139145,0.0417555065008,0.0,0.0,0.0,0.0,0.0,0.0,0.0,0.0,0,0,0,d027fddb-3c3b-42f9-9293-25921d5e58ac,0,0,0
1,31,0.0,0.0,,,42.0475674258641,0.0007618933399,-29.4455141744234,0.0008392453667,2.3015952836291,0.043694938272,0.0,0.0,0.0,0.0,0.0,0.0,0.0,0.0,0,0,0,240b588d-9ceb-4911-ab60-51e29d464aa6,0,0,0
2,9,0.0,0.0,,,42.0505426389145,0.0007947670159,-29.4886435215946,0.0008231619557,2.2303687341126,0.0441306749486,0.0,0.0,0.0,0.0,0.0,0.0,0.0,0.0,0,0,0,24b12eb2-0c84-4f56-b6f3-0e5a16390982,0,0,0
3,2,0.0,0.0,,,42.0314144955741,0.0007910636565,-29.5747076109945,0.0008366486116,2.2786393017401,0.0434559412203,0.0,0.0,0.0,0.0,0.0,0.0,0.0,0.0,0,0,0,b751ce49-4984-4264-8fde-3da7ad9ad853,0,0,0
4,10,0.0,0.0,,,41.9810329134746,0.0007415443607,-29.5350096638037,0.0008294516766,2.2361503636108,0.0484738302659,0.0,0.0,0.0,0.0,0.0,0.0,0.0,0.0,0,0,0,24389c09-7c11-4db9-a1f1-8a49f003799d,0,0,0
5,13,0.0,0.0,,,41.9654927645532,0.000757708315,-29.442676804078,0.0008808595748,2.2273543671349,0.0466649810267,0.0,0.0,0.0,0.0,0.0,0.0,0.0,0.0,0,0,0,197a5a05-abfb-4587-8d6f-2f0b8e185a53,0,0,0
6,58,0.0,0.0,,,42.0552289874583,0.0007671577039,-29.5049163383273,0.0008562722566,2.22652380733,0.0434382108398,0.0,0.0,0.0,0.0,0.0,0.0,0.0,0.0,0,0,0,e135ab35-a8e3-4498-8df9-1f95d9af6848,0,0,0
7,55,0.0,0.0,,,42.044091033707,0.0008122347464,-29.5440996350986,0.0008291224554,2.2253192677154,0.0446527003803,0.0,0.0,0.0,0.0,0.0,0.0,0.0,0.0,0,0,0,f9ec47b9-57d2-43a1-bc20-ced33ed685bc,0,0,0
8,18,0.0,0.0,,,42.0782957081219,0.0007861181544,-29.57912829661,0.0008279887387,2.2281691918432,0.0430368076613,0.0,0.0,0.0,0.0,0.0,0.0,0.0,0.0,0,0,0,86ece4b8-65b8-4e2a-88da-483175ac9cd9,0,0,0
9,2,0.0,0.0,,,42.0397454437422,0.0007588262095,-29.5967719046444,0.0008135880121,2.2830191173571,0.0407937338093,0.0,0.0,0.0,0.0,0.0,0.0,0.0,0.0,0,0,0,04024370-cb50-41b9-aa17-f25d3b87e5eb,0,0,0
10,6,0.0,0.0,,,41.9368810699091,0.0007732379948,-29.5746995283601,0.0008569764815,2.2625468211533,0.0460172021919,0.0,0.0,0.0,0.0,0.0,0.0,0.0,0.0,0,0,0,ed7908b3-e781-4a38-9733-12286fade2ec,0,0,0
11,14,0.0,0.0,,,42.0129299282052,0.0007858502502,-29.5303388562541,0.0008054230399,2.2886868154027,0.0389462916169,0.0,0.0,0.0,0.0,0.0,0.0,0.0,0.0,0,0,0,d2ffdcd8-a0fa-48a3-a24c-44b4e0d1c906,0,0,0
12,25,0.0,0.0,,,41.9556527252445,0.0007738152245,-29.5583429205064,0.000898905244,2.2115765317645,0.0487211288332,0.0,0.0,0.0,0.0,0.0,0.0,0.0,0.0,0,0,0,61439721-e347-4f99-bdf4-d450c1f0c504,0,0,0
13,93,0.0,0.0,,,42.0734165447845,0.0007686154188,-29.4831718399396,0.0008153959652,2.2522224241028,0.0449261583498,0.0,0.0,0.0,0.0,0.0,0.0,0.0,0.0,0,0,0,b6c82874-4127-490f-a590-7da069dbc473,0,0,0
14,30,0.0,0.0,,,41.9948226378795,0.000772846,-29.5234403841942,0.000828889657,2.2739835905527,0.0499422005054,0.0,0.0,0.0,0.0,0.0,0.0,0.0,0.0,0,0,0,03bfae30-fb4e-42d4-ad8a-eb468b72ff7c,0,0,0
15,16,0.0,0.0,,,42.00963010675,0.0007929267877,-29.5349758269668,0.0008410258519,2.3554490483831,0.0453808423499,0.0,0.0,0.0,0.0,0.0,0.0,0.0,0.0,0,0,0,a4b257c7-8bdb-4c17-b367-a2582dd395e2,0,0,0
16,60,0.0,0.0,,,42.0165505014672,0.000799168745,-29.5709046685766,0.0008694702517,2.3351754807715,0.0471729880702,0.0,0.0,0.0,0.0,0.0,0.0,0.0,0.0,0,0,0,9a6d5101-1af5-44bc-914f-c963d87202b9,0,0,0
17,55,0.0,0.0,,,41.9569108021684,0.0007989693639,-29.550011536555,0.0008808926216,2.2567283014916,0.0480434364383,0.0,0.0,0.0,0.0,0.0,0.0,0.0,0.0,0,0,0,ba106fa8-bbb5-48b3-9232-d4f27ab410be,0,0,0
18,56,0.0,0.0,,,41.9765811005583,0.0007771261358,-29.5518744951659,0.0008435124932,2.2881186375906,0.0448655717628,0.0,0.0,0.0,0.0,0.0,0.0,0.0,0.0,0,0,0,bdf47992-e245-4578-8bbe-dfc71346923f,0,0,0
19,71,0.0,0.0,,,42.0260863143967,0.0007670908872,-29.5342797179838,0.0008603250482,2.2200094755586,0.0426862603191,0.0,0.0,0.0,0.0,0.0,0.0,0.0,0.0,0,0,0,15d73db5-d74d-4a47-96f7-d75379e350e4,0,0,0
20,31,0.0,0.0,,,42.0146315452331,0.0008008936479,-29.5368796645083,0.00082765605,2.3321763971793,0.0433032089561,0.0,0.0,0.0,0.0,0.0,0.0,0.0,0.0,0,0,0,d849c101-7c9d-464d-a714-9d20791ce8b0,0,0,0
21,25,0.0,0.0,,,41.9042378462591,0.0008111319314,-29.5555222793477,0.0008582897525,2.2850869556682,0.044430347019,0.0,0.0,0.0,0.0,0.0,0.0,0.0,0.0,0,0,0,b4ed6d47-0250-49fe-a6e1-8c47ba282d5a,0,0,0
22,9,0.0,0.0,,,42.0059109079119,0.0007893100077,-29.562652024892,0.0008453218649,2.2891664136898,0.0472602682449,0.0,0.0,0.0,0.0,0.0,0.0,0.0,0.0,0,0,0,87c5db0b-08af-4e55-8ea9-32cdab8f4df7,0,0,0
23,75,0.0,0.0,,,41.9464827459443,0.0007956649536,-29.4968665129056,0.0008288678705,2.2679915461692,0.0459604341587,0.0,0.0,0.0,0.0,0.0,0.0,0.0,0.0,0,0,0,44037df9-839f-45dd-9536-f81866aaf80a,0,0,0
24,86,0.0,0.0,,,41.9958593094065,0.0007712347736,-29.5529300371473,0.0008478772817,2.2140169326269,0.0442083083798,0.0,0.0,0.0,0.0,0.0,0.0,0.0,0.0,0,0,0,0fe038c5-101e-462d-9c0b-e21889469ad1,0,0,0
0,54,0.0,0.0,,,40.2371933950033,0.0018212033896,-27.8307521440738,0.0022256463067,0.6549145687042,0.0349137749861,0.0,0.0,0.0,0.0,0.0,0.0,0.0,0.0,0,0,0,d056f87e-e3a5-4331-877f-ccb420d23098,0,0,0
1,66,0.0,0.0,,,40.2236230068188,0.0019742440047,-27.8498437119289,0.0021056104494,0.6741403228481,0.0354934297781,0.0,0.0,0.0,0.0,0.0,0.0,0.0,0.0,0,0,0,c38e3b44-5fc1-4ac6-ac1a-1f704bffa8fa,0,0,0
2,14,0.0,0.0,,,40.2744721481907,0.0018644019239,-27.801557579607,0.002243494362,0.60844636739,0.0328276819332,0.0,0.0,0.0,0.0,0.0,0.0,0.0,0.0,0,0,0,3e0caf0d-05dd-40df-ae56-781eb6109741,0,0,0
3,72,0.0,0.0,,,40.2475496410845,0.0019500584376,-27.7740205715905,0.0022090839822,0.6593973394446,0.0361981568142,0.0,0.0,0.0,0.0,0.0,0.0,0.0,0.0,0,0,0,36b22161-0429-43e3-bf6b-09bc0e66dd2f,0,0,0
4,17,0.0,0.0,,,40.3046357124067,0.0018640991709,-27.7960905844212,0.002158001774,0.6475552816769,0.0350078287966,0.0,0.0,0.0,0.0,0.0,0.0,0.0,0.0,0,0,0,2a569437-c7d2-4780-beac-cd3855287fa1,0,0,0
5,74,0.0,0.0,,,40.2599702167845,0.0019344858814,-27.8277327069294,0.0023055698452,0.669724778477,0.0332631939399,0.0,0.0,0.0,0.0,0.0,0.0,0.0,0.0,0,0,0,c6ca79cd-d431-4905-88e4-0a869830026f,0,0,0
6,35,0.0,0.0,,,40.2292530051575,0.0019099551325,-27.8828026389947,0.0022093253397,0.5980719732225,0.0356419472549,0.0,0.0,0.0,0.0,0.0,0.0,0.0,0.0,0,0,0,e345642b-b4d8-457e-b2bf-203812f06e49,0,0,0
7,10,0.0,0.0,,,40.2414405296168,0.0019035832828,-27.8517700478229,0.002151298408,0.6130800347455,0.0384014075997,0.0,0.0,0.0,0.0,0.0,0.0,0.0,0.0,0,0,0,e2ce8060-afb0-4050-aa71-c6af2529fcff,0,0,0
8,28,0.0,0.0,,,40.3299512010406,0.0019016443445,-27.8737383740103,0.00224871398,0.6413449177118,0.0333288626064,0.0,0.0,0.0,0.0,0.0,0.0,0.0,0.0,0,0,0,3ce31213-ffba-4715-ad3f-4ba2d542855e,0,0,0
9,85,0.0,0.0,,,40.2218746613396,0.0019496438637,-27.8139157219136,0.0022487900211,0.6045928862127,0.0350804892156,0.0,0.0,0.0,0.0,0.0,0.0,0.0,0.0,0,0,0,4e2b1fea-9ff5-4386-942a-f56391654122,0,0,0
10,95,0.0,0.0,,,40.2155933664784,0.0018481691777,-27.8081991813355,0.002235265281,0.6373883155297,0.0353831513728,0.0,0.0,0.0,0.0,0.0,0.0,0.0,0.0,0,0,0,79de2ed6-6cf3-4714-9721-8863d2c190fa,0,0,0
11,84,0.0,0.0,,,40.2221046469336,0.0019219306451,-27.7388906369366,0.0022258361958,0.5952029467619,0.037181521317,0.0,0.0,0.0,0.0,0.0,0.0,0.0,0.0,0,0,0,8a8faac5-013e-4351-a117-aed904d0302e,0,0,0
12,80,0.0,0.0,,,40.2997067268769,0.0019466409027,-27.8030144460207,0.0022311580295,0.6253814602346,0.0344011910692,0.0,0.0,0.0,0.0,0.0,0.0,0.0,0.0,0,0,0,e91ddc71-1dbd-4c51-8a80-650957cbda65,0,0,0
13,19,0.0,0.0,,,40.2962046859496,0.0019024309733,-27.8286762129757,0.002297761475,0.5907957695795,0.0335374715416,0.0,0.0,0.0,0.0,0.0,0.0,0.0,0.0,0,0,0,abd0ef29-b15c-476a-84ba-953456801b27,0,0,0
14,63,0.0,0.0,,,40.2980455257574,0.0019369625712,-27.8364818999259,0.0022625899553,0.6428078784149,0.0343124926736,0.0,0.0,0.0,0.0,0.0,0.0,0.0,0.0,0,0,0,f1aeccc5-a3a4-449d-a8b7-3f9a47e944fd,0,0,0
15,34,0.0,0.0,,,40.3292456070805,0.0018613258298,-27.8674912831356,0.002183574604,0.6339112281442,0.0347002249694,0.0,0.0,0.0,0.0,0.0,0.0,0.0,0.0,0,0,0,8ccdeafb-8383-408e-a712-9c1e338dcdd8,0,0,0
16,19,0.0,0.0,,,40.2483835971613,0.0019306576834,-27.8490410488105,0.002102038565,0.686591923331,0.0327268611024,0.0,0.0,0.0,0.0,0.0,0.0,0.0,0.0,0,0,0,9804ecc4-b1c1-4bd4-ada0-1c6667571e63,0,0,0
17,89,0.0,0.0,,,40.276822737534,0.0018935652819,-27.8269796576652,0.0022210908165,0.630846342752,0.0361198061078,0.0,0.0,0.0,0.0,0.0,0.0,0.0,0.0,0,0,0,ef09c121-3fbe-436d-ba50-fdd854a34094,0,0,0
18,42,0.0,0.0,,,40.2627162671423,0.0019265869638,-27.8109161244086,0.002241443209,0.6296280723558,0.0340446954091,0.0,0.0,0.0,0.0,0.0,0.0,0.0,0.0,0,0,0,27c3fd51-f81a-4615-b0ad-168d2f4c6cb5,0,0,0
19,66,0.0,0.0,,,40.243733174972,0.0018822825022,-27.7758731903605,0.0022447445263,0.6401937181801,0.0356996924529,0.0,0.0,0.0,0.0,0.0,0.0,0.0,0.0,0,0,0,8343807e-db7d-47e2-93f0-5e46ad2a3e55,0,0,0
20,74,0.0,0.0,,,40.2056264431531,0.00178672937,-27.8154324254135,0.0022409836188,0.6245359485225,0.0384229561718,0.0,0.0,0.0,0.0,0.0,0.0,0.0,0.0,0,0,0,6e67bed7-2799-4bbd-9817-1444b90c0c76,0,0,0
21,39,0.0,0.0,,,40.2270483173419,0.0019108146216,-27.8018019060786,0.0023180135079,0.6226570823474,0.031833599174,0.0,0.0,0.0,0.0,0.0,0.0,0.0,0.0,0,0,0,587d55eb-697d-41a9-8ac5-eedd62771945,0,0,0
22,96,0.0,0.0,,,40.2504379136032,0.0019246155029,-27.7561084647107,0.0022878821315,0.6179671578358,0.0350192981164,0.0,0.0,0.0,0.0,0.0,0.0,0.0,0.0,0,0,0,7988c1ad-0355-42ca-935e-bc827190ef6f,0,0,0
23,95,0.0,0.0,,,40.2122320807019,0.0019414111267,-27.7973284304468,0.0022737837334,0.6762507499609,0.0364471365217,0.0,0.0,0.0,0.0,0.0,0.0,0.0,0.0,0,0,0,7ae95be7-1af3-4784-bd02-efbb29ec0b0c,0,0,0
24,45,0.0,0.0,,,40.2189758834018,0.0019440112811,-27.8645448861996,0.0022420173623,0.6605402316171,0.0369719816257,0.0,0.0,0.0,0.0,0.0,0.0,0.0,0.0,0,0,0,dc599944-06d0-449a-9c3e-b57d5a2cce7c,0,0,0
0,56,0.0,0.0,,,38.7034280002561,0.0018580738136,-29.6483343513647,0.0019869616136,0.7096294819552,0.0311940431677,0.0,0.0,0.0,0.0,0.0,0.0,0.0,0.0,0,0,0,0f4de6a1-e2a5-4eb1-a819-a496bf3f5886,0,0,0
1,72,0.0,0.0,,,38.8335362736153,0.0018237558448,-29.5995550842307,0.0020054860953,0.6778759847742,0.0314718480936,0.0,0.0,0.0,0.0,0.0,0.0,0.0,0.0,0,0,0,c19c6290-801e-41f8-9bbb-adbff53e4852,0,0,0
2,100,0.0,0.0,,,38.7325513815268,0.0018792355865,-29.634252944939,0.0019130851661,0.6632954463326,0.0314970391903,0.0,0.0,0.0,0.0,0.0,0.0,0.0,0.0,0,0,0,d4979bb8-dcff-4090-bb1d-8e7e6579d6af,0,0,0
3,59,0.0,0.0,,,38.8011373523897,0.0018450939814,-29.5680122919693,0.002009779031,0.6039190597452,0.0349617296865,0.0,0.0,0.0,0.0,0.0,0.0,0.0,0.0,0,0,0,77acc7d7-eea3-46d5-bdc3-f3e2ef77a345,0,0,0
4,49,0.0,0.0,,,38.8264899204047,0.0018582128096,-29.564273397755,0.0020401219847,0.6385913826918,0.0336977633752,0.0,0.0,0.0,0.0,0.0,0.0,0.0,0.0,0,0,0,87d3312d-b406-4225-84e1-05c7c975ea76,0,0,0
5,19,0.0,0.0,,,38.8221209158294,0.0018491956425,-29.565925928304,0.0020246799264,0.6796533413942,0.0315721385966,0.0,0.0,0.0,0.0,0.0,0.0,0.0,0.0,0,0,0,740126a3-dde3-4da7-a735-3778e03bd999,0,0,0
6,31,0.0,0.0,,,38.8076634882555,0.0017910496466,-29.6130364091256,0.0019507393507,0.6797711841088,0.0345893974023,0.0,0.0,0.0,0.0,0.0,0.0,0.0,0.0,0,0,0,5c741589-b061-4d8c-9ce6-b3ae547b6666,0,0,0
7,34,0.0,0.0,,,38.8285625508289,0.0018485348659,-29.5615294039628,0.00190229361,0.6819902374702,0.0337851554702,0.0,0.0,0.0,0.0,0.0,0.0,0.0,0.0,0,0,0,d029a7de-58e6-449c-8b87-67bd2e55bc07,0,0,0
8,59,0.0,0.0,,,38.7758440186809,0.0019039432547,-29.641894489949,0.0020039566233,0.6184668514481,0.0317885302951,0.0,0.0,0.0,0.0,0.0,0.0,0.0,0.0,0,0,0,f8118965-094e-4b17-88b4-5208f4cd8847,0,0,0
9,37,0.0,0.0,,,38.782194222622,0.0019338665966,-29.6039837412346,0.0020039694603,0.7062387877463,0.0311092519453,0.0,0.0,0.0,0.0,0.0,0.0,0.0,0.0,0,0,0,34032c89-f0d9-4672-90f8-58defeb11931,0,0,0
10,38,0.0,0.0,,,38.8214374720842,0.0018984006917,-29.6741397084725,0.0019692449899,0.6660361219373,0.0320493166077,0.0,0.0,0.0,0.0,0.0,0.0,0.0,0.0,0,0,0,d2cf04dd-7a9b-4291-8ba4-262e40f153dd,0,0,0
11,21,0.0,0.0,,,38.862624851235,0.0019814068719,-29.6644619777508,0.0019870705576,0.6158505872607,0.0323440218468,0.0,0.0,0.0,0.0,0.0,0.0,0.0,0.0,0,0,0,8d05222e-f23c-43b1-afaa-2ab8097e9ee3,0,0,0
12,61,0.0,0.0,,,38.7779234120713,0.001785900363,-29.5748720516679,0.0019936888945,0.6613189849704,0.030818474037,0.0,0.0,0.0,0.0,0.0,0.0,0.0,0.0,0,0,0,97d9a001-12cb-4c2b-a382-4bc1d4af19e6,0,0,0
13,18,0.0,0.0,,,38.8286380943865,0.0018172110573,-29.5988609995618,0.0019167192182,0.6406735360011,0.0305176428973,0.0,0.0,0.0,0.0,0.0,0.0,0.0,0.0,0,0,0,db5df779-0f6c-4286-8ac4-82f2e5160a41,0,0,0
14,71,0.0,0.0,,,38.8009930666358,0.001933280915,-29.5948407831138,0.0020301653839,0.6462648529086,0.0328377838055,0.0,0.0,0.0,0.0,0.0,0.0,0.0,0.0,0,0,0,5211c84a-6bbe-4c3d-b4b1-0fb7ace952ef,0,0,0
15,81,0.0,0.0,,,38.8775052307077,0.0018782493583,-29.6199826358873,0.0019446779107,0.6227039995852,0.0333222665505,0.0,0.0,0.0,0.0,0.0,0.0,0.0,0.0,0,0,0,baddbf51-c0af-412e-b046-1c939188bd01,0,0,0
16,78,0.0,0.0,,,38.7560742987396,0.0018221537075,-29.6771380307469,0.0019164508604,0.6884871588551,0.0310494191582,0.0,0.0,0.0,0.0,0.0,0.0,0.0,0.0,0,0,0,43699242-4616-44aa-9b7a-046ed68bbff9,0,0,0
17,47,0.0,0.0,,,38.8135475339004,0.0018531418934,-29.6608358233671,0.0018451754648,0.6200215190105,0.0323862604347,0.0,0.0,0.0,0.0,0.0,0.0,0.0,0.0,0,0,0,e0368bf3-f7ae-44cd-9d8a-9422bbd3a0e3,0,0,0
18,52,0.0,0.0,,,38.8282662603855,0.0018455943046,-29.6200657766498,0.0020017170987,0.6603292040221,0.0296375374084,0.0,0.0,0.0,0.0,0.0,0.0,0.0,0.0,0,0,0,2556d061-6d09-4400-9b25-1b3e51f90c4f,0,0,0
19,95,0.0,0.0,,,38.8109348368805,0.0018812446183,-29.633206837669,0.0019296501387,0.6648073697189,0.031115920306,0.0,0.0,0.0,0.0,0.0,0.0,0.0,0.0,0,0,0,5c738aba-607e-4434-8ba5-92edc3dd6242,0,0,0
20,10,0.0,0.0,,,38.8791383019342,0.0018951378603,-29.5930626569124,0.0019176802554,0.6249533641638,0.0311418345387,0.0,0.0,0.0,0.0,0.0,0.0,0.0,0.0,0,0,0,63fa768d-8ab7-464f-b1f7-dafa3c2b9c2d,0,0,0
21,19,0.0,0.0,,,38.8182367284057,0.0018976713113,-29.6204495234895,0.001931955787,0.7031957629405,0.032924624505,0.0,0.0,0.0,0.0,0.0,0.0,0.0,0.0,0,0,0,d614d9f9-ef5d-4f74-b6f3-495cb45f4458,0,0,0
22,94,0.0,0.0,,,38.8472462159486,0.0018833994004,-29.6441210839469,0.0019585419916,0.5933596554705,0.0320982795027,0.0,0.0,0.0,0.0,0.0,0.0,0.0,0.0,0,0,0,081d5318-913f-41d4-84f1-a248888f3604,0,0,0
23,1,0.0,0.0,,,38.7833453193067,0.0018234502422,-29.6270535828076,0.0019645218145,0.6678658235822,0.0310350862241,0.0,0.0,0.0,0.0,0.0,0.0,0.0,0.0,0,0,0,15b41ee6-4f2f-42e9-9e78-53776d7bc7df,0,0,0
24,55,0.0,0.0,,,38.8559769516184,0.0018799000041,-29.6811504942616,0.0019068457248,0.6417333239859,0.032788009982,0.0,0.0,0.0,0.0,0.0,0.0,0.0,0.0,0,0,0,83e436bb-fa15-4d93-8ce8-8bade8d6fd5d,0,0,0
0,64,0.0,0.0,,,42.854930309517,0.0019069636311,-26.1692775053102,0.0022457332726,0.9384905695413,0.0506050152427,0.0,0.0,0.0,0.0,0.0,0.0,0.0,0.0,0,0,0,5b57466b-b106-4261-b147-9cf4b4a2e8c1,0,0,0
1,30,0.0,0.0,,,42.8999967054414,0.0018810588738,-26.0896794175485,0.0021553286504,0.9383100531436,0.0516328097329,0.0,0.0,0.0,0.0,0.0,0.0,0.0,0.0,0,0,0,b09d7f2a-8fd1-43f1-a320-c27e2d75e632,0,0,0
2,55,0.0,0.0,,,42.9049855037716,0.00186938126,-26.0696851550672,0.0021870867617,0.9816609495069,0.0425046297936,0.0,0.0,0.0,0.0,0.0,0.0,0.0,0.0,0,0,0,a7f1c846-c127-4fea-bcd7-f6196aae775e,0,0,0
3,42,0.0,0.0,,,42.8257581501143,0.0019791916103,-26.183874827685,0.0021801484875,0.9765601444036,0.0434977146168,0.0,0.0,0.0,0.0,0.0,0.0,0.0,0.0,0,0,0,53eecb0b-ca5d-4bf6-8938-d2fec9c7e60d,0,0,0
4,69,0.0,0.0,,,42.8376066075594,0.0018745287559,-26.1565718638311,0.0022709528884,0.9567932883788,0.0485220997085,0.0,0.0,0.0,0.0,0.0,0.0,0.0,0.0,0,0,0,0f1a6e51-b755-49d4-a74f-724963327852,0,0,0
5,72,0.0,0.0,,,42.9709823187159,0.0019196153769,-26.1004918802259,0.0021386038842,0.977466108743,0.0468309055878,0.0,0.0,0.0,0.0,0.0,0.0,0.0,0.0,0,0,0,aed0fffc-e3f6-465c-99e5-a32c4abdefde,0,0,0
6,98,0.0,0.0,,,42.933319710099,0.0018153384267,-26.1272998074451,0.0021731608898,1.0129567927512,0.0531407623279,0.0,0.0,0.0,0.0,0.0,0.0,0.0,0.0,0,0,0,e09facfc-7172-4fad-9c16-2269831d4ed9,0,0,0
7,40,0.0,0.0,,,42.9130553637738,0.0019142500359,-26.1491504078603,0.0020806920017,0.9128290368795,0.0483929356199,0.0,0.0,0.0,0.0,0.0,0.0,0.0,0.0,0,0,0,d5c11a13-8280-4174-b496-4dec4fd5820d,0,0,0
8,64,0.0,0.0,,,42.9418686583405,0.0018732309258,-26.1093462299168,0.0022065393174,0.8768964286581,0.0463477062399,0.0,0.0,0.0,0.0,0.0,0.0,0.0,0.0,0,0,0,c8679801-2669-4fd1-97ea-3de9f28ecc94,0,0,0
9,93,0.0,0.0,,,42.9354625188024,0.0018987883193,-26.1341583187879,0.0021235514484,0.9962286050716,0.0493549513553,0.0,0.0,0.0,0.0,0.0,0.0,0.0,0.0,0,0,0,c6cbe5a2-b6d7-431f-9a80-e44dec972673,0,0,0
10,66,0.0,0.0,,,42.8180286642772,0.001900179663,-26.151133578072,0.0022336139625,0.9859622760481,0.0488001611368,0.0,0.0,0.0,0.0,0.0,0.0,0.0,0.0,0,0,0,04cfcc0b-c0ed-4194-a8d8-74b2f3116276,0,0,0
11,52,0.0,0.0,,,42.8706515028231,0.0018620619147,-26.0820081193065,0.0021899028452,0.9256038872992,0.0504367880739,0.0,0.0,0.0,0.0,0.0,0.0,0.0,0.0,0,0,0,3dea4e88-154e-47a2-9db5-a1d8e18c3072,0,0,0
12,49,0.0,0.0,,,42.8713354887618,0.0018253590112,-26.0827175884099,0.0022449654156,0.9033249440394,0.0479429140213,0.0,0.0,0.0,0.0,0.0,0.0,0.0,0.0,0,0,0,ba9e6dd2-6913-4598-9e59-242da4caef28,0,0,0
13,57,0.0,0.0,,,42.9125452946254,0.0018459263603,-26.1114033840487,0.0020961151958,0.9337018515433,0.0492471606157,0.0,0.0,0.0,0.0,0.0,0.0,0.0,0.0,0,0,0,48d5c1f7-568d-4281-91ac-150f57fb2fe3,0,0,0
14,70,0.0,0.0,,,42.8654640541977,0.0018881674023,-26.1109105140498,0.0021630705273,0.9556269151912,0.0518629149206,0.0,0.0,0.0,0.0,0.0,0.0,0.0,0.0,0,0,0,3239b2e3-ea69-4bca-91e1-25abf5f03da8,0,0,0
15,44,0.0,0.0,,,42.9338465107356,0.0018432313708,-26.115245127396,0.0022083933334,0.9356442346876,0.0504530252389,0.0,0.0,0.0,0.0,0.0,0.0,0.0,0.0,0,0,0,50a3db7b-c0fa-4372-99a7-52e721cf0dd6,0,0,0
16,56,0.0,0.0,,,42.8583068130926,0.0019095979816,-26.0854259311056,0.002228548855,0.9440125589859,0.0445368369644,0.0,0.0,0.0,0.0,0.0,0.0,0.0,0.0,0,0,0,f9eb62e2-82bf-4ded-8c66-9d4cd4fec240,0,0,0
17,33,0.0,0.0,,,42.9110504899274,0.0019953304159,-26.0564920977888,0.0021943343162,0.9249740087651,0.0485630297562,0.0,0.0,0.0,0.0,0.0,0.0,0.0,0.0,0,0,0,7de6a184-c6d2-4d3f-861a-60a37c34307b,0,0,0
18,94,0.0,0.0,,,42.9010190010088,0.0018908545891,-26.092591636537,0.0021031463263,0.9734657566976,0.0530031455252,0.0,0.0,0.0,0.0,0.0,0.0,0.0,0.0,0,0,0,0bf42597-d379-4808-a839-3e1fb93a0be8,0,0,0
19,86,0.0,0.0,,,42.8754174407786,0.0018924546691,-26.0845185632343,0.0021806588985,0.9470537701888,0.0494498263921,0.0,0.0,0.0,0.0,0.0,0.0,0.0,0.0,0,0,0,3d363c7c-e250-4252-985a-51f511baea4b,0,0,0
20,86,0.0,0.0,,,42.928685707953,0.0019256331994,-26.1862753848977,0.0021922140461,1.0802895283584,0.045810278784,0.0,0.0,0.0,0.0,0.0,0.0,0.0,0.0,0,0,0,7a6733ca-8679-413f-9548-ee61aaa6920e,0,0,0
21,24,0.0,0.0,,,42.9190171283832,0.0018798507673,-26.0742012279497,0.0020881474041,0.9384769493968,0.0522914785515,0.0,0.0,0.0,0.0,0.0,0.0,0.0,0.0,0,0,0,6cb6d877-0b14-4cf4-866b-cc9ab1121a8e,0,0,0
22,85,0.0,0.0,,,42.9017402834163,0.0019017219986,-26.061355575164,0.0022275222968,1.0366177885008,0.0473314035914,0.0,0.0,0.0,0.0,0.0,0.0,0.0,0.0,0,0,0,f417b388-f678-452f-8e43-68fc2b6bb7d6,0,0,0
23,79,0.0,0.0,,,42.8713240115105,0.0019485724491,-26.1301361568146,0.0021127037386,0.9878685717646,0.0488475666039,0.0,0.0,0.0,0.0,0.0,0.0,0.0,0.0,0,0,0,b1c273ad-13f0-4746-a5b2-6df1ae04d7db,0,0,0
24,70,0.0,0.0,,,42.8359012521283,0.0018848054079,-26.0764594883267,0.0021309622059,0.9823922116067,0.0459915973704,0.0,0.0,0.0,0.0,0.0,0.0,0.0,0.0,0,0,0,9d6cd293-7beb-43fb-a2e5-f326c0355c02,0,0,0
0,65,0.0,0.0,,,37.1709763201355,0.0020298737788,-26.4581331740885,0.0022712710128,0.4295033424628,0.0254111050252,0.0,0.0,0.0,0.0,0.0,0.0,0.0,0.0,0,0,0,4517bdd7-f978-4b41-9f73-10be9d6f3c3e,0,0,0
1,99,0.0,0.0,,,37.2152165204197,0.0019727872481,-26.4953868954459,0.0023371159509,0.4248108783224,0.0230481582588,0.0,0.0,0.0,0.0,0.0,0.0,0.0,0.0,0,0,0,c61e4df2-b589-4f62-8d6b-3ddd3eb9465b,0,0,0
2,50,0.0,0.0,,,37.0683524541704,0.0020200004752,-26.5270042285883,0.0022641775645,0.4805623668807,0.0219397423369,0.0,0.0,0.0,0.0,0.0,0.0,0.0,0.0,0,0,0,c80a8564-da64-4583-8db2-38c8180a625b,0,0,0
3,36,0.0,0.0,,,37.0808693924879,0.0020108942508,-26.5223331492436,0.0022403241427,0.4728834873772,0.0243991188712,0.0,0.0,0.0,0.0,0.0,0.0,0.0,0.0,0,0,0,9d7acc57-2800-40bf-805b-7755315f71ca,0,0,0
4,40,0.0,0.0,,,37.0374209294746,0.0019967571662,-26.5711427664878,0.0023822367987,0.4572831888748,0.0251341223322,0.0,0.0,0.0,0.0,0.0,0.0,0.0,0.0,0,0,0,952571a7-e0f3-4c76-b984-ac6a5354671c,0,0,0
5,50,0.0,0.0,,,37.1484149430547,0.0019644477711,-26.5794467797902,0.0022512170992,0.4260840761623,0.0244321174398,0.0,0.0,0.0,0.0,0.0,0.0,0.0,0.0,0,0,0,16bfeab3-6f0a-4d19-a7f7-796bd3be1c2b,0,0,0
6,63,0.0,0.0,,,37.0486514336206,0.0019462172718,-26.4674473151781,0.0022803389905,0.4149103727284,0.025881744473,0.0,0.0,0.0,0.0,0.0,0.0,0.0,0.0,0,0,0,844ecd3c-b71c-4f67-9231-da65391fd856,0,0,0
7,0,0.0,0.0,,,37.1208779424973,0.0020000604138,-26.486233489769,0.0022825306811,0.4657339186121,0.0243335525101,0.0,0.0,0.0,0.0,0.0,0.0,0.0,0.0,0,0,0,5075c4a0-0db8-40d6-925a-887370fa08c2,0,0,0
8,29,0.0,0.0,,,37.1408661530109,0.0020300410706,-26.5736692126382,0.0022233843307,0.4163355991748,0.0242368141009,0.0,0.0,0.0,0.0,0.0,0.0,0.0,0.0,0,0,0,47352cd1-7aac-4e11-aeab-43d750658b12,0,0,0
9,58,0.0,0.0,,,37.1093399005449,0.0020092951637,-26.4926546045328,0.0023233823907,0.4909773655851,0.024280953595,0.0,0.0,0.0,0.0,0.0,0.0,0.0,0.0,0,0,0,3f14de10-15e1-4a33-86c3-c506a2127dbb,0,0,0
10,50,0.0,0.0,,,37.1420946970521,0.0019900482843,-26.5909995824141,0.0022905823224,0.4003584111437,0.0248404517225,0.0,0.0,0.0,0.0,0.0,0.0,0.0,0.0,0,0,0,a3607942-fcb6-4b03-b237-b962830df26c,0,0,0
11,13,0.0,0.0,,,37.0579893330441,0.0019651297122,-26.4694681552926,0.0023032978836,0.46023189469,0.0248704138539,0.0,0.0,0.0,0.0,0.0,0.0,0.0,0.0,0,0,0,234d05a7-771b-49f4-8bd6-03e96e40f5bf,0,0,0
12,93,0.0,0.0,,,37.0898163733925,0.0019987492241,-26.5474252180505,0.0023758266278,0.4677222322505,0.0246392988791,0.0,0.0,0.0,0.0,0.0,0.0,0.0,0.0,0,0,0,8ace44e8-ed1b-40f8-b7ea-8e545431c4d7,0,0,0
13,82,0.0,0.0,,,37.1363820243832,0.0020010127986,-26.5205083362017,0.0022799396224,0.4684938541842,0.0237789886275,0.0,0.0,0.0,0.0,0.0,0.0,0.0,0.0,0,0,0,b48c6e7f-b018-4300-92e2-02925f2dbcb7,0,0,0
14,85,0.0,0.0,,,37.1775189999408,0.0019758330813,-26.5010866053417,0.0023330270602,0.4599978553722,0.0244245269225,0.0,0.0,0.0,0.0,0.0,0.0,0.0,0.0,0,0,0,11ecb4e6-1edc-45e9-8ab4-74e89072ece0,0,0,0
15,37,0.0,0.0,,,37.0661276753868,0.0019825200731,-26.491543672238,0.0022012823468,0.4705088999464,0.0236481508752,0.0,0.0,0.0,0.0,0.0,0.0,0.0,0.0,0,0,0,eace5957-126e-46f2-b2ae-6deb3923b354,0,0,0
16,92,0.0,0.0,,,37.0810458816567,0.0019493695237,-26.4230388363197,0.0022646148282,0.4846937902723,0.0253004040509,0.0,0.0,0.0,0.0,0.0,0.0,0.0,0.0,0,0,0,746e0e24-7e1c-4d83-b1d9-6af902bfc672,0,0,0
17,38,0.0,0.0,,,37.0850930124277,0.0020095120637,-26.5413610694357,0.0024200897607,0.4704420410277,0.0245865355312,0.0,0.0,0.0,0.0,0.0,0.0,0.0,0.0,0,0,0,27a5fc5f-2f28-4ac1-be6e-d08e1c0cb499,0,0,0
18,43,0.0,0.0,,,37.1451844639962,0.0019159525007,-26.5012166141396,0.0023493882467,0.441699912828,0.026155096537,0.0,0.0,0.0,0.0,0.0,0.0,0.0,0.0,0,0,0,9426a39b-8179-4654-b252-aa7ff97bba55,0,0,0
19,45,0.0,0.0,,,37.1109411679469,0.0019461927099,-26.5512377814334,0.0024319598173,0.4187671696095,0.0251843250374,0.0,0.0,0.0,0.0,0.0,0.0,0.0,0.0,0,0,0,6a066bc0-4247-431b-a124-86132f044b48,0,0,0
20,40,0.0,0.0,,,37.1086152984716,0.001996230078,-26.5205313971633,0.0022515875323,0.4742413812006,0.0228675119894,0.0,0.0,0.0,0.0,0.0,0.0,0.0,0.0,0,0,0,305a1ebd-09cc-4a68-8d9e-2934ccd263ff,0,0,0
21,65,0.0,0.0,,,37.0801728449866,0.002085104636,-26.5173057019176,0.0023534393327,0.4519191070495,0.0266819223132,0.0,0.0,0.0,0.0,0.0,0.0,0.0,0.0,0,0,0,71f10f43-282e-4b2f-93c7-5984f92d980f,0,0,0
22,78,0.0,0.0,,,37.1863616041373,0.002045482056,-26.5468870098572,0.0022495575075,0.4372722879382,0.0256065956496,0.0,0.0,0.0,0.0,0.0,0.0,0.0,0.0,0,0,0,4d6ebd6a-ec53-40cf-947f-61345e468ed5,0,0,0
23,100,0.0,0.0,,,37.1682775414204,0.0019627438268,-26.5900960764596,0.0022351057663,0.4467280463279,0.0258097440116,0.0,0.0,0.0,0.0,0.0,0.0,0.0,0.0,0,0,0,bda2b3c5-7165-43db-92d2-8ffedb89a9c9,0,0,0
24,37,0.0,0.0,,,37.0516203347929,0.0018819834853,-26.5235791379187,0.0022525806575,0.4298364462652,0.0243846577749,0.0,0.0,0.0,0.0,0.0,0.0,0.0,0.0,0,0,0,ac80586f-19e0-48bd-89c2-eeb6a5df983f,0,0,0
0,82,0.0,0.0,,,37.1436963739569,0.0004262268238,-28.2601837001693,0.0006157023624,1.9591160057327,0.0266947982165,0.0,0.0,0.0,0.0,0.0,0.0,0.0,0.0,0,0,0,83255eca-8c42-46e3-9ee1-29ec000f38e3,0,0,0
1,57,0.0,0.0,,,37.1083046472061,0.0004217207133,-28.2665631329019,0.0006184384179,1.9815676447043,0.0270181386943,0.0,0.0,0.0,0.0,0.0,0.0,0.0,0.0,0,0,0,22a91fc7-039e-4fdc-a55c-9e54cccb65b1,0,0,0
2,12,0.0,0.0,,,37.2070135057161,0.0004359103612,-28.2579626680002,0.0006227679232,2.0185686288886,0.0239527839337,0.0,0.0,0.0,0.0,0.0,0.0,0.0,0.0,0,0,0,e6ec95da-718c-41e0-a71c-250ae09aaaca,0,0,0
3,1,0.0,0.0,,,37.1470511940583,0.0004261052854,-28.2501918596509,0.0006011283437,1.9830796276507,0.0269750801449,0.0,0.0,0.0,0.0,0.0,0.0,0.0,0.0,0,0,0,b297b132-9491-4962-a394-e6594c81da20,0,0,0
4,43,0.0,0.0,,,37.0923689043096,0.0004243678322,-28.2586275725103,0.0006167587343,2.0233763422687,0.0257341118725,0.0,0.0,0.0,0.0,0.0,0.0,0.0,0.0,0,0,0,3fbbae6e-9bb7-46bd-9709-fb8891316d1d,0,0,0
5,97,0.0,0.0,,,37.1610384471141,0.0004307523645,-28.1821995045938,0.0006454110416,2.0149888894518,0.025367231471,0.0,0.0,0.0,0.0,0.0,0.0,0.0,0.0,0,0,0,6d9bfb4e-d3dc-483e-8695-952d8d831cb4,0,0,0
6,5,0.0,0.0,,,37.0495152321288,0.0004206361209,-28.1818659697255,0.0006211348194,2.0526964002804,0.0271487553513,0.0,0.0,0.0,0.0,0.0,0.0,0.0,0.0,0,0,0,c9719082-9a89-423f-aa99-3e06b234e28c,0,0,0
7,42,0.0,0.0,,,37.0148052393013,0.0004310546444,-28.2521520710305,0.0006293626486,1.9432462627703,0.0258092958524,0.0,0.0,0.0,0.0,0.0,0.0,0.0,0.0,0,0,0,27fc1c80-3c7c-4815-9725-62e53cc2eed8,0,0,0
8,0,0.0,0.0,,,37.060171284181,0.0004279578164,-28.2448995613868,0.0006367560371,1.9990600635933,0.02321472255,0.0,0.0,0.0,0.0,0.0,0.0,0.0,0.0,0,0,0,d097ec37-fe8e-466a-8899-0bef228da526,0,0,0
9,38,0.0,0.0,,,37.1851245973894,0.0004117544729,-28.2735919308432,0.0006228593842,2.055871293487,0.0271187242865,0.0,0.0,0.0,0.0,0.0,0.0,0.0,0.0,0,0,0,7a5cd080-9f47-4c33-b6c7-4b62102308f4,0,0,0
10,32,0.0,0.0,,,37.1692691923235,0.0004252485057,-28.2313656044909,0.0006115106505,2.0268793728614,0.0277391518239,0.0,0.0,0.0,0.0,0.0,0.0,0.0,0.0,0,0,0,188b40a6-824f-492a-9ebc-0be585e25e27,0,0,0
11,57,0.0,0.0,,,37.0841097501786,0.0004213683456,-28.1532475339829,0.000620423883,1.9652516435978,0.0273096598818,0.0,0.0,0.0,0.0,0.0,0.0,0.0,0.0,0,0,0,7ef966a5-c6f5-4b12-a0e5-1e2b38733f6e,0,0,0
12,17,0.0,0.0,,,37.1527875184578,0.0004292170269,-28.2463537813641,0.0006104020665,2.0028262784712,0.0242784265894,0.0,0.0,0.0,0.0,0.0,0.0,0.0,0.0,0,0,0,e1b4ca31-1e31-4987-9bfc-a03fd82851e3,0,0,0
13,99,0.0,0.0,,,37.1757674820226,0.0004295423063,-28.2489172581363,0.0006416380306,2.0480448234349,0.0253323549156,0.0,0.0,0.0,0.0,0.0,0.0,0.0,0.0,0,0,0,c542c43f-3f45-4230-930c-f5d48c5841f3,0,0,0
14,27,0.0,0.0,,,37.138262758084,0.0004086996362,-28.2583665735437,0.000628639016,2.0167082320985,0.0249565467612,0.0,0.0,0.0,0.0,0.0,0.0,0.0,0.0,0,0,0,65a8d4ad-72c6-4316-96b0-b0fd439133a2,0,0,0
15,95,0.0,0.0,,,37.1528497612374,0.0004389613658,-28.1389139825059,0.0005885193934,2.0222180431795,0.0254370658698,0.0,0.0,0.0,0.0,0.0,0.0,0.0,0.0,0,0,0,8ba7b2f0-44b3-41c7-9056-b93fb5b195ad,0,0,0
16,23,0.0,0.0,,,37.1027562099682,0.0004257638962,-28.1949742513902,0.0006290216598,1.9717941814856,0.026985278115,0.0,0.0,0.0,0.0,0.0,0.0,0.0,0.0,0,0,0,42439a3e-0f2d-4783-9c37-a1fd4446ce48,0,0,0
17,73,0.0,0.0,,,37.1027369999537,0.000418477031,-28.2366071108659,0.0006282964661,1.9977503582492,0.0270370474077,0.0,0.0,0.0,0.0,0.0,0.0,0.0,0.0,0,0,0,3993b681-a845-4072-b3a5-0dd762e98b6c,0,0,0
18,22,0.0,0.0,,,37.112861249329,0.000416298511,-28.212446585161,0.0006165572228,2.002910352123,0.0271892595087,0.0,0.0,0.0,0.0,0.0,0.0,0.0,0.0,0,0,0,1c2fbd98-db19-42e8-85a4-c57873d7b052,0,0,0
19,52,0.0,0.0,,,37.1104072386773,0.0004358252835,-28.2486162459848,0.0006145471934,2.0021493691721,0.0256529402336,0.0,0.0,0.0,0.0,0.0,0.0,0.0,0.0,0,0,0,0ca63934-43c9-49c7-84c3-7b398e976228,0,0,0
20,42,0.0,0.0,,,37.1251944154487,0.000422658075,-28.1765773592237,0.0006249322711,2.0396769630706,0.0268117313102,0.0,0.0,0.0,0.0,0.0,0.0,0.0,0.0,0,0,0,7f8a3685-3af4-494e-9e70-f61966eb8128,0,0,0
21,55,0.0,0.0,,,37.0997302924739,0.0004279733063,-28.252720350327,0.0006476167866,2.0178369649957,0.0228961261703,0.0,0.0,0.0,0.0,0.0,0.0,0.0,0.0,0,0,0,55032ffb-b022-4d10-9f73-184c2ce7bd7f,0,0,0
22,20,0.0,0.0,,,37.1460316282173,0.0004292301534,-28.236543179317,0.0006064224466,2.0110005611013,0.0247531438764,0.0,0.0,0.0,0.0,0.0,0.0,0.0,0.0,0,0,0,674c0fb5-307f-4d65-a8bf-322550c7a49e,0,0,0
23,80,0.0,0.0,,,37.1432304911006,0.0004051874964,-28.2650564150546,0.0006220032978,2.0191273925824,0.0268108856805,0.0,0.0,0.0,0.0,0.0,0.0,0.0,0.0,0,0,0,8edbb787-7c33-4503-b56c-7985765e88c0,0,0,0
24,71,0.0,0.0,,,37.1069440744274,0.0004343953301,-28.1993913070354,0.0006135788053,1.9876277926413,0.0250044892256,0.0,0.0,0.0,0.0,0.0,0.0,0.0,0.0,0,0,0,bf9440d0-2e89-401d-a7b5-49b428e4de1a,0,0,0
0,95,0.0,0.0,,,38.3251699873073,0.0008407848224,-29.8587876146294,0.0011232024408,1.1169376032387,0.0305834406504,0.0,0.0,0.0,0.0,0.0,0.0,0.0,0.0,0,0,0,025f9222-d0c9-41a5-b767-0824e0145798,0,0,0
1,11,0.0,0.0,,,38.2789032404454,0.0008208053847,-29.844801441487,0.0011051896482,1.1333752631421,0.0313011714284,0.0,0.0,0.0,0.0,0.0,0.0,0.0,0.0,0,0,0,c63fdc11-6731-4e95-9f3e-3cacd5e32852,0,0,0
2,30,0.0,0.0,,,38.2334362317785,0.0008108124332,-29.988216770445,0.0011035360574,1.1204123257608,0.0312625579587,0.0,0.0,0.0,0.0,0.0,0.0,0.0,0.0,0,0,0,7d322555-5cb1-44b1-a8bb-ac2823cc8dd0,0,0,0
3,49,0.0,0.0,,,38.2807586607041,0.0008298698927,-29.9175300716638,0.0011270259488,1.1861320496309,0.0303372959709,0.0,0.0,0.0,0.0,0.0,0.0,0.0,0.0,0,0,0,7bc4f8cf-ab06-4362-a7c8-d955cf1ec8ad,0,0,0
4,7,0.0,0.0,,,38.3697394221669,0.0008097003935,-29.9382739012773,0.001100306146,1.146828449677,0.0301508062819,0.0,0.0,0.0,0.0,0.0,0.0,0.0,0.0,0,0,0,43b36fc3-df6d-4ebe-b4fb-5d44aa0ac173,0,0,0
5,68,0.0,0.0,,,38.3556734040361,0.0008213369342,-29.9798946457526,0.001093234623,1.165962159544,0.0320274611054,0.0,0.0,0.0,0.0,0.0,0.0,0.0,0.0,0,0,0,28d800d1-dad6-4ae5-9789-04162e2a5872,0,0,0
6,22,0.0,0.0,,,38.3332901721345,0.0008131566507,-29.9131203265289,0.0011049173804,1.1272437785938,0.0329640768513,0.0,0.0,0.0,0.0,0.0,0.0,0.0,0.0,0,0,0,ec1d9bcc-6cb2-4a0e-8871-6346fc8bb4e9,0,0,0
7,74,0.0,0.0,,,38.3018803932372,0.0008472651969,-29.9494781859922,0.0010921718288,1.176308655117,0.032181772777,0.0,0.0,0.0,0.0,0.0,0.0,0.0,0.0,0,0,0,9aa8f49f-cc65-4a1c-a900-d9a193135820,0,0,0
8,87,0.0,0.0,,,38.3290074139698,0.0008196851687,-29.9438265817439,0.001132386485,1.1681701265152,0.031264774822,0.0,0.0,0.0,0.0,0.0,0.0,0.0,0.0,0,0,0,85297d05-25dc-4400-a342-8e30f3b68f8e,0,0,0
9,70,0.0,0.0,,,38.3875694342354,0.0008166176453,-30.0006178815937,0.0010881067719,1.1271133065222,0.0323337496213,0.0,0.0,0.0,0.0,0.0,0.0,0.0,0.0,0,0,0,0f6e224a-f58c-4e56-8f17-6c75e50a8f5b,0,0,0
10,54,0.0,0.0,,,38.3471269716745,0.0008398668591,-29.8952420424415,0.0011220930551,1.1401363539776,0.0288311466732,0.0,0.0,0.0,0.0,0.0,0.0,0.0,0.0,0,0,0,0f9de796-8543-4a32-a26c-086a5aa1a089,0,0,0
11,70,0.0,0.0,,,38.2600627690113,0.0007959485806,-29.8939589032089,0.0010980534699,1.1298657753399,0.0355693502261,0.0,0.0,0.0,0.0,0.0,0.0,0.0,0.0,0,0,0,9d153f2f-11d4-4f0c-8e03-e4657b703f94,0,0,0
12,99,0.0,0.0,,,38.303319229048,0.0007914770593,-29.9181314817131,0.0011181978774,1.1806154028579,0.0323352198736,0.0,0.0,0.0,0.0,0.0,0.0,0.0,0.0,0,0,0,62321262-ae8d-49b3-be28-11403ea7170f,0,0,0
13,56,0.0,0.0,,,38.2774657843107,0.0008040041732,-29.9350039933879,0.0011747939013,1.1331122767039,0.0314995248662,0.0,0.0,0.0,0.0,0.0,0.0,0.0,0.0,0,0,0,e2311a5b-eaa8-4167-8f2c-7921b8d52274,0,0,0
14,13,0.0,0.0,,,38.2864808952129,0.0007949555677,-29.9780312235464,0.0011208762599,1.1359710229908,0.031886324053,0.0,0.0,0.0,0.0,0.0,0.0,0.0,0.0,0,0,0,6e45e1e9-030b-4ea5-9f12-657de35c924f,0,0,0
15,10,0.0,0.0,,,38.3067595221427,0.0007983085174,-30.0067341632331,0.0011010909846,1.2010027084303,0.0308346085047,0.0,0.0,0.0,0.0,0.0,0.0,0.0,0.0,0,0,0,23dce032-e297-43d0-b201-1cdfb5dd23b8,0,0,0
16,53,0.0,0.0,,,38.2551030236764,0.0008389146418,-29.8764585666387,0.0010967228737,1.1558126768337,0.031858790638,0.0,0.0,0.0,0.0,0.0,0.0,0.0,0.0,0,0,0,8981bb33-6b99-436a-bdf9-eb417e7a4770,0,0,0
17,16,0.0,0.0,,,38.2704428096237,0.0008516321935,-29.8907348080512,0.0010821133985,1.1779281858993,0.030084330969,0.0,0.0,0.0,0.0,0.0,0.0,0.0,0.0,0,0,0,aac9d125-1484-4a7f-9336-12227ff41e2d,0,0,0
18,99,0.0,0.0,,,38.2462121431408,0.0008480622033,-29.9347489258344,0.001110295141,1.1802918384131,0.0303257637242,0.0,0.0,0.0,0.0,0.0,0.0,0.0,0.0,0,0,0,23fb8c3b-60a4-4f11-bf26-33a88e1c5f31,0,0,0
19,14,0.0,0.0,,,38.308771801695,0.000847061334,-29.9396000332595,0.0011100742785,1.1300968596995,0.0309383338498,0.0,0.0,0.0,0.0,0.0,0.0,0.0,0.0,0,0,0,a95b35c1-4e48-42da-aecb-45447f2d074f,0,0,0
20,9,0.0,0.0,,,38.3474760031189,0.0008103588189,-30.0482129059945,0.0011714131506,1.1732113196545,0.0302704563572,0.0,0.0,0.0,0.0,0.0,0.0,0.0,0.0,0,0,0,6002daeb-cd86-407a-9ae3-b61aed7ce230,0,0,0
21,16,0.0,0.0,,,38.3226476211545,0.0008535499997,-29.8998878346503,0.0011189071151,1.1879360599247,0.0315014231351,0.0,0.0,0.0,0.0,0.0,0.0,0.0,0.0,0,0,0,376b9050-752c-45cc-b15c-d3ee7562aeb4,0,0,0
22,43,0.0,0.0,,,38.2816433163691,0.0008273984782,-29.9834653484644,0.0011273009592,1.1572308912593,0.0334112998039,0.0,0.0,0.0,0.0,0.0,0.0,0.0,0.0,0,0,0,858d3a62-63de-4455-81d0-080b81cda3cc,0,0,0
23,28,0.0,0.0,,,38.3484358210058,0.0008358343839,-29.8229435794283,0.0011227206179,1.1440996885314,0.0311613388548,0.0,0.0,0.0,0.0,0.0,0.0,0.0,0.0,0,0,0,a566262f-c81e-4c0a-ab10-b07e1d11f9f1,0,0,0
24,7,0.0,0.0,,,38.3893554928654,0.0008267037372,-29.9056718571243,0.0011042560229,1.1620137632664,0.0321842149931,0.0,0.0,0.0,0.0,0.0,0.0,0.0,0.0,0,0,0,240a1584-34de-48bf-b0c6-13db839bbd4d,0,0,0
0,97,0.0,0.0,,,40.4808347206133,0.0014806351583,-28.2005370626071,0.0016214969683,0.874122820658,0.0326468283014,0.0,0.0,0.0,0.0,0.0,0.0,0.0,0.0,0,0,0,b45c28c5-41ce-4293-9c9f-d733b9d00513,0,0,0
1,33,0.0,0.0,,,40.4237490576628,0.0014541233252,-28.1974276809958,0.0016321189439,0.9098029292437,0.0348569582893,0.0,0.0,0.0,0.0,0.0,0.0,0.0,0.0,0,0,0,7f82e216-661c-4ebc-8d70-94d052948859,0,0,0
2,64,0.0,0.0,,,40.5223033097348,0.0015021964873,-28.1894361657428,0.0016136773081,0.9035486276632,0.0328241958275,0.0,0.0,0.0,0.0,0.0,0.0,0.0,0.0,0,0,0,ec45eb21-7aa7-47dc-abd0-3b35e995700c,0,0,0
3,9,0.0,0.0,,,40.4562376862859,0.0014667622902,-28.2088525776931,0.0015603254999,0.8583644448353,0.0381878928946,0.0,0.0,0.0,0.0,0.0,0.0,0.0,0.0,0,0,0,a8abcc8c-807e-4192-8e3b-bc25cd36257b,0,0,0
4,88,0.0,0.0,,,40.3879232268119,0.0014931870822,-28.2440913618123,0.0015801290704,0.8117232153673,0.0352315435399,0.0,0.0,0.0,0.0,0.0,0.0,0.0,0.0,0,0,0,723dfb93-5b8e-4311-a8de-e6c5abfa28f6,0,0,0
5,88,0.0,0.0,,,40.4878636224307,0.001556092056,-28.187642662694,0.0015976315939,0.8867751406242,0.0353367878641,0.0,0.0,0.0,0.0,0.0,0.0,0.0,0.0,0,0,0,923ad266-944f-4783-b765-c3532944876c,0,0,0
6,39,0.0,0.0,,,40.4973823721104,0.0014178471288,-28.1283361455033,0.0016188673803,0.8950702951231,0.0305626726583,0.0,0.0,0.0,0.0,0.0,0.0,0.0,0.0,0,0,0,2ca48458-0662-4205-8b0e-54b1f876d549,0,0,0
7,37,0.0,0.0,,,40.4264961001737,0.0015188926962,-28.1969989875093,0.0016568633851,0.9436454471232,0.0376918424952,0.0,0.0,0.0,0.0,0.0,0.0,0.0,0.0,0,0,0,e0a0694e-01f4-4114-a0d2-51d1b92cad0e,0,0,0
8,25,0.0,0.0,,,40.418500329138,0.0014537499573,-28.2690811415775,0.0016506191082,0.9435816849654,0.0329749556888,0.0,0.0,0.0,0.0,0.0,0.0,0.0,0.0,0,0,0,2aa7e5ee-80ff-4de4-b024-02dd7b24dbf5,0,0,0
9,99,0.0,0.0,,,40.5410685499669,0.0014590122707,-28.2683156035369,0.0016504275085,0.8842292776984,0.0373307539151,0.0,0.0,0.0,0.0,0.0,0.0,0.0,0.0,0,0,0,bf04ce0d-6ec2-4c7a-91e4-9509474712cf,0,0,0
10,13,0.0,0.0,,,40.4787170472846,0.0015128392947,-28.2311352803739,0.0016277467754,0.941909940768,0.0391778582975,0.0,0.0,0.0,0.0,0.0,0.0,0.0,0.0,0,0,0,c089acef-5c06-438a-ae48-1aa739f41c15,0,0,0
11,64,0.0,0.0,,,40.4537164207444,0.0014600704482,-28.1856521371722,0.0016754672475,0.8896358756584,0.0342532496631,0.0,0.0,0.0,0.0,0.0,0.0,0.0,0.0,0,0,0,b77afa1e-0c83-4799-a46f-61aa736478d4,0,0,0
12,85,0.0,0.0,,,40.4850064087869,0.0014713011702,-28.2127799659703,0.001603195314,0.8894210519969,0.0321284446813,0.0,0.0,0.0,0.0,0.0,0.0,0.0,0.0,0,0,0,2610b956-de19-4ab4-a634-1b0a69e7a643,0,0,0
13,39,0.0,0.0,,,40.4162640396979,0.0014249362241,-28.2080646429148,0.0015780698216,0.9055035722768,0.03484991336,0.0,0.0,0.0,0.0,0.0,0.0,0.0,0.0,0,0,0,2feadd80-072e-423f-920c-3a805c8dd4a0,0,0,0
14,11,0.0,0.0,,,40.4496027793425,0.0014210373754,-28.2020058339161,0.0016275732886,0.912166639013,0.0361700775101,0.0,0.0,0.0,0.0,0.0,0.0,0.0,0.0,0,0,0,c920bcc3-b28e-4645-8b8f-8beda8252be3,0,0,0
15,17,0.0,0.0,,,40.5303521920893,0.0015054704764,-28.2628017857497,0.001588498304,0.8602111518482,0.0335272159008,0.0,0.0,0.0,0.0,0.0,0.0,0.0,0.0,0,0,0,465efe40-6fef-40b2-8f94-f325ed52fac1,0,0,0
16,35,0.0,0.0,,,40.3583917271962,0.0015196204693,-28.176985461877,0.0016062752322,0.9070103754171,0.037831199892,0.0,0.0,0.0,0.0,0.0,0.0,0.0,0.0,0,0,0,705fccb5-35c4-46b4-be8c-fbeae6df30b7,0,0,0
17,15,0.0,0.0,,,40.4701699251383,0.0014490682828,-28.2375964282861,0.0016080311394,0.9157573108955,0.0335230895656,0.0,0.0,0.0,0.0,0.0,0.0,0.0,0.0,0,0,0,e971adbe-6ea9-470d-86b7-348bfbe15cde,0,0,0
18,67,0.0,0.0,,,40.4766078693707,0.0014164355724,-28.2207778416446,0.0016524357019,0.9060308074857,0.0364319103724,0.0,0.0,0.0,0.0,0.0,0.0,0.0,0.0,0,0,0,d1331ec2-4b22-4dea-90fb-3117563b9318,0,0,0
19,36,0.0,0.0,,,40.4202588097953,0.0014561148226,-28.2164865817572,0.0017011269679,0.9472019755052,0.0387291739968,0.0,0.0,0.0,0.0,0.0,0.0,0.0,0.0,0,0,0,69a651cb-0460-4f4c-96fb-07cff1b318c9,0,0,0
20,60,0.0,0.0,,,40.4886650808801,0.001425686144,-28.25513480246,0.0016381120297,0.9227154647529,0.0370154444918,0.0,0.0,0.0,0.0,0.0,0.0,0.0,0.0,0,0,0,081678d5-b63d-4a92-b10a-0e351e7aa0a5,0,0,0
21,15,0.0,0.0,,,40.4346525836846,0.0014558944166,-28.1985043996933,0.0015708438561,0.8894139982443,0.0367917990167,0.0,0.0,0.0,0.0,0.0,0.0,0.0,0.0,0,0,0,7ee9a564-011f-4141-9de4-e36c23f6f406,0,0,0
22,8,0.0,0.0,,,40.3911079580162,0.0014230695458,-28.2418331924081,0.0016236874451,0.8381623236372,0.0345489892436,0.0,0.0,0.0,0.0,0.0,0.0,0.0,0.0,0,0,0,78af32bc-62b5-4238-bf52-606149324307,0,0,0
23,22,0.0,0.0,,,40.4554364512075,0.0013975376106,-28.2236561147071,0.0016408744666,0.8932138390173,0.036560884942,0.0,0.0,0.0,0.0,0.0,0.0,0.0,0.0,0,0,0,0be7693f-c82f-45cc-8596-dec12a4da60f,0,0,0
24,57,0.0,0.0,,,40.5039979939199,0.0014611681604,-28.247671125693,0.0015981895798,0.9329111326885,0.0319613068909,0.0,0.0,0.0,0.0,0.0,0.0,0.0,0.0,0,0,0,7f39de3b-1e49-433f-ac02-d09fd91aa562,0,0,0
0,99,0.0,0.0,,,40.852897975698,0.0011924590507,-29.6180817364284,0.0013834432716,1.0639105072521,0.0381675643962,0.0,0.0,0.0,0.0,0.0,0.0,0.0,0.0,0,0,0,0d22fa0c-83bd-4140-829c-3ae8b7fa64ff,0,0,0
1,50,0.0,0.0,,,40.9724663510005,0.0011483213987,-29.6045990050848,0.0014232657573,1.1336928973677,0.0380942320027,0.0,0.0,0.0,0.0,0.0,0.0,0.0,0.0,0,0,0,1d6213f0-8659-4a63-b1ea-03433cd0c662,0,0,0
2,28,0.0,0.0,,,40.8830054549624,0.001150220416,-29.5585212971884,0.0014084980325,1.1397077598905,0.0380317985347,0.0,0.0,0.0,0.0,0.0,0.0,0.0,0.0,0,0,0,592351f8-c433-4002-8649-879594192dbd,0,0,0
3,66,0.0,0.0,,,40.7806676414353,0.001129290051,-29.6458998445717,0.0014967784765,1.0652800516347,0.0423833834291,0.0,0.0,0.0,0.0,0.0,0.0,0.0,0.0,0,0,0,ad697817-7dc9-40c0-9c19-5c86740d5f41,0,0,0
4,51,0.0,0.0,,,40.8567303879595,0.0011866284013,-29.6336236917582,0.0014015930699,1.1793513139708,0.0413070707272,0.0,0.0,0.0,0.0,0.0,0.0,0.0,0.0,0,0,0,ee60bfaa-c297-4300-9868-69265a2a0e7d,0,0,0
5,84,0.0,0.0,,,40.8805926107618,0.001120983728,-29.5735289511974,0.0013986285162,1.1285059488927,0.0393286186088,0.0,0.0,0.0,0.0,0.0,0.0,0.0,0.0,0,0,0,55fdc122-27a1-4d41-a317-dfac6ebb75e3,0,0,0
6,57,0.0,0.0,,,40.811171966084,0.0011930400398,-29.5282678098396,0.0014267915356,1.1543234268159,0.0405888066697,0.0,0.0,0.0,0.0,0.0,0.0,0.0,0.0,0,0,0,745e8c6a-297a-4e4e-a21b-68cbf9f94f9c,0,0,0
7,16,0.0,0.0,,,40.9030199676473,0.0011385660291,-29.6447153471985,0.0015039205488,1.1610731902256,0.0377901698978,0.0,0.0,0.0,0.0,0.0,0.0,0.0,0.0,0,0,0,30314cd6-2efe-403c-b3a7-e3951b512f99,0,0,0
8,53,0.0,0.0,,,40.847691085123,0.0012323224042,-29.5659335241612,0.0013929273047,1.1285298323758,0.041564882644,0.0,0.0,0.0,0.0,0.0,0.0,0.0,0.0,0,0,0,1a7c036c-c87e-49ba-b4d5-c843a4f162b6,0,0,0
9,78,0.0,0.0,,,40.8998784044181,0.0011759091905,-29.5937267919393,0.0014296084891,1.1292143886499,0.0384243044772,0.0,0.0,0.0,0.0,0.0,0.0,0.0,0.0,0,0,0,2be3bfa0-d8a2-4fe4-abda-260db03568c7,0,0,0
10,82,0.0,0.0,,,40.8531182459423,0.0011619128286,-29.6308910879398,0.0014160861817,1.1060528859467,0.0390606001428,0.0,0.0,0.0,0.0,0.0,0.0,0.0,0.0,0,0,0,74bb8905-0178-4e72-92f5-03b7495c0892,0,0,0
11,76,0.0,0.0,,,40.786632417861,0.0011754916698,-29.6868840030122,0.0013825748932,1.0840762866792,0.0376347647882,0.0,0.0,0.0,0.0,0.0,0.0,0.0,0.0,0,0,0,4c32e249-b336-45f6-8342-f0ddaa23ad23,0,0,0
12,65,0.0,0.0,,,40.9021722150079,0.0011787285675,-29.6799301139664,0.0014762343736,1.1689989433136,0.036931704567,0.0,0.0,0.0,0.0,0.0,0.0,0.0,0.0,0,0,0,65a350dd-2ac8-49c8-a148-13190ac95418,0,0,0
13,58,0.0,0.0,,,40.8460085964912,0.0011654195074,-29.6006341503145,0.0013792140252,1.1557011370067,0.039891987656,0.0,0.0,0.0,0.0,0.0,0.0,0.0,0.0,0,0,0,e5e749d5-9cff-4df7-be58-ca9370522a3e,0,0,0
14,18,0.0,0.0,,,40.8050140621441,0.0011075987284,-29.5773304854075,0.0014641079116,1.0682815899014,0.0393572670332,0.0,0.0,0.0,0.0,0.0,0.0,0.0,0.0,0,0,0,cdb06d73-a99c-4a88-8d46-3ed00abf5cdf,0,0,0
15,7,0.0,0.0,,,40.8177026089284,0.0011707590376,-29.5774734381912,0.0013771626675,1.1048400987971,0.0382410608521,0.0,0.0,0.0,0.0,0.0,0.0,0.0,0.0,0,0,0,3dea4ceb-a0f8-4fb1-b44f-7af5b76df86a,0,0,0
16,42,0.0,0.0,,,40.8072844739758,0.0011761836701,-29.4932269178336,0.0013912914203,1.1648667242008,0.0380946258345,0.0,0.0,0.0,0.0,0.0,0.0,0.0,0.0,0,0,0,be2f03aa-d9f3-45b9-b9ec-a7da051aab67,0,0,0
17,92,0.0,0.0,,,40.8115396712238,0.0011951795302,-29.5733178407687,0.0014463444696,1.0913698526134,0.0405697482612,0.0,0.0,0.0,0.0,0.0,0.0,0.0,0.0,0,0,0,2f18dda2-7854-4181-955f-70104d74d8ce,0,0,0
18,50,0.0,0.0,,,40.8787574088213,0.0011530636036,-29.5076396827002,0.0014239006107,1.1227675477259,0.0409182366054,0.0,0.0,0.0,0.0,0.0,0.0,0.0,0.0,0,0,0,fc0d9ad3-feed-44a4-b5fa-10625fa05cb6,0,0,0
19,13,0.0,0.0,,,40.7728446274867,0.0011782711981,-29.587000589108,0.0014094391481,0.9994811939024,0.0388619821973,0.0,0.0,0.0,0.0,0.0,0.0,0.0,0.0,0,0,0,7ea864c3-b133-42e4-ba63-d27266471706,0,0,0
20,89,0.0,0.0,,,40.8625575848342,0.0012102642321,-29.5787023347505,0.001401781483,1.0671992445287,0.0407757141459,0.0,0.0,0.0,0.0,0.0,0.0,0.0,0.0,0,0,0,65ea4700-38bf-4e30-9b9a-1c260918036e,0,0,0
21,76,0.0,0.0,,,40.8444180282581,0.001200925596,-29.5911423753475,0.0014470340282,1.0747019934628,0.0388710510136,0.0,0.0,0.0,0.0,0.0,0.0,0.0,0.0,0,0,0,3898162c-d338-4cc1-8117-3a36eb6e6b8a,0,0,0
22,28,0.0,0.0,,,40.8599126168832,0.0011733405765,-29.5824385552108,0.0014234028756,1.0247033038841,0.0348022645855,0.0,0.0,0.0,0.0,0.0,0.0,0.0,0.0,0,0,0,ade60914-70bd-4fff-bb93-5971e071450c,0,0,0
23,98,0.0,0.0,,,40.8541178543972,0.0011720178345,-29.5981700175181,0.0014817407137,1.1311984549023,0.0413449449151,0.0,0.0,0.0,0.0,0.0,0.0,0.0,0.0,0,0,0,f7a5d011-d601-44c4-a4ba-e8d7004d8867,0,0,0
24,76,0.0,0.0,,,40.8964229081949,0.0011944801173,-29.5620083905286,0.0014658584374,1.1474684152597,0.0429663746022,0.0,0.0,0.0,0.0,0.0,0.0,0.0,0.0,0,0,0,0424d302-f7fe-41eb-bc65-9b09a6a65de1,0,0,0
