island,source,background,local_rms,ra_str,dec_str,ra,err_ra,dec,err_dec,peak_flux,err_peak_flux,int_flux,err_int_flux,a,err_a,b,err_b,pa,err_pa,flags,residual_mean,residual_std,uuid,psf_a,psf_b,psf_pa
0,15,0.0,0.0,,,33.3442065927197,0.0035201927585,-20.371165684126,0.0055698154468,0.2415165661758,0.0244932189944,0.0,0.0,0.0,0.0,0.0,0.0,0.0,0.0,0,0,0,cb611cb0-e959-4488-87f5-a6f6374cc20f,0,0,0
1,942,0.0,0.0,,,33.3806891288134,0.0031825934934,-20.349140792854,0.0059339174651,0.2028262161468,0.0236737586235,0.0,0.0,0.0,0.0,0.0,0.0,0.0,0.0,0,0,0,6f8cd61f-5f3b-4ae3-bac8-27d04edac6ad,0,0,0
0,43,0.0,0.0,,,26.8921507754322,0.0042912042887,-29.153430226876,0.0055103031629,0.1579085690876,0.0184510895761,0.0,0.0,0.0,0.0,0.0,0.0,0.0,0.0,0,0,0,21552d5b-4794-4949-b37b-94d8c021f5ed,0,0,0
1,3013,0.0,0.0,,,26.899783797812,0.0041933853461,-29.1459279910324,0.0054720706694,0.1446662619462,0.0176867080952,0.0,0.0,0.0,0.0,0.0,0.0,0.0,0.0,0,0,0,3ec08d23-d426-4b3e-9c35-b470169ddd6b,0,0,0
0,92,0.0,0.0,,,8.9927690981904,0.0024413782047,-26.4637026383933,0.0052750531852,0.4477695101611,0.0369347120975,0.0,0.0,0.0,0.0,0.0,0.0,0.0,0.0,0,0,0,e4d9bc19-0191-4625-a816-f2f78309eb0f,0,0,0
1,3435,0.0,0.0,,,9.0083892019318,0.0025548808999,-26.481440955371,0.0050093843313,0.3922581643013,0.0327125365938,0.0,0.0,0.0,0.0,0.0,0.0,0.0,0.0,0,0,0,623b3192-fe54-4cdd-9f33-917c9c8cf5f4,0,0,0
0,104,0.0,0.0,,,26.7842075257952,0.0029144769514,-29.1633310218155,0.0097123589822,0.1062273003074,0.0181281610605,0.0,0.0,0.0,0.0,0.0,0.0,0.0,0.0,0,0,0,70790a74-ecf2-428b-88f1-7e533211b051,0,0,0
1,4054,0.0,0.0,,,26.8167884084002,0.0028680004229,-29.2028628222588,0.009444301908,0.1230447902117,0.0183836381618,0.0,0.0,0.0,0.0,0.0,0.0,0.0,0.0,0,0,0,1da4527b-6114-4b79-9430-6423c28fb469,0,0,0
0,172,0.0,0.0,,,34.4784507089514,0.0114444989672,-19.1028197464461,0.0121546454537,0.1551174809866,0.0244902605268,0.0,0.0,0.0,0.0,0.0,0.0,0.0,0.0,0,0,0,663f70f3-2c22-436e-9699-19ce2721acb4,0,0,0
1,2987,0.0,0.0,,,34.5159431637336,0.0108905905553,-19.1317057476529,0.0118142567199,0.1827568600453,0.0249611862182,0.0,0.0,0.0,0.0,0.0,0.0,0.0,0.0,0,0,0,62acb437-5c6a-4268-8f76-b7ec366ca193,0,0,0
0,297,0.0,0.0,,,30.8880757026465,0.0144910504043,-20.4196341778435,0.0107011894983,0.1341769477335,0.0167921051119,0.0,0.0,0.0,0.0,0.0,0.0,0.0,0.0,0,0,0,e1e4735e-444f-4d05-ba69-a59cb455fedb,0,0,0
1,1935,0.0,0.0,,,30.9301234496242,0.0148256486659,-20.4151647489687,0.0116393818887,0.1201553881789,0.0188908643138,0.0,0.0,0.0,0.0,0.0,0.0,0.0,0.0,0,0,0,49666a9a-ea38-4b42-a25a-7b3c99016108,0,0,0
0,510,0.0,0.0,,,11.0214847458776,0.002564635058,-26.0012286990978,0.0033905474742,0.3600006378327,0.0328220585875,0.0,0.0,0.0,0.0,0.0,0.0,0.0,0.0,0,0,0,ba864dc7-a949-4bcd-a6ba-69b189208551,0,0,0
1,1761,0.0,0.0,,,10.9938402872121,0.0025319745346,-25.9970396954595,0.0036809711539,0.4304200698235,0.0306900419066,0.0,0.0,0.0,0.0,0.0,0.0,0.0,0.0,0,0,0,3d065e6a-5e17-4836-86b9-3454d9058727,0,0,0
0,526,0.0,0.0,,,32.7591203429479,0.010815624093,-22.0551344204681,0.0085573749375,0.1191642130956,0.0199134915834,0.0,0.0,0.0,0.0,0.0,0.0,0.0,0.0,0,0,0,61216eb2-d7ef-405e-8fa8-78697c9a4085,0,0,0
1,1390,0.0,0.0,,,32.763733765836,0.010615869372,-22.0781683725147,0.0079860813955,0.0516505374912,0.0198971725405,0.0,0.0,0.0,0.0,0.0,0.0,0.0,0.0,0,0,0,3171eb9c-6759-4908-83cb-25903e1434db,0,0,0
0,551,0.0,0.0,,,19.0881514612134,0.0083031457006,-17.6349644242277,0.0078285310054,0.1583181539448,0.0266017205306,0.0,0.0,0.0,0.0,0.0,0.0,0.0,0.0,0,0,0,38f9d813-abb7-4f59-adf7-52100978486a,0,0,0
1,1230,0.0,0.0,,,19.138409100784,0.007916164896,-17.6144338044881,0.0082183813632,0.1487339792589,0.0242767627753,0.0,0.0,0.0,0.0,0.0,0.0,0.0,0.0,0,0,0,09c4d5e2-e410-4246-82b5-fdec4c89a8b7,0,0,0
0,927,0.0,0.0,,,33.7374424500382,0.004070492513,-26.2528945248181,0.006119512387,0.1519170991303,0.0214569075367,0.0,0.0,0.0,0.0,0.0,0.0,0.0,0.0,0,0,0,b1711d06-d61a-4efb-8a66-6c2e46cd7792,0,0,0
1,900,0.0,0.0,,,33.7739782238377,0.0108688953533,-26.2708196391687,0.0100273089973,0.1407638453078,0.0199402680207,0.0,0.0,0.0,0.0,0.0,0.0,0.0,0.0,0,0,0,90259d64-47db-4291-a25f-d92b6837f817,0,0,0
0,1278,0.0,0.0,,,24.5810091567002,0.0058927464369,-17.6901235622415,0.0073405919485,0.1491358356683,0.0196497286942,0.0,0.0,0.0,0.0,0.0,0.0,0.0,0.0,0,0,0,4190a196-df80-4da1-be0b-42dfc6751177,0,0,0
1,1926,0.0,0.0,,,24.5763982591236,0.0059805055659,-17.7020204340271,0.0071120203658,0.1319983186161,0.0222530885954,0.0,0.0,0.0,0.0,0.0,0.0,0.0,0.0,0,0,0,6d26d3af-1d57-432b-b830-3cc08a4d88f2,0,0,0
0,1309,0.0,0.0,,,34.4648093597521,0.0032394509541,-27.3024844469084,0.0054058316355,0.1701473562761,0.0200064450336,0.0,0.0,0.0,0.0,0.0,0.0,0.0,0.0,0,0,0,a022ae36-a96a-41d3-8ccb-ebacc8d9fa38,0,0,0
1,1958,0.0,0.0,,,34.431681358086,0.0033124025472,-27.3123119417554,0.0081110754498,0.1492508282732,0.0227948172677,0.0,0.0,0.0,0.0,0.0,0.0,0.0,0.0,0,0,0,79ebd9e1-8b8d-4e49-a756-ff364a8581ac,0,0,0
0,1319,0.0,0.0,,,12.780257086012,0.0014027080198,-28.5497946374096,0.0224696238931,0.1627120245461,0.0823692660161,0.0,0.0,0.0,0.0,0.0,0.0,0.0,0.0,0,0,0,0dc4dae2-9110-4883-9f9b-5c7b3fb4a401,0,0,0
1,272,0.0,0.0,,,12.8074831970981,0.0013520548809,-28.5435885635215,0.0225674017238,0.1624502667421,0.086161876541,0.0,0.0,0.0,0.0,0.0,0.0,0.0,0.0,0,0,0,df219e89-845a-46b3-a4f7-f3c242ddc012,0,0,0
0,1361,0.0,0.0,,,21.8692231840761,0.0046944290167,-28.8960315405254,0.0071263817498,0.105295255237,0.0172945746506,0.0,0.0,0.0,0.0,0.0,0.0,0.0,0.0,0,0,0,4ab526b9-c7cf-418f-88b1-45f805b43771,0,0,0
1,1692,0.0,0.0,,,21.8797128973309,0.011460146078,-28.9325564914902,0.0067483687449,0.1416171840447,0.0156417237573,0.0,0.0,0.0,0.0,0.0,0.0,0.0,0.0,0,0,0,c67746cf-df1e-4dfd-b2a2-5d234a09cb64,0,0,0
0,1431,0.0,0.0,,,36.8660387861855,0.0078805687711,-26.850659663883,0.007877233951,0.1538344067637,0.0242115222966,0.0,0.0,0.0,0.0,0.0,0.0,0.0,0.0,0,0,0,0de5e709-7e91-496e-8d1e-648617970ec5,0,0,0
1,1717,0.0,0.0,,,36.8642754241845,0.007866764202,-26.8215845973027,0.0075354640818,0.1502169247465,0.0219103043242,0.0,0.0,0.0,0.0,0.0,0.0,0.0,0.0,0,0,0,ef6273a8-bd36-489b-a146-a8e63a4b3cbe,0,0,0
0,1482,0.0,0.0,,,32.6031241919486,0.0032139115297,-22.1548409390336,0.003537952304,0.2164203332479,0.020676630745,0.0,0.0,0.0,0.0,0.0,0.0,0.0,0.0,0,0,0,35a0713b-c6ca-4fb5-aa89-50dc03f10e64,0,0,0
1,3072,0.0,0.0,,,32.5896271369827,0.0032504974496,-22.1300070167192,0.0033980089083,0.206454255434,0.0217692322529,0.0,0.0,0.0,0.0,0.0,0.0,0.0,0.0,0,0,0,cf1697cb-1341-4cc5-bb1d-5ab5b7ebfca6,0,0,0
0,1509,0.0,0.0,,,17.1961737926714,0.0032032363783,-38.9400700380799,0.0051140811678,0.6067930338504,0.0691418277284,0.0,0.0,0.0,0.0,0.0,0.0,0.0,0.0,0,0,0,2cb90327-709c-4f5e-a432-67630d85f15b,0,0,0
1,2500,0.0,0.0,,,17.1593466990469,0.0030427459413,-38.910840671975,0.0053933156172,0.6181290832022,0.0617577816113,0.0,0.0,0.0,0.0,0.0,0.0,0.0,0.0,0,0,0,407c9b9f-b6c4-4eba-b748-bc92c29689b5,0,0,0
0,1657,0.0,0.0,,,19.1818258281317,0.0036723371993,-20.157161880547,0.0054597248134,0.2198179025987,0.0232346092734,0.0,0.0,0.0,0.0,0.0,0.0,0.0,0.0,0,0,0,af023259-f9dc-421d-bd72-0ea2de40cd0b,0,0,0
1,454,0.0,0.0,,,19.1588612089642,0.0034448863811,-20.186596129662,0.0054107251577,0.2266009149568,0.0242033120873,0.0,0.0,0.0,0.0,0.0,0.0,0.0,0.0,0,0,0,f1217bef-2092-4012-a368-4687113d1372,0,0,0
0,1744,0.0,0.0,,,36.9443236089736,0.0042885440493,-26.8324196995155,0.004464711074,0.2034693027863,0.0228799041814,0.0,0.0,0.0,0.0,0.0,0.0,0.0,0.0,0,0,0,ca941f9b-b24f-423c-8051-540453cd38c0,0,0,0
1,1464,0.0,0.0,,,36.9594100995892,0.0040498772546,-26.820743581696,0.0044248406063,0.1796423050806,0.023933576343,0.0,0.0,0.0,0.0,0.0,0.0,0.0,0.0,0,0,0,bd426772-184e-4651-8f9e-9cf698305201,0,0,0
0,1975,0.0,0.0,,,32.9966426987945,0.0071049005862,-15.45095539103,0.0097438552335,0.1752399776628,0.0280236853248,0.0,0.0,0.0,0.0,0.0,0.0,0.0,0.0,0,0,0,e3688ee1-687b-48f4-ab85-c706627eb21f,0,0,0
1,295,0.0,0.0,,,33.0237283731266,0.0075993801903,-15.4416887946566,0.0098537224768,0.1707935376981,0.0264595466794,0.0,0.0,0.0,0.0,0.0,0.0,0.0,0.0,0,0,0,f31af0a2-1f82-43b0-9f22-62f719a69e4f,0,0,0
0,2035,0.0,0.0,,,36.6967651922119,0.0069346181422,-26.5170390773932,0.0077563731959,0.1721603988995,0.0216990629399,0.0,0.0,0.0,0.0,0.0,0.0,0.0,0.0,0,0,0,2a27a36a-3b0c-4764-8742-5f38cd0c439b,0,0,0
1,233,0.0,0.0,,,36.7171833129881,0.0062703309446,-26.5198009478189,0.0080176078962,0.1223937393494,0.0234543365774,0.0,0.0,0.0,0.0,0.0,0.0,0.0,0.0,0,0,0,1086997e-1d35-48e0-97aa-dbe4b48effb2,0,0,0
0,2074,0.0,0.0,,,23.8640682240499,0.0035115715032,-21.4568603246006,0.0067421409239,0.1463591617751,0.0196736485269,0.0,0.0,0.0,0.0,0.0,0.0,0.0,0.0,0,0,0,fc7ba5b9-e0b8-43d0-bfbd-9af9e44bd8ee,0,0,0
1,3207,0.0,0.0,,,23.8629945774936,0.0035597521284,-21.504252439349,0.0072084019751,0.1629394141266,0.0180219116878,0.0,0.0,0.0,0.0,0.0,0.0,0.0,0.0,0,0,0,655e780e-c557-47d2-abbe-ec29a98d5027,0,0,0
0,2309,0.0,0.0,,,22.6757959052754,0.003865127186,-28.0838926703297,0.0040822397758,0.1939975012974,0.0202555999169,0.0,0.0,0.0,0.0,0.0,0.0,0.0,0.0,0,0,0,c7ed2fb3-980c-4f3c-9ded-0f560c752e5e,0,0,0
1,2519,0.0,0.0,,,22.6538706930398,0.0036969128664,-28.0878444456801,0.0042601099897,0.1827173666471,0.0208722715798,0.0,0.0,0.0,0.0,0.0,0.0,0.0,0.0,0,0,0,6867c3f9-01db-4153-8dcb-3d6279143d92,0,0,0
0,2457,0.0,0.0,,,20.4428388896525,0.0098640099473,-19.2174994322725,0.016428238356,0.1114190927323,0.0222802878389,0.0,0.0,0.0,0.0,0.0,0.0,0.0,0.0,0,0,0,a91a749b-9950-40f5-9ea7-bd737f753feb,0,0,0
1,1389,0.0,0.0,,,20.3923174220605,0.0098856891761,-19.243170102817,0.0157657191881,0.1373505321019,0.0222083272126,0.0,0.0,0.0,0.0,0.0,0.0,0.0,0.0,0,0,0,6d573dbc-6517-41c3-86c6-699e94a42984,0,0,0
0,2574,0.0,0.0,,,41.5143028136642,0.004160028069,-19.4061431948399,0.0043646592184,0.3786373641547,0.0452598368024,0.0,0.0,0.0,0.0,0.0,0.0,0.0,0.0,0,0,0,7f6c3c6b-6cfb-4bea-8b9c-c4b5eb899c66,0,0,0
1,348,0.0,0.0,,,41.5272218582686,0.0042852309079,-19.3893803496142,0.0045821056935,0.3545017122334,0.038606536274,0.0,0.0,0.0,0.0,0.0,0.0,0.0,0.0,0,0,0,ef4953d7-20d2-4644-86bc-29517434277c,0,0,0
0,2742,0.0,0.0,,,10.3042785811571,0.0051379703841,-13.1134501466757,0.0072202828205,0.4421195316408,0.0479749528096,0.0,0.0,0.0,0.0,0.0,0.0,0.0,0.0,0,0,0,ce630f29-26a9-45e1-803e-9908ae3da0a3,0,0,0
1,3292,0.0,0.0,,,10.3463498567162,0.0052132460146,-13.1083237225333,0.0073956458498,0.4957854385677,0.0489754360637,0.0,0.0,0.0,0.0,0.0,0.0,0.0,0.0,0,0,0,f8bf6728-c3e2-427c-a93a-00ec21a61e74,0,0,0
0,2938,0.0,0.0,,,24.2842274217278,0.0059065410168,-30.239146945323,0.0077595276495,0.1384619333777,0.0204090964397,0.0,0.0,0.0,0.0,0.0,0.0,0.0,0.0,0,0,0,9574728e-4463-48ed-b338-8b100552d3d9,0,0,0
1,3656,0.0,0.0,,,24.284215685962,0.0058166924478,-30.243664033537,0.0082180298858,0.1001218575704,0.0207738748535,0.0,0.0,0.0,0.0,0.0,0.0,0.0,0.0,0,0,0,74bcfed7-e00a-4795-8cca-6d46e473b2f8,0,0,0
0,2947,0.0,0.0,,,17.4798154158271,0.0039351211425,-19.5615199248401,0.0044486338379,0.249235803959,0.024016681234,0.0,0.0,0.0,0.0,0.0,0.0,0.0,0.0,0,0,0,864693db-e7de-499e-9de5-ed82e8c502c5,0,0,0
1,3485,0.0,0.0,,,17.4454628768159,0.003864184147,-19.5556180361355,0.0044198147783,0.1934335194228,0.0227681344489,0.0,0.0,0.0,0.0,0.0,0.0,0.0,0.0,0,0,0,64767fde-2ae4-4f6e-b962-1fa375534902,0,0,0
0,2960,0.0,0.0,,,19.0832078421451,0.0141769368705,-17.4854584774005,0.0110643932109,0.1375642453083,0.0254358369068,0.0,0.0,0.0,0.0,0.0,0.0,0.0,0.0,0,0,0,e02549a7-e661-451d-ac76-ac04ca7dc40e,0,0,0
1,4227,0.0,0.0,,,19.0432939934896,0.0136242556828,-17.5384539651239,0.0105559807144,0.1579720557967,0.0273520710573,0.0,0.0,0.0,0.0,0.0,0.0,0.0,0.0,0,0,0,48050ea9-e965-4bc5-ae89-04c1abdc8da3,0,0,0
0,2990,0.0,0.0,,,30.9863844055336,0.0112397496364,-20.5096183343451,0.0101801261981,0.1001276132735,0.0197636659143,0.0,0.0,0.0,0.0,0.0,0.0,0.0,0.0,0,0,0,a85aa2a4-9b9c-4f85-bcb8-b87dcb9097c5,0,0,0
1,3127,0.0,0.0,,,30.9499365869083,0.0103890952832,-20.4685476008775,0.0101149577712,0.0775137844033,0.0207738694296,0.0,0.0,0.0,0.0,0.0,0.0,0.0,0.0,0,0,0,141a6fea-50d8-4044-ac39-041bffe8a9d0,0,0,0
0,3087,0.0,0.0,,,25.1128583142677,0.005363513711,-14.1463297990494,0.0077344533649,0.1761322907623,0.0285918234638,0.0,0.0,0.0,0.0,0.0,0.0,0.0,0.0,0,0,0,ab35ec8b-88cd-49f0-afc9-335e66d42893,0,0,0
1,666,0.0,0.0,,,25.1295422222245,0.0048954620647,-14.1346745779571,0.0077335165735,0.2309888695068,0.0298654729411,0.0,0.0,0.0,0.0,0.0,0.0,0.0,0.0,0,0,0,901df021-c8e2-43d8-b05c-fff2a26ab7ef,0,0,0
0,3251,0.0,0.0,,,30.2618492535953,0.0058691893837,-37.5900367738604,0.0091551606718,0.2463137668817,0.0432413726853,0.0,0.0,0.0,0.0,0.0,0.0,0.0,0.0,0,0,0,d092a00c-f45a-4031-a37c-0d3e3eb2f021,0,0,0
1,1562,0.0,0.0,,,30.23159878299,0.0055646027762,-37.5674268174182,0.0088019597641,0.3149577004163,0.042128551511,0.0,0.0,0.0,0.0,0.0,0.0,0.0,0.0,0,0,0,c4349fbe-82e9-4c24-a0a1-c311314474a9,0,0,0
0,3339,0.0,0.0,,,28.5630645273354,0.0073914248275,-24.6213020101674,0.0082062460755,0.1410783269598,0.0189745562395,0.0,0.0,0.0,0.0,0.0,0.0,0.0,0.0,0,0,0,a35931e6-2d7f-41fa-a1df-7203b4693182,0,0,0
1,3439,0.0,0.0,,,28.5030159241617,0.0034692816533,-24.608959544322,0.0069816782879,0.1576193696286,0.0180077673068,0.0,0.0,0.0,0.0,0.0,0.0,0.0,0.0,0,0,0,7fb6807d-814a-4786-a1a6-be96f506a9ad,0,0,0
0,3479,0.0,0.0,,,32.5264800811463,0.002665462014,-22.1497244026093,0.0047137899126,0.1918238870521,0.0185867468056,0.0,0.0,0.0,0.0,0.0,0.0,0.0,0.0,0,0,0,c862fdf8-e434-4431-a7b9-e409c861ae8b,0,0,0
1,3863,0.0,0.0,,,32.5702225406366,0.0026609403142,-22.1497116903738,0.0048430687112,0.1898969349908,0.019129293671,0.0,0.0,0.0,0.0,0.0,0.0,0.0,0.0,0,0,0,f06cda3a-4e9d-41e9-8b3b-a4d4733862e4,0,0,0
0,3668,0.0,0.0,,,14.8548745202601,0.0051963754222,-18.9503498581709,0.0057037612591,0.2082717664083,0.0299100116848,0.0,0.0,0.0,0.0,0.0,0.0,0.0,0.0,0,0,0,af04c73c-28fb-4197-a7db-0499472b6d5d,0,0,0
1,736,0.0,0.0,,,14.8908480730792,0.0048967314161,-18.984109568148,0.0058337674579,0.1963804755668,0.0288434026864,0.0,0.0,0.0,0.0,0.0,0.0,0.0,0.0,0,0,0,0992b771-b5ba-4e52-9d07-fa390153fd6f,0,0,0
0,3715,0.0,0.0,,,28.6006836843478,0.003841991848,-28.704794462257,0.0047629596934,0.1896257854697,0.0192261641302,0.0,0.0,0.0,0.0,0.0,0.0,0.0,0.0,0,0,0,0d228fba-a4e2-44c0-8ed1-a9523683a680,0,0,0
1,2036,0.0,0.0,,,28.5708551256268,0.0040534562696,-28.7245125237847,0.0047622944994,0.201583454925,0.0219704778188,0.0,0.0,0.0,0.0,0.0,0.0,0.0,0.0,0,0,0,8a06fb3f-6f2c-4176-b1db-63863bdca68e,0,0,0
0,3787,0.0,0.0,,,18.8486057671065,0.0038629932035,-30.7576420903384,0.0052586387142,0.3024505081174,0.0243344181169,0.0,0.0,0.0,0.0,0.0,0.0,0.0,0.0,0,0,0,4fd77faa-a413-4a97-a82d-a9637e6fd5c2,0,0,0
1,3290,0.0,0.0,,,18.8402799416349,0.0039559649999,-30.736297309664,0.0050718432556,0.2787219576071,0.0248189947603,0.0,0.0,0.0,0.0,0.0,0.0,0.0,0.0,0,0,0,fccf6c3e-bf8c-4a43-af0c-83288d7af9ea,0,0,0
0,3835,0.0,0.0,,,25.1301432635222,0.0032976466868,-30.1877920137361,0.0055699370307,0.164678151879,0.019293168493,0.0,0.0,0.0,0.0,0.0,0.0,0.0,0.0,0,0,0,cd7a5ac3-0ce0-453e-a74a-199d57082eb2,0,0,0
1,4121,0.0,0.0,,,25.146604549932,0.003274817969,-30.2038950533249,0.0054200334013,0.1562590288308,0.0182243245603,0.0,0.0,0.0,0.0,0.0,0.0,0.0,0.0,0,0,0,393fc779-175d-4951-8276-670dea28cbb3,0,0,0
0,3851,0.0,0.0,,,36.6076356188015,0.0083843438205,-23.2405371789485,0.0091657644688,0.1316987950782,0.0230841320061,0.0,0.0,0.0,0.0,0.0,0.0,0.0,0.0,0,0,0,c0b66777-c137-48cf-b02b-ac3c297ac2df,0,0,0
1,3008,0.0,0.0,,,36.5625018889691,0.0085451271299,-23.2525171755552,0.0091916179536,0.1639365279807,0.0257940763458,0.0,0.0,0.0,0.0,0.0,0.0,0.0,0.0,0,0,0,60ab6c96-2945-410a-af8e-fa6b07c94047,0,0,0
0,3874,0.0,0.0,,,37.9222142288815,0.0058881469329,-20.3932762543571,0.0079799808452,0.150286342562,0.0314828644425,0.0,0.0,0.0,0.0,0.0,0.0,0.0,0.0,0,0,0,6b407b52-8ea6-477f-bb9e-66943387ffce,0,0,0
1,3603,0.0,0.0,,,37.9148404069514,0.0052646725729,-20.36444416331,0.0055630717016,0.2157770125226,0.0284996202088,0.0,0.0,0.0,0.0,0.0,0.0,0.0,0.0,0,0,0,06d8d3ec-f6a6-497c-a71c-2812c8e009c4,0,0,0
0,3895,0.0,0.0,,,36.6722953953315,0.0021245502977,-23.253218004869,0.0115973711776,0.1743442757529,0.0211541999735,0.0,0.0,0.0,0.0,0.0,0.0,0.0,0.0,0,0,0,d221a977-a981-426a-89f8-81f4c6a272eb,0,0,0
1,297,0.0,0.0,,,36.6686813342652,0.002110523395,-23.2939412795458,0.0115103465943,0.1509502811437,0.0224816437831,0.0,0.0,0.0,0.0,0.0,0.0,0.0,0.0,0,0,0,413abc48-c82a-4721-bdb4-c2c1818fd5fe,0,0,0
0,3918,0.0,0.0,,,34.6502324110686,0.00596834551,-26.5924047972089,0.0086233728867,0.1386228023025,0.0198735633323,0.0,0.0,0.0,0.0,0.0,0.0,0.0,0.0,0,0,0,4929632f-dcf2-493b-b3ab-12e1986204fd,0,0,0
1,3279,0.0,0.0,,,34.608944171123,0.0059014074691,-26.592961419783,0.0085394212421,0.1027259967764,0.0210075325334,0.0,0.0,0.0,0.0,0.0,0.0,0.0,0.0,0,0,0,18c15a26-2c19-4fd4-995a-6c83a4fecf26,0,0,0
0,4144,0.0,0.0,,,39.7380708748416,0.0041140795698,-27.8716092383543,0.0054616781171,0.2961424635588,0.0313128128911,0.0,0.0,0.0,0.0,0.0,0.0,0.0,0.0,0,0,0,36305676-1941-4796-a4f7-9936b9d976de,0,0,0
1,3337,0.0,0.0,,,39.7478167389296,0.0041255562759,-27.8460927246538,0.0054485817134,0.2370043759747,0.0316283689489,0.0,0.0,0.0,0.0,0.0,0.0,0.0,0.0,0,0,0,5ff22304-507e-4b2a-ac42-fdf3e4d10edb,0,0,0
0,4161,0.0,0.0,,,20.0991976861479,0.0039207557119,-17.5216967692212,0.007281589661,0.263148465987,0.0302854916056,0.0,0.0,0.0,0.0,0.0,0.0,0.0,0.0,0,0,0,dc78ac71-05ff-4f79-950e-096b5d2bf62a,0,0,0
1,331,0.0,0.0,,,20.11291099361,0.0038642753939,-17.4770541709532,0.0072674494513,0.2854580556703,0.0320153773762,0.0,0.0,0.0,0.0,0.0,0.0,0.0,0.0,0,0,0,e7d771a6-ee39-4a5a-9871-4e3b0e1d52c0,0,0,0
0,4183,0.0,0.0,,,28.577384145716,0.0054549273601,-13.7922403410293,0.0071151581501,0.2055308351854,0.0293026571233,0.0,0.0,0.0,0.0,0.0,0.0,0.0,0.0,0,0,0,cfff0ab9-2f2b-4187-84b3-e1b625f16068,0,0,0
1,2965,0.0,0.0,,,28.5928438613373,0.0054050287937,-13.7483077547357,0.0072834022429,0.1640372268621,0.027276849417,0.0,0.0,0.0,0.0,0.0,0.0,0.0,0.0,0,0,0,bed113ec-676f-4c19-8a0b-674f31932ca6,0,0,0
0,4202,0.0,0.0,,,35.795122093607,0.0125726709023,-23.1967665704946,0.0114148831783,0.1519374476451,0.0258748191168,0.0,0.0,0.0,0.0,0.0,0.0,0.0,0.0,0,0,0,fdb6b9b9-6a31-4125-9ecf-38a8ee034893,0,0,0
1,2039,0.0,0.0,,,35.8524301495511,0.0125942438257,-23.1838437858537,0.0117103677011,0.1521973877024,0.0235851217215,0.0,0.0,0.0,0.0,0.0,0.0,0.0,0.0,0,0,0,1c4f8146-bf2a-4c65-a8d4-03d1de4e8c23,0,0,0
0,4229,0.0,0.0,,,26.4365386775053,0.0075446281494,-10.8233685338153,0.0137431196117,0.2235648173255,0.039911930323,0.0,0.0,0.0,0.0,0.0,0.0,0.0,0.0,0,0,0,592dad0f-50cc-480a-a9e0-3d48ca3973de,0,0,0
1,1109,0.0,0.0,,,26.4626158576709,0.0070002036474,-10.8232485683339,0.0087371684375,0.2499719128192,0.0346225154997,0.0,0.0,0.0,0.0,0.0,0.0,0.0,0.0,0,0,0,365ae0a9-d5e8-4bb7-adcf-cfa4279aa871,0,0,0
