island,source,background,local_rms,ra_str,dec_str,ra,err_ra,dec,err_dec,peak_flux,err_peak_flux,int_flux,err_int_flux,a,err_a,b,err_b,pa,err_pa,flags,residual_mean,residual_std,uuid,psf_a,psf_b,psf_pa
0,33,0.0,0.0,,,28.5652702565205,0.0071938902608,-28.7526064212642,0.0080592324217,0.1168134968161,0.0209301228181,0.0,0.0,0.0,0.0,0.0,0.0,0.0,0.0,0,0,0,4b83ce23-b0e3-43ac-af6a-4dc2011b54d4,0,0,0
1,970,0.0,0.0,,,28.5041724848007,0.0072003676029,-28.852226751867,0.0080723044461,0.1004244102575,0.0222092154694,0.0,0.0,0.0,0.0,0.0,0.0,0.0,0.0,0,0,0,57576d59-022a-4c77-819b-68053bd70646,0,0,0
0,98,0.0,0.0,,,36.6381134930823,0.0055265230822,-26.4802410979093,0.012408391453,0.1173276474678,0.0236952412899,0.0,0.0,0.0,0.0,0.0,0.0,0.0,0.0,0,0,0,4d49871a-0573-4647-8fdd-2004788960a2,0,0,0
1,2374,0.0,0.0,,,36.6539280324959,0.0055165750906,-26.4143868473179,0.0130050913951,0.1065033276464,0.0262006982618,0.0,0.0,0.0,0.0,0.0,0.0,0.0,0.0,0,0,0,d9a704e8-4531-43ca-a008-d3f67646072e,0,0,0
0,263,0.0,0.0,,,24.255939186204,0.0029807392514,-30.2540555405408,0.005176731145,0.1902329083332,0.0215212990071,0.0,0.0,0.0,0.0,0.0,0.0,0.0,0.0,0,0,0,0250cb91-0d33-4910-9751-3217d0d8ec5c,0,0,0
1,638,0.0,0.0,,,24.2056792103208,0.0028466851272,-30.2718499266263,0.0051920552862,0.2162828593569,0.0202210724112,0.0,0.0,0.0,0.0,0.0,0.0,0.0,0.0,0,0,0,b7bc428e-158a-4d36-bb68-1e62927ebce4,0,0,0
0,273,0.0,0.0,,,11.0259411991481,0.0026074797515,-25.9908574224283,0.0036135133777,0.2838452075667,0.0351846017149,0.0,0.0,0.0,0.0,0.0,0.0,0.0,0.0,0,0,0,bb04b403-48a8-4379-a851-b4e0da6af2be,0,0,0
1,1414,0.0,0.0,,,11.0693119122599,0.0024705114748,-26.093474846763,0.0036616585215,0.348860024111,0.0311163546417,0.0,0.0,0.0,0.0,0.0,0.0,0.0,0.0,0,0,0,dcf12782-e6f5-4acd-b13e-4fff1cf4090b,0,0,0
0,321,0.0,0.0,,,18.971647114164,0.0036389717097,-17.5942111573828,0.0061764425296,0.257316105456,0.0242195336508,0.0,0.0,0.0,0.0,0.0,0.0,0.0,0.0,0,0,0,a4f932da-db9f-4c4c-96a3-aeb6f6b9a4c9,0,0,0
1,2440,0.0,0.0,,,19.040418123691,0.0037015090413,-17.7192399056101,0.0061910864947,0.1951423017041,0.0246477313624,0.0,0.0,0.0,0.0,0.0,0.0,0.0,0.0,0,0,0,579c00ce-d611-490a-aae8-bfa3d714c294,0,0,0
0,372,0.0,0.0,,,37.5372217687491,0.0029380381011,-33.1774005692847,0.0034891919199,0.4310795892972,0.0382151642434,0.0,0.0,0.0,0.0,0.0,0.0,0.0,0.0,0,0,0,525cdb11-0de9-484e-8ecb-51dd0c38a9f2,0,0,0
1,2109,0.0,0.0,,,37.5075583995692,0.0030310117135,-33.2393468708888,0.0036602736566,0.3848438620515,0.0383793946437,0.0,0.0,0.0,0.0,0.0,0.0,0.0,0.0,0,0,0,8c831716-77bb-4126-acc3-710798a8800b,0,0,0
0,463,0.0,0.0,,,35.6605413129777,0.0055222472911,-23.2485001861226,0.0058767467935,0.1936466326547,0.0257948343299,0.0,0.0,0.0,0.0,0.0,0.0,0.0,0.0,0,0,0,64a0a084-1cc7-4987-80db-34cf539607d6,0,0,0
1,539,0.0,0.0,,,35.6826829986185,0.0057208087041,-23.2059660838458,0.0063387457672,0.1500537796434,0.0252312196469,0.0,0.0,0.0,0.0,0.0,0.0,0.0,0.0,0,0,0,4522374a-0022-4257-8694-ba1ed5faa9fe,0,0,0
0,732,0.0,0.0,,,34.5262135735206,0.0034501057331,-19.1396163283745,0.0040552432486,0.2748680513669,0.0225418767308,0.0,0.0,0.0,0.0,0.0,0.0,0.0,0.0,0,0,0,fe4b670a-0581-4fdd-b2ba-9182b0507530,0,0,0
1,2503,0.0,0.0,,,34.5120268104781,0.0034899915277,-19.192441273144,0.0040421170663,0.228687530333,0.0238608285785,0.0,0.0,0.0,0.0,0.0,0.0,0.0,0.0,0,0,0,79026f98-ba69-46cc-90f9-32ad32e6dc57,0,0,0
0,781,0.0,0.0,,,36.8446079550514,0.0052657107495,-29.784206749058,0.0058570244038,0.2246581388825,0.0270576526128,0.0,0.0,0.0,0.0,0.0,0.0,0.0,0.0,0,0,0,99c91b27-de22-44a5-b1d1-738b4ecbf020,0,0,0
1,176,0.0,0.0,,,36.7929152874144,0.0052072031332,-29.7083150986574,0.005884714608,0.2086533417239,0.0299386023362,0.0,0.0,0.0,0.0,0.0,0.0,0.0,0.0,0,0,0,11a7be25-4b86-4a7d-abf6-dee40a8c7443,0,0,0
0,786,0.0,0.0,,,25.2112320907565,0.0032034130446,-30.2459369546529,0.0050738225494,0.1754270822494,0.0200854666442,0.0,0.0,0.0,0.0,0.0,0.0,0.0,0.0,0,0,0,e21acbe7-799d-47c9-88c0-78bef5092ce1,0,0,0
1,1480,0.0,0.0,,,25.1542911160959,0.003259279996,-30.293970362069,0.0047944300656,0.1889124976851,0.0196307468922,0.0,0.0,0.0,0.0,0.0,0.0,0.0,0.0,0,0,0,9f134a6c-8e6a-4b57-9539-6e6dde9de773,0,0,0
0,838,0.0,0.0,,,28.7410415187245,0.0016331000381,-18.6423902643664,0.0022231216517,0.4105281276241,0.0204103971275,0.0,0.0,0.0,0.0,0.0,0.0,0.0,0.0,0,0,0,e1307bb2-4c11-4643-a429-91aafc5a2a14,0,0,0
1,1069,0.0,0.0,,,28.7700811160373,0.0015871832648,-18.5218377059191,0.0022722276444,0.3979808028532,0.020018145612,0.0,0.0,0.0,0.0,0.0,0.0,0.0,0.0,0,0,0,7e5a31f5-0079-49f9-a81e-14b1ba135d15,0,0,0
0,855,0.0,0.0,,,36.8260524148643,0.0063754039713,-30.1374619767219,0.0079548256433,0.1800062693875,0.0304553848221,0.0,0.0,0.0,0.0,0.0,0.0,0.0,0.0,0,0,0,623415f0-a56d-4a44-8347-06a887025afd,0,0,0
1,1228,0.0,0.0,,,36.8611697135607,0.0064215596248,-30.0506535409343,0.0082531008975,0.146379089894,0.0293555489573,0.0,0.0,0.0,0.0,0.0,0.0,0.0,0.0,0,0,0,0d7e354a-f9cc-4bbf-ba60-cd0bb3e13cd4,0,0,0
0,1046,0.0,0.0,,,19.2097114522966,0.0043783055745,-20.1610182425608,0.0048787696661,0.2048130854637,0.0209570687287,0.0,0.0,0.0,0.0,0.0,0.0,0.0,0.0,0,0,0,e6bbe685-3349-4dc5-8278-df57fe4639c1,0,0,0
1,1724,0.0,0.0,,,19.1930543354101,0.0045432534779,-20.076352607895,0.0046494344169,0.2142848877103,0.0221843305944,0.0,0.0,0.0,0.0,0.0,0.0,0.0,0.0,0,0,0,23e7f87c-ceab-4b7e-95e3-0e3e5e13e737,0,0,0
0,1143,0.0,0.0,,,10.220051356811,0.0094166309144,-13.2324496173467,0.0077453132198,0.5020827750434,0.0563597582158,0.0,0.0,0.0,0.0,0.0,0.0,0.0,0.0,0,0,0,7ae88944-04bb-42d6-8e06-80cbe98fdde1,0,0,0
1,1434,0.0,0.0,,,10.2694757656615,0.0089319263735,-13.1830422935531,0.00802745035,0.3488801525867,0.0586117304304,0.0,0.0,0.0,0.0,0.0,0.0,0.0,0.0,0,0,0,1716a921-0f53-4f79-b040-e2d4fab1cccf,0,0,0
0,1365,0.0,0.0,,,34.8289097519847,0.005994681045,-26.5003447395193,0.0062487305139,0.1966196234312,0.0178090812189,0.0,0.0,0.0,0.0,0.0,0.0,0.0,0.0,0,0,0,58196e7c-51d6-4b92-aff1-6f283a7b6553,0,0,0
1,3021,0.0,0.0,,,34.7408874985015,0.0061430816374,-26.5670711663257,0.0064862102957,0.1405303598993,0.0218230652651,0.0,0.0,0.0,0.0,0.0,0.0,0.0,0.0,0,0,0,b732517d-f9e1-4208-9d1d-a38475ee1030,0,0,0
0,1385,0.0,0.0,,,34.4791765091931,0.0033769911825,-27.389936993493,0.0076481710606,0.1707384888493,0.0214235412569,0.0,0.0,0.0,0.0,0.0,0.0,0.0,0.0,0,0,0,34240181-2ce5-47f7-9e61-39e6e75c00c3,0,0,0
1,3454,0.0,0.0,,,34.4218448354581,0.0031661665931,-27.2766802021894,0.0051236096798,0.1973188081478,0.0192497672088,0.0,0.0,0.0,0.0,0.0,0.0,0.0,0.0,0,0,0,85ca3d1c-67cc-4944-a134-dd3a0ec73d9e,0,0,0
0,1391,0.0,0.0,,,35.0986892060042,0.002600173204,-25.4245504568971,0.0039164766945,0.303584584675,0.0234700175939,0.0,0.0,0.0,0.0,0.0,0.0,0.0,0.0,0,0,0,c169c1f9-f621-4e10-97b0-9b80bfeb3121,0,0,0
1,2242,0.0,0.0,,,35.1655832289577,0.0026558183239,-25.5202007735391,0.004013005193,0.2772066050922,0.0219128118491,0.0,0.0,0.0,0.0,0.0,0.0,0.0,0.0,0,0,0,f3319e58-7eb6-436f-a268-97411286f4aa,0,0,0
0,1393,0.0,0.0,,,14.899265622188,0.0054150450696,-18.9141533543603,0.0145178138856,0.1631240727565,0.0269289450214,0.0,0.0,0.0,0.0,0.0,0.0,0.0,0.0,0,0,0,d0903b56-7f04-4024-8565-cc3604c43c8c,0,0,0
1,615,0.0,0.0,,,15.0077275086751,0.005264857744,-18.8683880466687,0.0146332390278,0.1489723723732,0.0237648379771,0.0,0.0,0.0,0.0,0.0,0.0,0.0,0.0,0,0,0,0cd86253-55f4-4d9c-9ac4-7bc12ade46eb,0,0,0
0,1495,0.0,0.0,,,20.0933192161531,0.0040020056564,-17.5456140470391,0.0075039302179,0.2388379593962,0.0312354233267,0.0,0.0,0.0,0.0,0.0,0.0,0.0,0.0,0,0,0,aba3b651-60fe-416f-ae2a-2b322f8f451b,0,0,0
1,1399,0.0,0.0,,,20.1421756443855,0.00391028741,-17.4762987379505,0.0073005660635,0.2738270016961,0.0340481996058,0.0,0.0,0.0,0.0,0.0,0.0,0.0,0.0,0,0,0,0efd44a0-7734-46c1-a3fc-06292a63265e,0,0,0
0,1683,0.0,0.0,,,30.1342558279696,0.0039724646788,-37.4757115120697,0.0079272159933,0.2239608268137,0.0414441633042,0.0,0.0,0.0,0.0,0.0,0.0,0.0,0.0,0,0,0,bc3a0d5c-7753-4d31-ba2b-36ac5e8a0bf6,0,0,0
1,927,0.0,0.0,,,30.1634100281842,0.0041225366322,-37.5955236362322,0.0081083827172,0.2632509706148,0.0393494398676,0.0,0.0,0.0,0.0,0.0,0.0,0.0,0.0,0,0,0,707965a6-e9f1-43d4-9e88-7c4b1c67b023,0,0,0
0,2005,0.0,0.0,,,37.9159853336929,0.0049891169207,-20.4539650294893,0.00568405942,0.1918885525855,0.0284296487727,0.0,0.0,0.0,0.0,0.0,0.0,0.0,0.0,0,0,0,3d1a26c7-0f1d-4632-819a-cb16044cd9d8,0,0,0
1,2278,0.0,0.0,,,37.8536135142126,0.0062625479159,-20.3940621271611,0.0077998202991,0.1671152762488,0.0305164247081,0.0,0.0,0.0,0.0,0.0,0.0,0.0,0.0,0,0,0,1d79ba85-6c65-4774-9826-ce6795dfd667,0,0,0
0,2430,0.0,0.0,,,18.8453111668384,0.0038271751878,-30.814370151682,0.0050314629506,0.215462594642,0.0263897081386,0.0,0.0,0.0,0.0,0.0,0.0,0.0,0.0,0,0,0,a30e5e17-869e-4874-bffa-0a86c9177fb9,0,0,0
1,3702,0.0,0.0,,,18.8463117414531,0.0038448892091,-30.7297482203869,0.0050026925531,0.205269926769,0.0253253127796,0.0,0.0,0.0,0.0,0.0,0.0,0.0,0.0,0,0,0,9bd68d32-1d6b-47f8-a3b3-228dca5f2658,0,0,0
0,2620,0.0,0.0,,,32.7779771216668,0.0068233844562,-22.1478304772265,0.0075213784241,0.1161723898622,0.020497937284,0.0,0.0,0.0,0.0,0.0,0.0,0.0,0.0,0,0,0,8f3b414c-af16-40ea-b478-5629c775db9f,0,0,0
1,4023,0.0,0.0,,,32.664115245166,0.0067668445859,-22.104815647804,0.0074057852606,0.1322571458667,0.0214959949083,0.0,0.0,0.0,0.0,0.0,0.0,0.0,0.0,0,0,0,33dd3def-4dba-4b24-a82b-f8eae086df66,0,0,0
0,2778,0.0,0.0,,,12.8904230981747,0.0014236102542,-28.4632753631742,0.0231588525902,0.3761038599691,0.0800706675594,0.0,0.0,0.0,0.0,0.0,0.0,0.0,0.0,0,0,0,7bd9dda5-6379-4a7e-95b7-abe62c9e2307,0,0,0
1,4239,0.0,0.0,,,12.8160052497324,0.0013675670654,-28.5234760642338,0.0224945510165,0.3056683511199,0.0778109616437,0.0,0.0,0.0,0.0,0.0,0.0,0.0,0.0,0,0,0,c4ccc18e-7f76-4395-8318-b98ec40794e4,0,0,0
0,2967,0.0,0.0,,,26.5291880950228,0.0071056645984,-10.891958773904,0.0089344355779,0.2186118437862,0.0386001494551,0.0,0.0,0.0,0.0,0.0,0.0,0.0,0.0,0,0,0,eae317ba-3555-4b52-b162-f023e21c9e62,0,0,0
1,1882,0.0,0.0,,,26.3349843230039,0.0074236248956,-10.8017394202162,0.0127791669822,0.1969622073705,0.0385885760005,0.0,0.0,0.0,0.0,0.0,0.0,0.0,0.0,0,0,0,635ce041-471c-4cf9-8402-3a96f3349c7a,0,0,0
0,3240,0.0,0.0,,,20.4579876884413,0.0076900682447,-19.1687668423876,0.0133522585218,0.1299984825303,0.0238334771595,0.0,0.0,0.0,0.0,0.0,0.0,0.0,0.0,0,0,0,5491eb37-f55d-4d24-bbc6-7725f531fd8e,0,0,0
1,700,0.0,0.0,,,20.45250020505,0.0080048150822,-19.0542051396906,0.012827639806,0.1383246158538,0.0214115901922,0.0,0.0,0.0,0.0,0.0,0.0,0.0,0.0,0,0,0,d9845f0f-75e9-4b8f-bdc7-811d05f89da5,0,0,0
0,3325,0.0,0.0,,,28.6359120006508,0.0047705915206,-13.8283208313732,0.0104087961408,0.1858434401941,0.0310347340894,0.0,0.0,0.0,0.0,0.0,0.0,0.0,0.0,0,0,0,69767363-da0d-4bae-b6b2-21997d1f95b3,0,0,0
1,2984,0.0,0.0,,,28.588866900863,0.0046792190398,-13.7346431518316,0.0105701911483,0.1696141744799,0.0286705647039,0.0,0.0,0.0,0.0,0.0,0.0,0.0,0.0,0,0,0,39511741-ff44-4478-be8d-ab32f47ebce8,0,0,0
0,3468,0.0,0.0,,,9.0175676978155,0.0025596371874,-26.4142596024759,0.0053923182461,0.2348314219464,0.0352659300442,0.0,0.0,0.0,0.0,0.0,0.0,0.0,0.0,0,0,0,b0d54414-2a90-408a-ba55-7ae8a4f9a023,0,0,0
1,2118,0.0,0.0,,,9.0466617706601,0.0026155614315,-26.4428509467495,0.0051490052858,0.3356328858157,0.032785296435,0.0,0.0,0.0,0.0,0.0,0.0,0.0,0.0,0,0,0,d6e88424-5fb9-4a12-8720-371382a3e842,0,0,0
0,3533,0.0,0.0,,,25.1385204292409,0.0069158199013,-14.1773350555079,0.0070656372373,0.2039080226565,0.0250171351373,0.0,0.0,0.0,0.0,0.0,0.0,0.0,0.0,0,0,0,cf8d6d10-4e87-45a5-86a5-1555dd518714,0,0,0
1,2102,0.0,0.0,,,25.0515440348433,0.0074653506219,-14.1836477514781,0.0072769199861,0.1908300257167,0.0267515125252,0.0,0.0,0.0,0.0,0.0,0.0,0.0,0.0,0,0,0,254f8616-10fa-4696-a3ff-f6999d77191f,0,0,0
0,3633,0.0,0.0,,,30.926829976485,0.0012902367903,-20.3636174695362,0.0018431396072,0.4925782091417,0.0198910820729,0.0,0.0,0.0,0.0,0.0,0.0,0.0,0.0,0,0,0,9afe2827-7c96-48dc-a091-16139e760ae3,0,0,0
1,903,0.0,0.0,,,31.0174276399637,0.0012868432366,-20.4097096729815,0.0018329053577,0.4864106023299,0.0210305651605,0.0,0.0,0.0,0.0,0.0,0.0,0.0,0.0,0,0,0,a9b241b4-64d1-458c-b46d-0871a772fe57,0,0,0
0,3659,0.0,0.0,,,21.8741640458075,0.0119658289934,-28.8525346042392,0.0066063194024,0.1637504013148,0.0157569879361,0.0,0.0,0.0,0.0,0.0,0.0,0.0,0.0,0,0,0,c3773b5b-f6c9-4b1b-88e9-eb969d54c979,0,0,0
1,1521,0.0,0.0,,,21.8003453811391,0.004719074017,-29.0532690995762,0.007730348468,0.0910194048127,0.0187938144938,0.0,0.0,0.0,0.0,0.0,0.0,0.0,0.0,0,0,0,dc12a79b-52d8-43c5-b751-bf3320549915,0,0,0
0,3734,0.0,0.0,,,24.5069994345044,0.005521521381,-17.6966528104388,0.0067746004574,0.1342351560658,0.0217493352085,0.0,0.0,0.0,0.0,0.0,0.0,0.0,0.0,0,0,0,150b5053-3400-4894-b0ef-eb4940336a97,0,0,0
1,1927,0.0,0.0,,,24.2671967157756,0.0040942679401,-17.643169977039,0.0047572257414,0.1962364146115,0.0194588803838,0.0,0.0,0.0,0.0,0.0,0.0,0.0,0.0,0,0,0,08834c9a-1d27-4dc1-81e7-590b0d99915f,0,0,0
0,3962,0.0,0.0,,,41.4854838059027,0.0068173437685,-19.3508194493062,0.0096287320227,0.2751625221212,0.046079769669,0.0,0.0,0.0,0.0,0.0,0.0,0.0,0.0,0,0,0,2fc56ce1-5867-4e4d-9769-b43531ac5b14,0,0,0
1,2850,0.0,0.0,,,41.4760505715792,0.0068844841161,-19.4249750775386,0.0096513864999,0.1682863268733,0.0455335214498,0.0,0.0,0.0,0.0,0.0,0.0,0.0,0.0,0,0,0,7561f93b-440f-4482-be44-58fc2872cde6,0,0,0
0,4100,0.0,0.0,,,39.630156803745,0.0030274419018,-27.9376652001616,0.0034168370076,0.3597074146101,0.028899621195,0.0,0.0,0.0,0.0,0.0,0.0,0.0,0.0,0,0,0,cc8a9ec8-1a4d-4b7f-807a-6208d241dfc3,0,0,0
1,1788,0.0,0.0,,,39.6974908460361,0.0029462276926,-27.9203911363727,0.0034996525859,0.337994483385,0.0317744893016,0.0,0.0,0.0,0.0,0.0,0.0,0.0,0.0,0,0,0,5b6656fa-7757-4ef0-bfc8-71ea6c66a272,0,0,0
0,4197,0.0,0.0,,,40.3468118734954,0.0056390852437,-32.8546826669199,0.0099452574312,0.1769079857862,0.0516317342831,0.0,0.0,0.0,0.0,0.0,0.0,0.0,0.0,0,0,0,95d79ff7-1ffc-4a74-91e8-384a88620b27,0,0,0
1,1987,0.0,0.0,,,40.2452539383181,0.0042627031128,-32.7766054053243,0.0058552187871,0.3623639538297,0.0465002996472,0.0,0.0,0.0,0.0,0.0,0.0,0.0,0.0,0,0,0,2a87bc75-d37a-4f31-bbd5-c163e2e0f192,0,0,0
0,4207,0.0,0.0,,,22.6855561436362,0.0038979857366,-28.1299865044759,0.0040091178581,0.1958375600626,0.0223505379142,0.0,0.0,0.0,0.0,0.0,0.0,0.0,0.0,0,0,0,dbf5f012-c472-47cf-a9be-0378192018f7,0,0,0
1,2446,0.0,0.0,,,22.741116312291,0.0039660953884,-28.1172843513426,0.0042153054851,0.1462246761057,0.0205541267082,0.0,0.0,0.0,0.0,0.0,0.0,0.0,0.0,0,0,0,ff9b1b88-1708-47b7-9f4f-bc57f91721ab,0,0,0
0,4293,0.0,0.0,,,33.014275673736,0.008783887137,-15.6198932890224,0.0085834973098,0.1444498368672,0.0288799883222,0.0,0.0,0.0,0.0,0.0,0.0,0.0,0.0,0,0,0,6b78b847-74a1-485f-ad7f-4a2df52d09a3,0,0,0
1,2708,0.0,0.0,,,33.0455826515264,0.0090060165531,-15.522266842596,0.0089216265426,0.2329788618495,0.0260116089292,0.0,0.0,0.0,0.0,0.0,0.0,0.0,0.0,0,0,0,7f736ed3-d2da-413c-a30b-a2645b2da1e2,0,0,0
