island,source,background,local_rms,ra_str,dec_str,ra,err_ra,dec,err_dec,peak_flux,err_peak_flux,int_flux,err_int_flux,a,err_a,b,err_b,pa,err_pa,flags,residual_mean,residual_std,uuid,psf_a,psf_b,psf_pa
0,19,0.0,0.0,,,19.9254644130647,0.0037767961121,-18.5062453654121,0.0057723885994,0.1964531145169,0.0243624831548,0.0,0.0,0.0,0.0,0.0,0.0,0.0,0.0,0,0,0,872c338c-455e-485a-8f6e-6936fc1cdfd5,0,0,0
1,3543,0.0,0.0,,,19.7964079851986,0.0041149470115,-18.5075849611937,0.0058726561526,0.1798251211766,0.0222544729193,0.0,0.0,0.0,0.0,0.0,0.0,0.0,0.0,0,0,0,a3ede1f9-e7b1-4fa2-8ab6-8fb308bf48fe,0,0,0
0,23,0.0,0.0,,,25.6536308491478,0.0007803507607,-30.7131121339584,0.001112342253,0.8154538540215,0.0227961502831,0.0,0.0,0.0,0.0,0.0,0.0,0.0,0.0,0,0,0,bdecb1de-00d1-4223-9fca-e8dc44956ffc,0,0,0
1,1820,0.0,0.0,,,25.6346267666675,0.0007519730314,-30.8088845199702,0.0011308591728,0.7542666667422,0.0220895331192,0.0,0.0,0.0,0.0,0.0,0.0,0.0,0.0,0,0,0,5a0037fb-ca78-4290-897f-df2fa91fd8b4,0,0,0
0,30,0.0,0.0,,,29.1088192568245,0.0010289861891,-25.682604023981,0.0014334556654,0.4255233696809,0.0173348811936,0.0,0.0,0.0,0.0,0.0,0.0,0.0,0.0,0,0,0,d0e91ac9-1ebb-4dc8-b298-42b59d7135e5,0,0,0
1,509,0.0,0.0,,,28.9664417574807,0.0011551359398,-25.7306321282465,0.0013909113108,0.5103088515398,0.0171852915753,0.0,0.0,0.0,0.0,0.0,0.0,0.0,0.0,0,0,0,3e36f4f8-78de-43ef-a71b-2808feb974f0,0,0,0
0,34,0.0,0.0,,,32.4385698339317,0.0109953164188,-11.9207535896366,0.0102791586127,0.2317799679323,0.0459577046028,0.0,0.0,0.0,0.0,0.0,0.0,0.0,0.0,0,0,0,e9a9db79-0c5c-4778-8435-48179ea22c8f,0,0,0
1,3173,0.0,0.0,,,32.5477530751713,0.011815106026,-11.885435324836,0.0105795987483,0.2305460411275,0.0464477299435,0.0,0.0,0.0,0.0,0.0,0.0,0.0,0.0,0,0,0,f908c4f7-796e-4c8b-acaa-8e1ced7a839a,0,0,0
0,66,0.0,0.0,,,28.7782912666808,0.0008190064192,-39.4124161694397,0.0014040555756,1.6426252767433,0.0547488770061,0.0,0.0,0.0,0.0,0.0,0.0,0.0,0.0,0,0,0,844fc5e4-2481-4e76-8f4d-95d2c04ef52d,0,0,0
1,4117,0.0,0.0,,,28.7810553167089,0.0008389948864,-39.3005212338934,0.0013762650902,1.6840129084917,0.0541734931628,0.0,0.0,0.0,0.0,0.0,0.0,0.0,0.0,0,0,0,c0956b59-073f-492c-bbf6-9aa2896fcbc5,0,0,0
0,109,0.0,0.0,,,39.9770174219216,0.0007639385041,-26.8422899254763,0.0008662175448,1.3832405842491,0.034956217542,0.0,0.0,0.0,0.0,0.0,0.0,0.0,0.0,0,0,0,00f62d00-b2c2-4e16-9427-34dfe38dc314,0,0,0
1,3420,0.0,0.0,,,39.8692101129177,0.0007512107448,-26.8047523072485,0.0008983435266,1.4355271877593,0.0332748315624,0.0,0.0,0.0,0.0,0.0,0.0,0.0,0.0,0,0,0,510b7c70-f63c-4226-8ed7-b1883a1a10e6,0,0,0
0,135,0.0,0.0,,,15.0314697054082,0.0007832842569,-13.8787951950492,0.0010484169351,1.7834857439037,0.0352132860169,0.0,0.0,0.0,0.0,0.0,0.0,0.0,0.0,0,0,0,341cf5db-2e34-4aab-bb91-2d1a0c978517,0,0,0
1,22,0.0,0.0,,,15.1513776835073,0.0008439645455,-13.8527779296519,0.0010325219471,1.7633866100644,0.0386180729635,0.0,0.0,0.0,0.0,0.0,0.0,0.0,0.0,0,0,0,05652be4-cd7d-41fb-b016-077978a50e48,0,0,0
0,139,0.0,0.0,,,37.0120265085661,0.0023034506828,-24.4851497107243,0.002532579054,0.324258845454,0.0229145989282,0.0,0.0,0.0,0.0,0.0,0.0,0.0,0.0,0,0,0,24aed9ad-a74a-477b-885c-f005a7fcbde9,0,0,0
1,1181,0.0,0.0,,,36.9845652011738,0.0022866034663,-24.5707922699743,0.002496906347,0.3891669873551,0.0254116012272,0.0,0.0,0.0,0.0,0.0,0.0,0.0,0.0,0,0,0,cc3b30ec-eb95-43f5-8409-e9d6f6257341,0,0,0
0,158,0.0,0.0,,,32.575557738431,0.0002686540894,-11.0156856821256,0.000358652854,6.3351901513629,0.0473711372396,0.0,0.0,0.0,0.0,0.0,0.0,0.0,0.0,0,0,0,c5877fb4-77f8-4c09-add8-232ea327a6ed,0,0,0
1,3610,0.0,0.0,,,32.5639989470891,0.0002805640592,-10.9561526940639,0.0003424835738,6.262708339493,0.0451867406548,0.0,0.0,0.0,0.0,0.0,0.0,0.0,0.0,0,0,0,9d341036-6165-4316-b380-7c260b9d5d98,0,0,0
0,179,0.0,0.0,,,25.3206985524886,0.0004881887636,-21.6933060960323,0.0006151065777,1.2472515080294,0.018027439796,0.0,0.0,0.0,0.0,0.0,0.0,0.0,0.0,0,0,0,ea8235b8-36dc-4801-bf60-5c612f60ce70,0,0,0
1,4092,0.0,0.0,,,25.3124819631512,0.0004778533529,-21.6062202290935,0.0006168708956,1.2225352233618,0.0179587496936,0.0,0.0,0.0,0.0,0.0,0.0,0.0,0.0,0,0,0,afac1345-b4b6-4392-ab08-6c2afaa60093,0,0,0
0,180,0.0,0.0,,,29.0207634409164,0.0020913515514,-21.3918437374687,0.0039922197425,0.2030561434638,0.0166499574895,0.0,0.0,0.0,0.0,0.0,0.0,0.0,0.0,0,0,0,f677033e-eb47-45a9-8d56-cdee71225814,0,0,0
1,2194,0.0,0.0,,,29.060978616754,0.002117738685,-21.2062611349325,0.0039643140996,0.1899130832609,0.0159239107136,0.0,0.0,0.0,0.0,0.0,0.0,0.0,0.0,0,0,0,43814dae-715c-4402-a0fc-679af8e95f47,0,0,0
0,186,0.0,0.0,,,26.9446923460942,0.0040684900067,-22.1103750371921,0.005901228851,0.1199853713441,0.0171644926135,0.0,0.0,0.0,0.0,0.0,0.0,0.0,0.0,0,0,0,f5f26ea7-c337-4f42-9864-01da9b256735,0,0,0
1,746,0.0,0.0,,,26.8592094632684,0.0041618022044,-22.1444414771031,0.006166336328,0.1276229443218,0.0188472285418,0.0,0.0,0.0,0.0,0.0,0.0,0.0,0.0,0,0,0,1e37d5f1-3ebf-4817-bd6e-eb4dab00b9d1,0,0,0
0,220,0.0,0.0,,,26.5076965985041,0.0008032767158,-18.947200612581,0.0011264608228,0.8092403082357,0.0203126413415,0.0,0.0,0.0,0.0,0.0,0.0,0.0,0.0,0,0,0,2dce5963-ea6b-4b58-aec6-ca128b3d2ace,0,0,0
1,4260,0.0,0.0,,,26.4791675913381,0.0008156443415,-19.0507958675775,0.0011337600633,0.8109703648207,0.0211805518556,0.0,0.0,0.0,0.0,0.0,0.0,0.0,0.0,0,0,0,e343e494-c372-4e35-8a49-ae26f6bf8022,0,0,0
0,223,0.0,0.0,,,26.7341230803351,0.0008699914279,-26.2557606071852,0.0011660085224,0.6773067412369,0.0182478911308,0.0,0.0,0.0,0.0,0.0,0.0,0.0,0.0,0,0,0,6470a0d8-8c07-45e2-855d-fed5f4c16d89,0,0,0
1,2963,0.0,0.0,,,26.6554014803782,0.0008200036055,-26.3338671320442,0.0011891379986,0.6790466198635,0.0194072259438,0.0,0.0,0.0,0.0,0.0,0.0,0.0,0.0,0,0,0,8f358995-7144-45e5-9469-7b13e9a1b4d5,0,0,0
0,240,0.0,0.0,,,27.3240561246218,0.0046114455042,-14.4186358506604,0.0048498867538,0.245598485919,0.0277359560966,0.0,0.0,0.0,0.0,0.0,0.0,0.0,0.0,0,0,0,928f7181-4026-42db-99fe-40e093052263,0,0,0
1,3380,0.0,0.0,,,27.3270013112177,0.0046364120227,-14.4807013429096,0.0049903489054,0.1604064210321,0.0264887396153,0.0,0.0,0.0,0.0,0.0,0.0,0.0,0.0,0,0,0,0d3d57af-c332-4f24-b9f8-b8d59b1b8b54,0,0,0
0,264,0.0,0.0,,,18.2700294722633,0.0043557416183,-23.1877419070274,0.0054431449583,0.1867006824817,0.0219465672695,0.0,0.0,0.0,0.0,0.0,0.0,0.0,0.0,0,0,0,60cfa3ec-69d4-4d11-80cf-1ab1e65e72c5,0,0,0
1,3408,0.0,0.0,,,18.3223017871893,0.0044415798059,-23.3703878849609,0.0051690369675,0.1625212400519,0.0215300199257,0.0,0.0,0.0,0.0,0.0,0.0,0.0,0.0,0,0,0,45cc8109-52d4-4edb-851e-37bb15ff2b94,0,0,0
0,278,0.0,0.0,,,22.5403453444046,0.0031975011585,-23.9461842371985,0.0053439448142,0.1588620369007,0.0202185218983,0.0,0.0,0.0,0.0,0.0,0.0,0.0,0.0,0,0,0,5e5e8b7c-9bf9-4abf-b7ac-31ce3c9635d9,0,0,0
1,431,0.0,0.0,,,22.6167094427529,0.0031964208385,-24.0064079840866,0.0052565240237,0.1760816898963,0.0194027335836,0.0,0.0,0.0,0.0,0.0,0.0,0.0,0.0,0,0,0,d5d42650-51a1-4ff1-8d83-e0e56644ae97,0,0,0
0,314,0.0,0.0,,,26.806443789652,0.0063497665304,-30.0997663711988,0.005890662547,0.1465298968442,0.0189929897086,0.0,0.0,0.0,0.0,0.0,0.0,0.0,0.0,0,0,0,27c368a1-2202-4e07-b320-10986fd3b627,0,0,0
1,2659,0.0,0.0,,,26.7366143124624,0.0064802481572,-30.1595489298703,0.005903649623,0.165837952764,0.018622768822,0.0,0.0,0.0,0.0,0.0,0.0,0.0,0.0,0,0,0,886c0019-dbd1-4f7e-997f-e7d1194e5725,0,0,0
0,319,0.0,0.0,,,28.1654483618793,0.0007227207679,-16.855011288065,0.0008002613129,1.1805534924104,0.0243377737842,0.0,0.0,0.0,0.0,0.0,0.0,0.0,0.0,0,0,0,18992b7c-c721-490e-b006-d5ca43c10f22,0,0,0
1,2567,0.0,0.0,,,28.218965398277,0.0007324963519,-16.7782490208628,0.000839509578,1.2351329750044,0.0230082680659,0.0,0.0,0.0,0.0,0.0,0.0,0.0,0.0,0,0,0,18fa8ae7-3baf-4064-9e55-2f053bfd5917,0,0,0
0,331,0.0,0.0,,,34.7781420527626,0.0008918108758,-20.9018234615708,0.0011137994584,0.862556740859,0.02201359403,0.0,0.0,0.0,0.0,0.0,0.0,0.0,0.0,0,0,0,ac55d107-6ea7-4bb1-b557-ff720ad1d51b,0,0,0
1,957,0.0,0.0,,,34.8615440231832,0.000892376176,-20.8233960419324,0.0010789128837,0.8867738285668,0.0224169330503,0.0,0.0,0.0,0.0,0.0,0.0,0.0,0.0,0,0,0,e9c1d6f6-ff37-485b-9e6e-7bc706bc57cc,0,0,0
0,339,0.0,0.0,,,26.7461060823765,0.0006010461744,-26.1561469147529,0.0008380201523,0.9707928736959,0.0179783288553,0.0,0.0,0.0,0.0,0.0,0.0,0.0,0.0,0,0,0,0fc9ccfa-47aa-41bc-a875-6f7eecd2fd93,0,0,0
1,3598,0.0,0.0,,,26.7700357811617,0.0005587981203,-26.0409565461162,0.0008471233148,0.9748900074443,0.0178025519563,0.0,0.0,0.0,0.0,0.0,0.0,0.0,0.0,0,0,0,5a0bb33e-fec6-4a2c-ad38-507e624ae542,0,0,0
0,352,0.0,0.0,,,33.4584506596577,0.0037239280625,-22.3284994881658,0.0062626326583,0.1459396487505,0.0206602427375,0.0,0.0,0.0,0.0,0.0,0.0,0.0,0.0,0,0,0,7f23d9a6-2072-4abf-b232-95898b22fda6,0,0,0
1,291,0.0,0.0,,,33.5300253350899,0.0036093059556,-22.2777648843648,0.0058816879926,0.1743296925359,0.0195471104455,0.0,0.0,0.0,0.0,0.0,0.0,0.0,0.0,0,0,0,3dcf6f67-54ad-40d9-a199-006b685d9fda,0,0,0
0,356,0.0,0.0,,,34.5479419168321,0.0022530256028,-13.9029451503302,0.0033974207538,0.5408228553422,0.0357527965181,0.0,0.0,0.0,0.0,0.0,0.0,0.0,0.0,0,0,0,65b128dc-5b1c-444a-91be-887972340478,0,0,0
1,1169,0.0,0.0,,,34.6389578017327,0.0038365842058,-13.9758107553893,0.0051804840534,0.2944799775485,0.0368317976074,0.0,0.0,0.0,0.0,0.0,0.0,0.0,0.0,0,0,0,01ec9524-8886-4c1b-a0fa-eaececffcdca,0,0,0
0,388,0.0,0.0,,,28.7751741521451,0.0002997502825,-20.6953970203697,0.0003728929151,1.9100223473884,0.0159176726464,0.0,0.0,0.0,0.0,0.0,0.0,0.0,0.0,0,0,0,19f97c4e-6a93-47c3-97c6-8b7daeb079e7,0,0,0
1,1424,0.0,0.0,,,28.696678443908,0.0002994780295,-20.6532973650868,0.0003832977968,1.9192722684371,0.0169147462249,0.0,0.0,0.0,0.0,0.0,0.0,0.0,0.0,0,0,0,c59cf098-5323-478d-ac8e-706d567ef06d,0,0,0
0,516,0.0,0.0,,,26.4533618625482,0.0009297969855,-20.5761942603187,0.0011983925429,0.6221761329181,0.0172069324704,0.0,0.0,0.0,0.0,0.0,0.0,0.0,0.0,0,0,0,a6dcd122-19fb-49fe-ab87-0ddec8ffaf9a,0,0,0
1,1284,0.0,0.0,,,26.4567894577663,0.0009079691991,-20.6891248686873,0.0012048499745,0.6046776366651,0.0181785361164,0.0,0.0,0.0,0.0,0.0,0.0,0.0,0.0,0,0,0,9c7fc656-93cd-4aa9-8e43-f556c2b8870b,0,0,0
0,524,0.0,0.0,,,29.7636037770753,0.0046736028824,-25.3639445548668,0.0082976365923,0.1176103438017,0.0203386016754,0.0,0.0,0.0,0.0,0.0,0.0,0.0,0.0,0,0,0,7380a17c-68cb-49fa-8db2-8e6eff0609d4,0,0,0
1,3616,0.0,0.0,,,29.7833878296156,0.0047767262943,-25.2380164015902,0.0081565600784,0.1214488945648,0.0198094932258,0.0,0.0,0.0,0.0,0.0,0.0,0.0,0.0,0,0,0,8a055859-de1b-4eda-9f1c-d6f3f9b2a165,0,0,0
0,571,0.0,0.0,,,8.7856121317019,0.0002195428521,-20.1557676839596,0.0003278203197,6.4379711807089,0.04022211621,0.0,0.0,0.0,0.0,0.0,0.0,0.0,0.0,0,0,0,e6b28a5d-8392-4c6a-b16d-3fe99310960e,0,0,0
1,2925,0.0,0.0,,,8.8430527878805,0.0002269736505,-20.0942477864636,0.0003275641888,6.5273811072552,0.0407488295566,0.0,0.0,0.0,0.0,0.0,0.0,0.0,0.0,0,0,0,09991873-4115-4b3f-9e85-8c5ba55ca331,0,0,0
0,578,0.0,0.0,,,16.215004833391,0.0003017046122,-25.3588968453863,0.0004362325952,2.3319093651234,0.0226878340793,0.0,0.0,0.0,0.0,0.0,0.0,0.0,0.0,0,0,0,f87ee2c7-17c4-4f43-b689-fc1e93a1f0a6,0,0,0
1,675,0.0,0.0,,,16.2897574931012,0.0002928292544,-25.3240694438919,0.0004594312185,2.3584286537752,0.0231102543104,0.0,0.0,0.0,0.0,0.0,0.0,0.0,0.0,0,0,0,1ee47b90-500b-4f8c-9475-0d8742a0a4ef,0,0,0
0,588,0.0,0.0,,,27.7403547871583,0.0003795012233,-8.9977241604646,0.0004448969762,5.2585118668207,0.0492833998102,0.0,0.0,0.0,0.0,0.0,0.0,0.0,0.0,0,0,0,fb9a582a-fcca-4f24-9b59-da76acab31f1,0,0,0
1,1837,0.0,0.0,,,27.6603766515436,0.0003705980189,-9.022728766065,0.0004686632433,5.307466842054,0.0463966464482,0.0,0.0,0.0,0.0,0.0,0.0,0.0,0.0,0,0,0,a941c547-993f-40d1-82c5-23428c8f40ba,0,0,0
0,595,0.0,0.0,,,16.6892627893143,0.0020792975185,-26.3971989272404,0.0034237974184,0.3063300236551,0.0220902361449,0.0,0.0,0.0,0.0,0.0,0.0,0.0,0.0,0,0,0,5297c649-cdc2-47e9-bdff-2dc031a10cbd,0,0,0
1,489,0.0,0.0,,,16.5873280640824,0.0019439460058,-26.4003513179366,0.0034800105471,0.3717320786158,0.0230145074959,0.0,0.0,0.0,0.0,0.0,0.0,0.0,0.0,0,0,0,8b5b872d-451e-41e7-a714-13e3ed9c0ca4,0,0,0
0,626,0.0,0.0,,,28.9960268581064,0.0020519450589,-33.7416421074791,0.0031489950499,0.334903329783,0.0276890375309,0.0,0.0,0.0,0.0,0.0,0.0,0.0,0.0,0,0,0,fcb8a720-e943-4710-9740-7233e3febff0,0,0,0
1,906,0.0,0.0,,,28.9480759821597,0.0019914361354,-33.653336465183,0.0032565622696,0.3344243450558,0.0284194385165,0.0,0.0,0.0,0.0,0.0,0.0,0.0,0.0,0,0,0,3a25293d-b1c9-4e4c-b1dd-98b1be17b355,0,0,0
0,672,0.0,0.0,,,19.9567840452401,0.0023657334081,-19.912311174128,0.0032213375829,0.3295493306114,0.0199221442405,0.0,0.0,0.0,0.0,0.0,0.0,0.0,0.0,0,0,0,58517e18-5eda-453b-b970-a5e335ee6b85,0,0,0
1,3868,0.0,0.0,,,19.9101400182502,0.0023315812921,-20.0789751495026,0.0032584515289,0.2953679272931,0.0224227297119,0.0,0.0,0.0,0.0,0.0,0.0,0.0,0.0,0,0,0,4177b8b3-3dd2-4f2b-91e3-d5531b604a56,0,0,0
0,697,0.0,0.0,,,18.4468116365825,0.0005627248098,-25.436026726413,0.0008225338807,1.1489629772399,0.0206015209093,0.0,0.0,0.0,0.0,0.0,0.0,0.0,0.0,0,0,0,e364a3cd-edc9-491e-a8bd-b05c1c6d4015,0,0,0
1,3145,0.0,0.0,,,18.3891018032418,0.0005571489032,-25.3513245575314,0.0008484025449,1.1394167596703,0.0206769258363,0.0,0.0,0.0,0.0,0.0,0.0,0.0,0.0,0,0,0,fa013f0d-5e9e-44a7-9523-a5abab2b1dae,0,0,0
0,700,0.0,0.0,,,37.8925692494147,0.0024833147061,-14.6019956772499,0.0033458543753,0.5676222630288,0.0392943116033,0.0,0.0,0.0,0.0,0.0,0.0,0.0,0.0,0,0,0,8727f091-f412-44ae-9127-ccc85f09702a,0,0,0
1,214,0.0,0.0,,,37.9593932949667,0.003142703716,-14.6468401083411,0.0038564135495,0.4241792796604,0.0435699949096,0.0,0.0,0.0,0.0,0.0,0.0,0.0,0.0,0,0,0,03d2cda7-9c67-4efd-b058-3ef4d476001a,0,0,0
0,708,0.0,0.0,,,21.2418210938395,0.0053512594511,-19.1312837611383,0.0079952480018,0.1076671761703,0.0238472146072,0.0,0.0,0.0,0.0,0.0,0.0,0.0,0.0,0,0,0,6909754d-9e7d-482f-a57d-6eaf839abb32,0,0,0
1,4002,0.0,0.0,,,21.2644227026514,0.0052900799642,-19.0160112101158,0.0085331163333,0.158605209813,0.0219938284107,0.0,0.0,0.0,0.0,0.0,0.0,0.0,0.0,0,0,0,52d9a185-4aa4-418e-8415-44960343bb0c,0,0,0
0,727,0.0,0.0,,,29.5003532465438,0.0001867389392,-21.0906621493349,0.0002603025404,3.1424552414727,0.0160496611399,0.0,0.0,0.0,0.0,0.0,0.0,0.0,0.0,0,0,0,c56ffea2-d95c-41d1-87d2-77e5be2a6076,0,0,0
1,2263,0.0,0.0,,,29.4459220166312,0.0001772888879,-21.0673588215287,0.0002424774051,3.1525306087507,0.0162067823953,0.0,0.0,0.0,0.0,0.0,0.0,0.0,0.0,0,0,0,75a64347-07b6-4e5e-96c2-e410adc2d82e,0,0,0
0,748,0.0,0.0,,,37.1271627779861,0.0004293060207,-28.2665542533629,0.0006083886289,1.9579550854875,0.0274141377716,0.0,0.0,0.0,0.0,0.0,0.0,0.0,0.0,0,0,0,833651a2-7258-47e0-bed0-39068e3d83cc,0,0,0
1,391,0.0,0.0,,,37.1736544451106,0.0004210697114,-28.1923872547359,0.0006209721321,1.9712869474976,0.0281816641848,0.0,0.0,0.0,0.0,0.0,0.0,0.0,0.0,0,0,0,9befc8fb-86ec-443d-b9f1-02b4b214bf19,0,0,0
0,750,0.0,0.0,,,27.9568374211228,0.0004188922364,-25.7910112496522,0.0008998994549,1.0717948461367,0.0156791814274,0.0,0.0,0.0,0.0,0.0,0.0,0.0,0.0,0,0,0,9be1653c-8a4a-4ddc-9ff9-797f68c833b0,0,0,0
1,4075,0.0,0.0,,,27.9190124885893,0.0004167276208,-25.9090408645258,0.0008679147259,1.0585246355027,0.0169265410848,0.0,0.0,0.0,0.0,0.0,0.0,0.0,0.0,0,0,0,5fc3623d-8b0d-4722-93a2-d487706e914e,0,0,0
0,780,0.0,0.0,,,37.9409318773296,0.0034956317812,-19.6080765327173,0.0037467519463,0.3197533308912,0.0285230245883,0.0,0.0,0.0,0.0,0.0,0.0,0.0,0.0,0,0,0,1a11c2c4-cfe8-4e3d-8f01-93155f599347,0,0,0
1,2161,0.0,0.0,,,38.0094463571967,0.0034668028078,-19.6412276717195,0.0035714804351,0.30816952545,0.0323963757551,0.0,0.0,0.0,0.0,0.0,0.0,0.0,0.0,0,0,0,543f6d88-8ed6-477b-93ce-e45e674343d1,0,0,0
0,882,0.0,0.0,,,27.3022951428482,0.0029529170562,-26.5235337616564,0.0046644812279,0.2268230926571,0.0202119333214,0.0,0.0,0.0,0.0,0.0,0.0,0.0,0.0,0,0,0,f67727f6-468a-4f58-9368-d5c5fae23909,0,0,0
1,2749,0.0,0.0,,,27.3558179916105,0.0030344686834,-26.4072774045804,0.0045942513766,0.2197339029295,0.0179390899072,0.0,0.0,0.0,0.0,0.0,0.0,0.0,0.0,0,0,0,62009592-2611-44db-8b02-a04d5a66c038,0,0,0
0,893,0.0,0.0,,,24.9854355492259,0.0002478345433,-26.1265786451812,0.0004041673933,2.0657162894604,0.0172318112232,0.0,0.0,0.0,0.0,0.0,0.0,0.0,0.0,0,0,0,255d6f90-3fbe-4eb3-8bf8-da71ac489dc0,0,0,0
1,2051,0.0,0.0,,,25.0075029938067,0.0002680063774,-26.0675910710265,0.0003838405254,2.0881686645128,0.0193586010047,0.0,0.0,0.0,0.0,0.0,0.0,0.0,0.0,0,0,0,84aafbf0-7074-42e5-8bc6-da379f2a17fd,0,0,0
0,939,0.0,0.0,,,31.0771346459661,0.0014782327913,-28.2467648867694,0.0022858666811,0.396023545618,0.0187649253127,0.0,0.0,0.0,0.0,0.0,0.0,0.0,0.0,0,0,0,b466cc99-726f-4a9e-a681-0d0c30216f2d,0,0,0
1,1213,0.0,0.0,,,31.0377931335278,0.0015011707204,-28.3938830182211,0.002304730397,0.3618450624054,0.0190555910093,0.0,0.0,0.0,0.0,0.0,0.0,0.0,0.0,0,0,0,05b4a594-9d3a-4854-8fd0-ff23f134fdaf,0,0,0
0,1051,0.0,0.0,,,35.4004942015532,0.0012372664305,-16.3238248119548,0.0014228119095,0.8936632512144,0.0303608991762,0.0,0.0,0.0,0.0,0.0,0.0,0.0,0.0,0,0,0,ce431144-1f9d-4ad7-9d37-0276b5df7697,0,0,0
1,204,0.0,0.0,,,35.528615381856,0.0012471711149,-16.258365723307,0.0014059141996,0.9086920514927,0.0344051064148,0.0,0.0,0.0,0.0,0.0,0.0,0.0,0.0,0,0,0,561464b5-3c2a-4a95-a4c6-5138ac4f88e7,0,0,0
0,1122,0.0,0.0,,,31.6589286464485,0.0060903736409,-17.8466936827301,0.0084178764121,0.123382047234,0.0186310971715,0.0,0.0,0.0,0.0,0.0,0.0,0.0,0.0,0,0,0,ca7cc9ef-f9e4-4aba-a46d-edc595aba821,0,0,0
1,4264,0.0,0.0,,,31.5710132324705,0.0061683753199,-18.0060528346774,0.0083728941389,0.0911366528516,0.0200901709119,0.0,0.0,0.0,0.0,0.0,0.0,0.0,0.0,0,0,0,10243cc7-d9d9-4326-8921-b6ba6c9bc972,0,0,0
0,1123,0.0,0.0,,,25.7886889830561,0.0056760325899,-14.0054883991459,0.0060067380887,0.1995605578956,0.0296453124606,0.0,0.0,0.0,0.0,0.0,0.0,0.0,0.0,0,0,0,7a85af80-ddc7-4f1d-831e-101fa016c923,0,0,0
1,3052,0.0,0.0,,,25.8867230578175,0.0059519466712,-14.0146649577778,0.005805184611,0.2474975265469,0.0299635554231,0.0,0.0,0.0,0.0,0.0,0.0,0.0,0.0,0,0,0,02cd6b05-2ecc-4e7f-bbcf-3b7712fc0804,0,0,0
0,1135,0.0,0.0,,,25.412584211219,0.0003526155252,-14.7087645704761,0.0004100956513,3.021119637491,0.0267587849998,0.0,0.0,0.0,0.0,0.0,0.0,0.0,0.0,0,0,0,de4eafbe-b1e2-4b9b-b54a-f915af309b8c,0,0,0
1,762,0.0,0.0,,,25.396173260829,0.0003173584015,-14.7796590389783,0.0003769565309,3.0362911546713,0.0285611548177,0.0,0.0,0.0,0.0,0.0,0.0,0.0,0.0,0,0,0,07d6220b-703a-4bf3-8f45-8031d8f5a5e4,0,0,0
0,1146,0.0,0.0,,,39.0626234107964,0.0009308190589,-20.8057447898473,0.0011715558584,1.0900939604761,0.029867334486,0.0,0.0,0.0,0.0,0.0,0.0,0.0,0.0,0,0,0,3b6e9160-8ea9-45ba-8451-5da4c5a2b986,0,0,0
1,4202,0.0,0.0,,,39.0750054904701,0.0008956465525,-20.9130718461881,0.0011124955168,1.0911447815983,0.0351393243266,0.0,0.0,0.0,0.0,0.0,0.0,0.0,0.0,0,0,0,bd0a84b9-6711-45f8-be11-d8ac8c8d8001,0,0,0
0,1160,0.0,0.0,,,16.3932453313963,0.0002872612806,-38.1894180647915,0.0005724910697,4.5141227497569,0.0596426110867,0.0,0.0,0.0,0.0,0.0,0.0,0.0,0.0,0,0,0,c8aae3db-47f8-4160-a67e-26cd31f09a46,0,0,0
1,1131,0.0,0.0,,,16.2575982485214,0.0002936952531,-38.2036116459577,0.0005718858799,4.5328922069999,0.055721672274,0.0,0.0,0.0,0.0,0.0,0.0,0.0,0.0,0,0,0,ba46cca5-6042-4a33-ac95-b53fc30770b7,0,0,0
0,1179,0.0,0.0,,,33.4796631727577,0.0003583543053,-25.4822911395243,0.0004660562451,1.8304098195395,0.0208452016339,0.0,0.0,0.0,0.0,0.0,0.0,0.0,0.0,0,0,0,dc1176c6-14f7-435d-a453-3b1222f247a9,0,0,0
1,2555,0.0,0.0,,,33.3903163450707,0.0003481877166,-25.4324163332151,0.0004551403803,1.8145656487411,0.0206808998315,0.0,0.0,0.0,0.0,0.0,0.0,0.0,0.0,0,0,0,9f60fcab-24a1-47e9-8f94-e0ae2eff1468,0,0,0
0,1196,0.0,0.0,,,26.6127237075576,0.0063297922018,-12.0130332484037,0.0059874046646,0.2792402514659,0.0369504416775,0.0,0.0,0.0,0.0,0.0,0.0,0.0,0.0,0,0,0,4742a437-b160-4066-aefe-5f613d5e86b0,0,0,0
1,2313,0.0,0.0,,,26.7001426496896,0.0064514773258,-11.9685095624105,0.0057230343234,0.2735735470751,0.0325406035244,0.0,0.0,0.0,0.0,0.0,0.0,0.0,0.0,0,0,0,0e015266-6c2c-4d6a-be14-452c15aeaea1,0,0,0
0,1214,0.0,0.0,,,30.4009248512906,0.0007200872854,-20.649146391636,0.0009092549979,0.853900315497,0.0197729217706,0.0,0.0,0.0,0.0,0.0,0.0,0.0,0.0,0,0,0,3af123ab-a404-4e92-8af6-47c2638f7654,0,0,0
1,1474,0.0,0.0,,,30.3439664925046,0.0007345837783,-20.7503171575578,0.0009320853432,0.8773622418659,0.0198057770115,0.0,0.0,0.0,0.0,0.0,0.0,0.0,0.0,0,0,0,c650ebc9-38a9-491c-8a0f-fbb8993c95e7,0,0,0
0,1219,0.0,0.0,,,32.1828446954758,0.0016333210007,-24.4825748851632,0.0018992138374,0.3171165675131,0.0192119152014,0.0,0.0,0.0,0.0,0.0,0.0,0.0,0.0,0,0,0,314174ed-62fb-4456-bace-67844343cfa3,0,0,0
1,3025,0.0,0.0,,,32.0215400546987,0.0017317310488,-24.4299475585969,0.0019839193968,0.2954854319669,0.0171562416554,0.0,0.0,0.0,0.0,0.0,0.0,0.0,0.0,0,0,0,56425100-4bb1-408a-bc64-d3b208c6b1df,0,0,0
0,1227,0.0,0.0,,,32.6082720620611,0.0039864319689,-19.484542876803,0.0049329138321,0.1485032609532,0.0207002081893,0.0,0.0,0.0,0.0,0.0,0.0,0.0,0.0,0,0,0,f6604e1f-1b1d-4b70-b007-06d4988d72af,0,0,0
1,364,0.0,0.0,,,32.6140564916437,0.0040915512219,-19.5950366425943,0.0049616546513,0.2193756050479,0.0225545066031,0.0,0.0,0.0,0.0,0.0,0.0,0.0,0.0,0,0,0,8c10363e-956c-4220-8b41-5a87ee1904c6,0,0,0
0,1241,0.0,0.0,,,36.3663764422248,0.0005949570776,-24.2756414945597,0.0007168504304,1.3390035788306,0.0227639765712,0.0,0.0,0.0,0.0,0.0,0.0,0.0,0.0,0,0,0,90595074-250a-4dda-8f31-3fee4148cab3,0,0,0
1,1715,0.0,0.0,,,36.408731120423,0.000586577621,-24.3585080216771,0.0007278344823,1.3389809805319,0.0233101015688,0.0,0.0,0.0,0.0,0.0,0.0,0.0,0.0,0,0,0,e9b80a08-e513-4d78-af3e-d71e87b20d0f,0,0,0
0,1245,0.0,0.0,,,25.4551994225561,0.0004536607705,-34.716172490623,0.0006805814811,1.7586687766191,0.0291486642134,0.0,0.0,0.0,0.0,0.0,0.0,0.0,0.0,0,0,0,f0b2b9eb-9e23-45ed-95d2-f891a174cd5b,0,0,0
1,1050,0.0,0.0,,,25.5190256862766,0.000432131005,-34.6288447691942,0.0006882343733,1.7504603188036,0.0288877690974,0.0,0.0,0.0,0.0,0.0,0.0,0.0,0.0,0,0,0,124af8ba-2e1d-4d06-af1f-b7d61e1a9cb9,0,0,0
0,1253,0.0,0.0,,,15.5622868745952,0.0018537688795,-10.9335920292494,0.0022885209056,0.9674145367027,0.0495526648363,0.0,0.0,0.0,0.0,0.0,0.0,0.0,0.0,0,0,0,09089b49-2322-445f-91ee-f501604c4b44,0,0,0
1,625,0.0,0.0,,,15.4084119115897,0.0018823940221,-10.8968940442604,0.0021891906383,1.0585039413323,0.0471581603781,0.0,0.0,0.0,0.0,0.0,0.0,0.0,0.0,0,0,0,4cd086f9-67db-402e-ae5d-0e545b66a9c8,0,0,0
0,1288,0.0,0.0,,,24.0527517647561,0.0003571476706,-32.5848426348061,0.0005718678614,1.8284745328771,0.024738580907,0.0,0.0,0.0,0.0,0.0,0.0,0.0,0.0,0,0,0,9513c641-d19a-46d8-ae77-409ebd2227ec,0,0,0
1,4234,0.0,0.0,,,24.0469242752585,0.0003585641325,-32.66058344889,0.0006135240777,1.854354988542,0.0269147393854,0.0,0.0,0.0,0.0,0.0,0.0,0.0,0.0,0,0,0,6a9cd6c0-2f7e-4601-9052-b28e46787747,0,0,0
0,1289,0.0,0.0,,,23.2352211878943,0.0005841354961,-27.3011644911828,0.0008557943108,0.9554203554088,0.0169490425243,0.0,0.0,0.0,0.0,0.0,0.0,0.0,0.0,0,0,0,6f43d072-180e-4195-8ed5-d2621046952b,0,0,0
1,1596,0.0,0.0,,,23.1991409660077,0.0006126318397,-27.3984681314245,0.0008939631453,0.9914226189058,0.0190706251065,0.0,0.0,0.0,0.0,0.0,0.0,0.0,0.0,0,0,0,f0b8d860-c6d9-4f54-9a5a-114ccf1c5ba2,0,0,0
0,1290,0.0,0.0,,,30.7262349789835,0.0018681544134,-31.8391634825762,0.0029038802276,0.3590810454385,0.0244128914248,0.0,0.0,0.0,0.0,0.0,0.0,0.0,0.0,0,0,0,41749655-5d0b-4c18-82f7-dcfa820697a6,0,0,0
1,240,0.0,0.0,,,30.768466971466,0.0019705962556,-31.903139162068,0.0028185599194,0.3485170808912,0.0244053822575,0.0,0.0,0.0,0.0,0.0,0.0,0.0,0.0,0,0,0,f04532fc-2139-4f7b-9ae7-c42509daaa44,0,0,0
0,1298,0.0,0.0,,,35.9482708158211,0.0055601275581,-27.2233707792858,0.0043767545552,0.2112499720463,0.0225259014782,0.0,0.0,0.0,0.0,0.0,0.0,0.0,0.0,0,0,0,a096024d-6b1d-4844-9d5c-5c82e74115f8,0,0,0
1,2849,0.0,0.0,,,36.1945838743131,0.0043112387716,-27.3912522695927,0.0069193664225,0.1254464385616,0.0241010938746,0.0,0.0,0.0,0.0,0.0,0.0,0.0,0.0,0,0,0,123cfa13-aa79-4aad-a488-1d12d9ab8d31,0,0,0
0,1347,0.0,0.0,,,44.0823422064563,0.0002094115115,-23.4577447799481,0.0002589450933,11.4591973310397,0.0695584437511,0.0,0.0,0.0,0.0,0.0,0.0,0.0,0.0,0,0,0,178a3c71-0b76-41ee-810a-1ff03bd5e158,0,0,0
1,2640,0.0,0.0,,,44.0770268245383,0.0002078093031,-23.406191488551,0.0002441896631,11.5729308352047,0.0727369416322,0.0,0.0,0.0,0.0,0.0,0.0,0.0,0.0,0,0,0,9bbdbf4c-589d-4434-8ab2-b6b23e8e8704,0,0,0
0,1410,0.0,0.0,,,20.8429661099286,0.0038607631869,-21.8445470023097,0.0066291899448,0.1407360747575,0.0194799389288,0.0,0.0,0.0,0.0,0.0,0.0,0.0,0.0,0,0,0,9261c25e-8710-421c-8fbb-5587e8012fc1,0,0,0
1,397,0.0,0.0,,,21.0047963338586,0.0043959556756,-21.8422142167611,0.0068595148964,0.1603350710187,0.0197201886775,0.0,0.0,0.0,0.0,0.0,0.0,0.0,0.0,0,0,0,39dd83ae-1200-40ec-a06a-51b1650d1740,0,0,0
0,1421,0.0,0.0,,,28.1835401704256,0.0006935920276,-32.4628852514638,0.0009503386262,1.100451929075,0.0239636573202,0.0,0.0,0.0,0.0,0.0,0.0,0.0,0.0,0,0,0,4c7e50a1-2216-455c-a41d-0fd44f239b4a,0,0,0
1,3535,0.0,0.0,,,28.203251822182,0.0006832955439,-32.585853810569,0.0009165263824,1.1104777360208,0.0262422185383,0.0,0.0,0.0,0.0,0.0,0.0,0.0,0.0,0,0,0,4a6313f9-20b1-4772-973c-be7772388da7,0,0,0
0,1433,0.0,0.0,,,19.412187012654,0.000715117577,-33.9289360158735,0.0011730608504,1.1309703066339,0.0292690047059,0.0,0.0,0.0,0.0,0.0,0.0,0.0,0.0,0,0,0,ad32f439-d3cd-4f6d-92e2-bf656651820d,0,0,0
1,2260,0.0,0.0,,,19.5252014628159,0.0007225210333,-33.9911853432538,0.0011856537346,1.0253720413951,0.0282560155045,0.0,0.0,0.0,0.0,0.0,0.0,0.0,0.0,0,0,0,f9d62458-f881-450f-bc34-bab743d2c0a7,0,0,0
0,1440,0.0,0.0,,,25.6886936341022,0.0058517278212,-19.8733071224213,0.009344467747,0.1451905466435,0.0203150984736,0.0,0.0,0.0,0.0,0.0,0.0,0.0,0.0,0,0,0,a68962f0-68f1-4f88-8d53-2f35c58f170d,0,0,0
1,572,0.0,0.0,,,25.5901408450917,0.0056666747505,-19.8501593111573,0.0090435383006,0.1033182585838,0.0183945095128,0.0,0.0,0.0,0.0,0.0,0.0,0.0,0.0,0,0,0,2cdbc711-cead-445d-a096-d6ef929c8fd6,0,0,0
0,1441,0.0,0.0,,,15.6764863373762,0.0001763210445,-27.5274600428982,0.0002543591925,4.1940995905847,0.0245414470561,0.0,0.0,0.0,0.0,0.0,0.0,0.0,0.0,0,0,0,5ac1f796-51c7-4025-a362-f91067685695,0,0,0
1,1238,0.0,0.0,,,15.5925849762772,0.0001788193905,-27.5485946795776,0.0002460015024,4.1481551541044,0.021480900165,0.0,0.0,0.0,0.0,0.0,0.0,0.0,0.0,0,0,0,1deab010-a317-4dc0-a2e6-283afc9bb364,0,0,0
0,1445,0.0,0.0,,,21.5584579040923,0.0003457933649,-22.3398762328717,0.0004707740103,1.8345496292804,0.019362275127,0.0,0.0,0.0,0.0,0.0,0.0,0.0,0.0,0,0,0,9daba3c3-0df0-4918-b9ea-86d455fbe4b5,0,0,0
1,4281,0.0,0.0,,,21.5155228516192,0.0003490411313,-22.4267870621183,0.0004788369193,1.7841178525392,0.0203422920616,0.0,0.0,0.0,0.0,0.0,0.0,0.0,0.0,0,0,0,9211de65-12a2-434b-acba-5b2aa9c5d01a,0,0,0
0,1485,0.0,0.0,,,23.7025608579168,0.0068715599106,-31.5852796217031,0.0080785414133,0.1304008053527,0.0216457438239,0.0,0.0,0.0,0.0,0.0,0.0,0.0,0.0,0,0,0,d352bf95-8c77-43ca-920a-afa44a84099b,0,0,0
1,3697,0.0,0.0,,,23.642196435458,0.0070653168577,-31.4795457939451,0.0082733500015,0.1694558051861,0.0214866643733,0.0,0.0,0.0,0.0,0.0,0.0,0.0,0.0,0,0,0,1b4c1553-84c2-4a18-b833-d8c711587b0d,0,0,0
0,1500,0.0,0.0,,,25.6296403599309,0.0015072921141,-27.3214587077366,0.0018976879122,0.4060934522337,0.0182760089858,0.0,0.0,0.0,0.0,0.0,0.0,0.0,0.0,0,0,0,391537cb-1f65-4100-a8cb-ffb09e8c612d,0,0,0
1,1173,0.0,0.0,,,25.4548640272176,0.0014605064983,-27.3776288038344,0.0018328702901,0.4258415785123,0.0192622119974,0.0,0.0,0.0,0.0,0.0,0.0,0.0,0.0,0,0,0,07fa7a0f-5bd3-4a1c-8c8c-933ed42ea393,0,0,0
0,1512,0.0,0.0,,,20.592968101477,0.0005217053717,-36.0779536650291,0.0009097015053,1.7812330632628,0.035993873465,0.0,0.0,0.0,0.0,0.0,0.0,0.0,0.0,0,0,0,c90f40be-d8d3-4641-839a-cbd57804842c,0,0,0
1,1599,0.0,0.0,,,20.5299456036694,0.0004869717492,-36.0007008925374,0.0009368578613,1.8004640885177,0.0396319593036,0.0,0.0,0.0,0.0,0.0,0.0,0.0,0.0,0,0,0,f846ee2f-e95a-4739-b7d4-9a72cec229fb,0,0,0
0,1518,0.0,0.0,,,21.7561298081948,0.0005367358194,-24.7178972237847,0.0009334664669,1.0388089134639,0.0191570477721,0.0,0.0,0.0,0.0,0.0,0.0,0.0,0.0,0,0,0,c00a96ee-b0e2-4275-9746-50d998fc6d34,0,0,0
1,2267,0.0,0.0,,,21.6665007886986,0.0005143202394,-24.6080912792313,0.0009404725188,1.0062772841933,0.0176371624655,0.0,0.0,0.0,0.0,0.0,0.0,0.0,0.0,0,0,0,10ff23cd-ef4c-4a68-8f9a-c74e210c1bae,0,0,0
0,1585,0.0,0.0,,,26.150381389703,0.0009138550185,-21.649768743642,0.0011684719907,0.6924131301843,0.0188732582887,0.0,0.0,0.0,0.0,0.0,0.0,0.0,0.0,0,0,0,89be34f6-0964-4440-8c38-151c25ba8dde,0,0,0
1,3710,0.0,0.0,,,26.0289084945898,0.0009188530339,-21.7041666692047,0.0011523319983,0.6405275423022,0.0164053356626,0.0,0.0,0.0,0.0,0.0,0.0,0.0,0.0,0,0,0,a2983453-2c18-4bb4-9072-7cc7aa932a60,0,0,0
0,1591,0.0,0.0,,,21.8717694908893,0.0001311658715,-14.0915376217943,0.0001632102991,8.7180898703611,0.0327639439984,0.0,0.0,0.0,0.0,0.0,0.0,0.0,0.0,0,0,0,1e4c6dfb-c4dd-42a9-99b3-90bbc704000f,0,0,0
1,3312,0.0,0.0,,,21.9151901886921,0.0001372736683,-14.0473900247135,0.0001686353544,8.6532652044887,0.0305288112133,0.0,0.0,0.0,0.0,0.0,0.0,0.0,0.0,0,0,0,a76bb31b-fc76-400e-8a36-d0672277c7d6,0,0,0
0,1634,0.0,0.0,,,31.9185147262181,0.0002280443647,-22.7475445088777,0.0003009440231,2.7906719657348,0.0206789006373,0.0,0.0,0.0,0.0,0.0,0.0,0.0,0.0,0,0,0,9966153e-54af-46a4-9b93-5493f975acc3,0,0,0
1,950,0.0,0.0,,,31.9689459548859,0.0002311251375,-22.7092002889482,0.0002958307039,2.792586050345,0.019672657011,0.0,0.0,0.0,0.0,0.0,0.0,0.0,0.0,0,0,0,98b11998-fc9d-419b-a41f-2e9c6a026d79,0,0,0
0,1673,0.0,0.0,,,28.4786768295492,0.0026623403639,-30.4950195449323,0.0033857298399,0.2489738084372,0.0185836200042,0.0,0.0,0.0,0.0,0.0,0.0,0.0,0.0,0,0,0,15505904-f573-42e3-ad80-8e4311578f91,0,0,0
1,544,0.0,0.0,,,28.3826008577558,0.0020879952989,-30.519928130055,0.0026413970416,0.3215646840809,0.0199906768401,0.0,0.0,0.0,0.0,0.0,0.0,0.0,0.0,0,0,0,53a1983b-8198-4dc5-8561-5e2a71bbd47f,0,0,0
0,1677,0.0,0.0,,,12.6583501014364,0.001024993736,-29.2744957865775,0.0015205657566,0.9118454078235,0.0300762305312,0.0,0.0,0.0,0.0,0.0,0.0,0.0,0.0,0,0,0,8942f0c5-6105-4be6-9819-166847013dc0,0,0,0
1,3659,0.0,0.0,,,12.6890562935185,0.0009518680282,-29.4001063442621,0.001421361512,0.8649334037657,0.025085676537,0.0,0.0,0.0,0.0,0.0,0.0,0.0,0.0,0,0,0,fe030ee3-43d8-4d5e-845f-53758b72ebbe,0,0,0
0,1693,0.0,0.0,,,38.1850417644383,0.0008326487232,-16.7919760553538,0.0010279826754,1.5245183100843,0.033297960612,0.0,0.0,0.0,0.0,0.0,0.0,0.0,0.0,0,0,0,4db99c02-f7d2-466a-9f26-4dc3855109c3,0,0,0
1,2828,0.0,0.0,,,38.2599156306349,0.0008130051459,-16.6804924231504,0.0010642210312,1.5218924302844,0.0352647317615,0.0,0.0,0.0,0.0,0.0,0.0,0.0,0.0,0,0,0,cefbb3a5-2270-4928-8963-99b3b2fea1af,0,0,0
0,1705,0.0,0.0,,,40.4139713966318,0.001460024929,-25.3698744328469,0.0020404193468,0.7887719145677,0.033181981911,0.0,0.0,0.0,0.0,0.0,0.0,0.0,0.0,0,0,0,43a2ac61-8683-47d9-b363-b9834e3fde8f,0,0,0
1,1064,0.0,0.0,,,40.5085549676155,0.0014766839632,-25.2574636355234,0.0018713151621,0.7468959997946,0.0342718713192,0.0,0.0,0.0,0.0,0.0,0.0,0.0,0.0,0,0,0,758e03af-1eb6-4288-92a8-2770eb795dfb,0,0,0
0,1712,0.0,0.0,,,27.2022317090803,0.0036869540942,-32.4047888714494,0.0047147585769,0.24378188661,0.0246227337676,0.0,0.0,0.0,0.0,0.0,0.0,0.0,0.0,0,0,0,1a934f44-0185-464f-bdba-d3d8f0723657,0,0,0
1,183,0.0,0.0,,,26.9901920583235,0.0026950733074,-32.4229080261009,0.0042018974618,0.2529132180043,0.0224575024727,0.0,0.0,0.0,0.0,0.0,0.0,0.0,0.0,0,0,0,5c6ca3ef-4846-4999-bf17-9185a8b05cc7,0,0,0
0,1713,0.0,0.0,,,20.1349495541568,0.0001038032233,-15.3470114556588,0.000131409806,12.9615886682655,0.0311314346339,0.0,0.0,0.0,0.0,0.0,0.0,0.0,0.0,0,0,0,55fcc859-c232-42e7-ab70-48c5db8d74b8,0,0,0
1,2011,0.0,0.0,,,20.1145382019608,0.000101987244,-15.3885275632593,0.000128222203,12.9710868479724,0.0359148437585,0.0,0.0,0.0,0.0,0.0,0.0,0.0,0.0,0,0,0,fdd910b4-0552-4839-bb09-950dd7d059b5,0,0,0
0,1735,0.0,0.0,,,17.779078165467,0.0027894635226,-21.2166438312387,0.003396594369,0.3458076513117,0.023325739604,0.0,0.0,0.0,0.0,0.0,0.0,0.0,0.0,0,0,0,480524d7-5c6c-4b29-9e22-bceefc60ecbc,0,0,0
1,2729,0.0,0.0,,,17.7085478852453,0.0027439552095,-21.2757261785129,0.0033984879346,0.3660851413322,0.0223344539045,0.0,0.0,0.0,0.0,0.0,0.0,0.0,0.0,0,0,0,4203b9e4-b053-4b91-9d95-4c9e69eb97bf,0,0,0
0,1753,0.0,0.0,,,33.6233048121657,0.0013233371496,-25.0363594322054,0.0018805158577,0.4890169410011,0.0213143440357,0.0,0.0,0.0,0.0,0.0,0.0,0.0,0.0,0,0,0,d12ab418-25ee-48f4-92f2-e1bedf7b63f4,0,0,0
1,2807,0.0,0.0,,,33.6865173649159,0.0013525888723,-25.1548665504001,0.0019980003686,0.4630066810793,0.0209826354255,0.0,0.0,0.0,0.0,0.0,0.0,0.0,0.0,0,0,0,1f8d58b6-d367-45c5-afee-109bd63e6a4c,0,0,0
0,1759,0.0,0.0,,,24.9310587930024,0.001381352754,-23.6478372579307,0.0022228942051,0.3378014090282,0.0171426286829,0.0,0.0,0.0,0.0,0.0,0.0,0.0,0.0,0,0,0,ef6e75e8-69ac-40cb-b66f-9bb5319311e7,0,0,0
1,1708,0.0,0.0,,,24.9733119413451,0.0013610228328,-23.8310423483297,0.0021866461607,0.3463175742118,0.0159379831259,0.0,0.0,0.0,0.0,0.0,0.0,0.0,0.0,0,0,0,4d95f38e-16d8-49d6-8965-8aeb5c72a93e,0,0,0
0,1774,0.0,0.0,,,16.1107921793096,0.0003323929406,-12.5909613491301,0.0004247462998,4.8167602928363,0.0410456271988,0.0,0.0,0.0,0.0,0.0,0.0,0.0,0.0,0,0,0,100a3cf2-56c7-40a9-9972-fa7ca82e858e,0,0,0
1,4276,0.0,0.0,,,16.0492620331922,0.000328834641,-12.620359308914,0.0004113505404,4.7646144786939,0.0438371848118,0.0,0.0,0.0,0.0,0.0,0.0,0.0,0.0,0,0,0,19f6f83d-1a76-41d1-93fe-e0884b592b5c,0,0,0
0,1786,0.0,0.0,,,16.2064518111451,0.0033645736484,-22.1640533754031,0.004227237583,0.2609361374112,0.0247564939064,0.0,0.0,0.0,0.0,0.0,0.0,0.0,0.0,0,0,0,5d63f437-a023-4f59-b729-7c645d387773,0,0,0
1,788,0.0,0.0,,,16.2603969994756,0.0033649234621,-22.0072955086362,0.0040434810195,0.266536902247,0.0228841720102,0.0,0.0,0.0,0.0,0.0,0.0,0.0,0.0,0,0,0,82efbb28-0638-4069-be46-e1c9bde0727d,0,0,0
0,1795,0.0,0.0,,,15.1886900601308,0.0009658040431,-15.0174879069353,0.0015358245078,1.2997886334129,0.0303781746451,0.0,0.0,0.0,0.0,0.0,0.0,0.0,0.0,0,0,0,95ccf8fa-8c0d-4454-aa42-2a22f80730bc,0,0,0
1,428,0.0,0.0,,,15.3346945459424,0.0009421841695,-15.0418949562887,0.0015401279408,1.3172093009711,0.0308440635197,0.0,0.0,0.0,0.0,0.0,0.0,0.0,0.0,0,0,0,e8549a17-7507-4dec-a9e5-9ce19af80310,0,0,0
0,1800,0.0,0.0,,,33.9132547617292,0.0018802713856,-28.6987168693103,0.0023405850659,0.1644350565519,0.0213890594416,0.0,0.0,0.0,0.0,0.0,0.0,0.0,0.0,0,0,0,fcdcefed-f9ce-457c-a253-ce9aed9cb37c,0,0,0
1,2545,0.0,0.0,,,33.8603399901674,0.0018627530459,-28.6198693767081,0.0022482492689,0.14617472253,0.021958003184,0.0,0.0,0.0,0.0,0.0,0.0,0.0,0.0,0,0,0,27840b74-0e9c-4e46-a8ac-b04f548f39e6,0,0,0
0,1814,0.0,0.0,,,21.5151474517314,0.0084882270204,-10.3535679148404,0.0082919836696,0.23570960066,0.039760431305,0.0,0.0,0.0,0.0,0.0,0.0,0.0,0.0,0,0,0,e56a5720-ee3b-4505-93d8-5e39d6df9ee8,0,0,0
1,3726,0.0,0.0,,,21.5439765291395,0.0079273766897,-10.4265365045478,0.0080266266475,0.3562293427067,0.0441441339529,0.0,0.0,0.0,0.0,0.0,0.0,0.0,0.0,0,0,0,06fd1f7f-b035-4485-ab97-89b6441a5f83,0,0,0
0,1858,0.0,0.0,,,18.2109358717896,0.0013371524661,-20.002413655568,0.0018559357026,0.5532644938206,0.0219072611571,0.0,0.0,0.0,0.0,0.0,0.0,0.0,0.0,0,0,0,0b4c85d6-0442-41e4-927a-146b73a360a0,0,0,0
1,1144,0.0,0.0,,,18.1937800329008,0.0012819930708,-20.135398399455,0.0018676097339,0.5416246847979,0.0227126864278,0.0,0.0,0.0,0.0,0.0,0.0,0.0,0.0,0,0,0,c45b78b3-bfa9-4ad8-a4f5-a38f47879ebf,0,0,0
0,1875,0.0,0.0,,,33.4228039476878,0.0003970624494,-33.9822117930464,0.0005058089636,2.5115872762028,0.0313769226771,0.0,0.0,0.0,0.0,0.0,0.0,0.0,0.0,0,0,0,9860864b-4bc6-46d2-8c24-8771f4af4c47,0,0,0
1,4033,0.0,0.0,,,33.4043380718831,0.0003894013006,-34.0471685337867,0.0005430109247,2.4594555432073,0.0316223986492,0.0,0.0,0.0,0.0,0.0,0.0,0.0,0.0,0,0,0,10ac5bf4-452b-4474-909e-3b4f91f95071,0,0,0
0,1900,0.0,0.0,,,35.9359975817757,0.000123490685,-28.3278356872541,0.000159997811,6.6838362223799,0.0272550920618,0.0,0.0,0.0,0.0,0.0,0.0,0.0,0.0,0,0,0,be6539bc-1ae2-4fe9-a678-443c364ec853,0,0,0
1,3106,0.0,0.0,,,35.9257206950989,0.0001218358305,-28.2739299233063,0.0001637207346,6.6986177568679,0.0247865473286,0.0,0.0,0.0,0.0,0.0,0.0,0.0,0.0,0,0,0,2beb304a-d4af-4164-bb24-22b62e0444b5,0,0,0
0,1963,0.0,0.0,,,30.2598956567817,0.0067076309384,-25.0564465668322,0.0063047212219,0.1386189709967,0.0164057324859,0.0,0.0,0.0,0.0,0.0,0.0,0.0,0.0,0,0,0,65a2ded7-a1b3-4d4b-9e02-c6b710adec8a,0,0,0
1,3023,0.0,0.0,,,30.3365609746061,0.0065446709467,-25.1248174945906,0.006266164479,0.139533764489,0.0182719620634,0.0,0.0,0.0,0.0,0.0,0.0,0.0,0.0,0,0,0,c48e48de-9920-476b-93fa-0cc333f41083,0,0,0
0,1972,0.0,0.0,,,34.7150146841327,0.0013091054009,-16.7849949877901,0.0016277247172,0.7259109602806,0.0292094440899,0.0,0.0,0.0,0.0,0.0,0.0,0.0,0.0,0,0,0,564f662a-47a1-4ad4-9ca9-3cd19f97448e,0,0,0
1,3680,0.0,0.0,,,34.8003382499554,0.0012469777851,-16.8978660519955,0.001547866866,0.7100352775988,0.0270103135621,0.0,0.0,0.0,0.0,0.0,0.0,0.0,0.0,0,0,0,06e150f4-16eb-41d8-8ff1-5d419f673a59,0,0,0
0,1976,0.0,0.0,,,34.1456375005606,0.006694689899,-21.4974960865539,0.0091860677294,0.1413577713379,0.0249924177339,0.0,0.0,0.0,0.0,0.0,0.0,0.0,0.0,0,0,0,f0d565fa-262a-4644-a02b-795355c50994,0,0,0
1,2071,0.0,0.0,,,34.2672950777018,0.0073141782256,-21.5050922477561,0.0093841940664,0.147471038337,0.0226798587871,0.0,0.0,0.0,0.0,0.0,0.0,0.0,0.0,0,0,0,0d0af28f-f983-42da-b089-5ff399f24eeb,0,0,0
0,1990,0.0,0.0,,,25.8371913808416,0.0008389409269,-24.3494936115317,0.0011248744518,0.6747839909343,0.0180543539444,0.0,0.0,0.0,0.0,0.0,0.0,0.0,0.0,0,0,0,2f7add3f-f350-4308-8900-94d4fb606a2e,0,0,0
1,3293,0.0,0.0,,,25.8068097909021,0.0008597357775,-24.2277562148441,0.0011657270778,0.6885121267369,0.0166546490513,0.0,0.0,0.0,0.0,0.0,0.0,0.0,0.0,0,0,0,d2216795-ce69-4b23-83a1-4097596b3891,0,0,0
0,2006,0.0,0.0,,,15.1975010121812,0.0010690397145,-23.4847338184952,0.001362925882,0.7558577001667,0.0223175082726,0.0,0.0,0.0,0.0,0.0,0.0,0.0,0.0,0,0,0,da0bf290-b507-4a13-9091-7144b0bb3e16,0,0,0
1,1624,0.0,0.0,,,15.3238716643478,0.0010176791307,-23.4477921976136,0.0014097475102,0.7494807812461,0.0214638957207,0.0,0.0,0.0,0.0,0.0,0.0,0.0,0.0,0,0,0,bbf7065d-ad8b-4503-91e2-0be1dfec6f82,0,0,0
0,2018,0.0,0.0,,,20.0276149416519,0.0044434214725,-25.7343966231724,0.0062963685955,0.1311573819704,0.0197669146945,0.0,0.0,0.0,0.0,0.0,0.0,0.0,0.0,0,0,0,ff23891f-8947-4fdc-90f3-4d341a0406a5,0,0,0
1,4250,0.0,0.0,,,20.0103866181477,0.0042063298449,-25.8590946126054,0.0064749131876,0.1724323329002,0.0207200820773,0.0,0.0,0.0,0.0,0.0,0.0,0.0,0.0,0,0,0,01c34761-169a-4b41-ada5-00c1d9f0b870,0,0,0
0,2020,0.0,0.0,,,26.8616635316684,0.0025299962429,-28.3389175884926,0.0043349900617,0.1705713959175,0.0182504692718,0.0,0.0,0.0,0.0,0.0,0.0,0.0,0.0,0,0,0,1deeced7-495e-42ea-95cf-4009e0862790,0,0,0
1,1951,0.0,0.0,,,26.88890429686,0.0025900928565,-28.4176395121318,0.0044732447689,0.2197619776039,0.0186219697254,0.0,0.0,0.0,0.0,0.0,0.0,0.0,0.0,0,0,0,df1f23cc-7a45-4e30-b689-e3fc355623bd,0,0,0
0,2073,0.0,0.0,,,28.742643229756,0.0007099096703,-16.3678768288055,0.0009911008001,1.101017514235,0.0233395908049,0.0,0.0,0.0,0.0,0.0,0.0,0.0,0.0,0,0,0,1d0f5e9a-9f49-476a-9feb-4016941762b7,0,0,0
1,48,0.0,0.0,,,28.8201175065325,0.0007106934277,-16.4454657071207,0.0009327092169,1.0834132545692,0.0235883469153,0.0,0.0,0.0,0.0,0.0,0.0,0.0,0.0,0,0,0,1abe8c69-9c5a-4f35-9b7f-c02ffc96893f,0,0,0
0,2114,0.0,0.0,,,22.8802239994951,0.0005748909593,-7.1221166328639,0.0006714103554,5.0375679797294,0.0778201581293,0.0,0.0,0.0,0.0,0.0,0.0,0.0,0.0,0,0,0,ad796a74-dd5e-48f8-9c09-84de7aeb8c21,0,0,0
1,3869,0.0,0.0,,,22.9630661223406,0.0005484170539,-7.0732496547821,0.0006801627473,4.9551790641937,0.0744756013686,0.0,0.0,0.0,0.0,0.0,0.0,0.0,0.0,0,0,0,e8b42fb7-56c1-4387-97ca-40b6885f20f4,0,0,0
0,2190,0.0,0.0,,,27.5743007785466,0.0076362235205,-23.8736644712778,0.0084309632028,0.1049294842776,0.0169132747649,0.0,0.0,0.0,0.0,0.0,0.0,0.0,0.0,0,0,0,26c4898c-5827-4221-b1b6-18b5dea59368,0,0,0
1,850,0.0,0.0,,,27.5729522155383,0.004660133113,-23.7420058956879,0.0065311023565,0.1367561951467,0.0171623391666,0.0,0.0,0.0,0.0,0.0,0.0,0.0,0.0,0,0,0,3561c58c-5ecf-4cb1-842d-f975079f06de,0,0,0
0,2205,0.0,0.0,,,37.6160238298363,0.0060296316226,-27.1431067335563,0.0075631109822,0.160337931261,0.02871125419,0.0,0.0,0.0,0.0,0.0,0.0,0.0,0.0,0,0,0,3be1f66b-ed9e-4d1e-beb0-e745ea982756,0,0,0
1,3512,0.0,0.0,,,37.7171167237716,0.0058677211526,-27.1058626291424,0.0080109668081,0.171383355041,0.0276191500763,0.0,0.0,0.0,0.0,0.0,0.0,0.0,0.0,0,0,0,cdbbacfe-ac99-4691-92d3-4f63f8b6c041,0,0,0
0,2209,0.0,0.0,,,33.0792567741101,0.0035445942262,-21.0687177936052,0.0036097873279,0.1738028261737,0.0195000004854,0.0,0.0,0.0,0.0,0.0,0.0,0.0,0.0,0,0,0,4a6b1f93-ab77-44db-aeba-aa5d8a9ab079,0,0,0
1,2204,0.0,0.0,,,33.0905982381374,0.003418676774,-20.9448516209481,0.0036150451962,0.2188642369111,0.0212300532624,0.0,0.0,0.0,0.0,0.0,0.0,0.0,0.0,0,0,0,c1def3b5-cb18-45a9-93f2-52690aa9c15a,0,0,0
0,2250,0.0,0.0,,,15.787301626456,0.0001426558399,-21.9890925860444,0.000211515031,0.7869206586544,0.0236189943924,0.0,0.0,0.0,0.0,0.0,0.0,0.0,0.0,0,0,0,33011579-2be8-446a-9d4f-5582444cab6f,0,0,0
1,1165,0.0,0.0,,,15.7166002277847,0.000144806246,-21.9797349672971,0.0002062096569,0.7926542012478,0.0248727142201,0.0,0.0,0.0,0.0,0.0,0.0,0.0,0.0,0,0,0,fb30f091-3ada-4566-b72e-d7ac3adbbdf7,0,0,0
0,2268,0.0,0.0,,,32.9218369574323,0.0008990113048,-23.1101733387398,0.0012154083514,0.6576195699735,0.0189732256033,0.0,0.0,0.0,0.0,0.0,0.0,0.0,0.0,0,0,0,6719f2b8-8539-44a6-aff5-366c2e0658f3,0,0,0
1,2666,0.0,0.0,,,33.0159626187393,0.0009131474939,-23.042278418005,0.001240209176,0.6767513210096,0.0194267133237,0.0,0.0,0.0,0.0,0.0,0.0,0.0,0.0,0,0,0,a2ce9b3c-ccff-4d98-b329-4708d52a4e3b,0,0,0
0,2271,0.0,0.0,,,34.6697223118335,0.0052725002186,-28.4810863171407,0.0080049552673,0.1254404022806,0.0227486571374,0.0,0.0,0.0,0.0,0.0,0.0,0.0,0.0,0,0,0,85257a0c-baae-42ff-a99f-c906c35b31e6,0,0,0
1,734,0.0,0.0,,,34.7737766310603,0.0050005213574,-28.2860755559666,0.0078344972171,0.1440835316868,0.0225681282562,0.0,0.0,0.0,0.0,0.0,0.0,0.0,0.0,0,0,0,10f2ea74-7063-48eb-b8f6-67ba2ace95cd,0,0,0
0,2287,0.0,0.0,,,12.9937405552885,0.0011200346492,-36.0295289898117,0.0021499348335,1.2018933156528,0.0551847246063,0.0,0.0,0.0,0.0,0.0,0.0,0.0,0.0,0,0,0,7119c7bf-664c-4b88-aae2-e7147b359e19,0,0,0
1,1716,0.0,0.0,,,13.0414943813868,0.001048469626,-35.8573881528786,0.0020909899328,1.225984898631,0.0536306871357,0.0,0.0,0.0,0.0,0.0,0.0,0.0,0.0,0,0,0,53ac38d0-8e9a-49cf-8f81-940f3dfb02d8,0,0,0
0,2289,0.0,0.0,,,17.5770181797345,0.0022014054935,-36.2552315592892,0.0052127697588,0.3423675829327,0.0439673503674,0.0,0.0,0.0,0.0,0.0,0.0,0.0,0.0,0,0,0,4b7bec1b-851a-495f-9313-5eb63d574a80,0,0,0
1,3808,0.0,0.0,,,17.643589755503,0.0021832269614,-36.3120908999316,0.0053081750813,0.3653100457434,0.0408822514123,0.0,0.0,0.0,0.0,0.0,0.0,0.0,0.0,0,0,0,13065889-a7a5-4ef1-910f-472361602ea6,0,0,0
0,2303,0.0,0.0,,,19.5553554659775,0.0001964814338,-25.8624953924834,0.0003034757541,2.959179168366,0.0211882889417,0.0,0.0,0.0,0.0,0.0,0.0,0.0,0.0,0,0,0,f5147970-00f6-44e1-b01b-fed003f4434e,0,0,0
1,2070,0.0,0.0,,,19.5370807551082,0.000197319102,-25.9170498598465,0.0003181226956,2.9765174956811,0.0189691948319,0.0,0.0,0.0,0.0,0.0,0.0,0.0,0.0,0,0,0,e0fa4807-098f-4f84-9101-34bb2d9c79ea,0,0,0
0,2335,0.0,0.0,,,22.8152055571426,0.0007082887215,-20.3112236404698,0.0010601903688,0.8760561743196,0.0202120959424,0.0,0.0,0.0,0.0,0.0,0.0,0.0,0.0,0,0,0,3387d1ef-332d-45af-87b2-33d77a787b2b,0,0,0
1,3316,0.0,0.0,,,22.8125276438692,0.0007365366379,-20.4387119743476,0.0010288121244,0.8753099695973,0.0199290975929,0.0,0.0,0.0,0.0,0.0,0.0,0.0,0.0,0,0,0,490c7a42-bab8-4e47-92d7-cf8e65a373d2,0,0,0
0,2341,0.0,0.0,,,41.2536662636353,0.0012889157132,-22.4042785791565,0.0015606018751,0.9864044342176,0.0339832175741,0.0,0.0,0.0,0.0,0.0,0.0,0.0,0.0,0,0,0,7cfacab0-5a04-41d6-9bed-11e1c831b24a,0,0,0
1,2110,0.0,0.0,,,41.4083048598423,0.0012690086649,-22.4041654051209,0.0015728959533,1.0132255402965,0.0357154301134,0.0,0.0,0.0,0.0,0.0,0.0,0.0,0.0,0,0,0,856b47d5-2f7b-4fdf-b213-135452cacee1,0,0,0
0,2349,0.0,0.0,,,41.9317000170683,0.0009254062242,-18.266380490878,0.001119039459,1.8615463000072,0.0525675106935,0.0,0.0,0.0,0.0,0.0,0.0,0.0,0.0,0,0,0,e71cc50d-2609-48cf-833d-4853ccf8762b,0,0,0
1,1217,0.0,0.0,,,42.0406613721883,0.0009220949065,-18.2415485263321,0.001092818149,1.8448518291947,0.0533028586358,0.0,0.0,0.0,0.0,0.0,0.0,0.0,0.0,0,0,0,12d36d45-a0f3-4d3e-b7fc-153e35e18e1d,0,0,0
0,2357,0.0,0.0,,,19.677832798201,0.0001961198125,-18.8746302193965,0.0002667078975,3.8611137644903,0.0203971604127,0.0,0.0,0.0,0.0,0.0,0.0,0.0,0.0,0,0,0,fa7e18cc-6d0b-4afb-a411-ac1526644cbe,0,0,0
1,3604,0.0,0.0,,,19.7306614396848,0.000194381429,-18.8467278799627,0.0002738839558,3.8514224431675,0.0229670795278,0.0,0.0,0.0,0.0,0.0,0.0,0.0,0.0,0,0,0,65217847-a812-4f33-9e1e-e292e5060da0,0,0,0
0,2361,0.0,0.0,,,20.7235636182255,0.0053547334926,-17.0047237327798,0.006139664358,0.1819414678199,0.0248929055873,0.0,0.0,0.0,0.0,0.0,0.0,0.0,0.0,0,0,0,8547ee3e-c90f-4e20-9e90-061707fdb997,0,0,0
1,1648,0.0,0.0,,,20.8343870909798,0.0054879647429,-17.0120776715274,0.0060159169151,0.2092989445621,0.0235331013966,0.0,0.0,0.0,0.0,0.0,0.0,0.0,0.0,0,0,0,f224c4f2-2351-44bf-b5e5-afce899670ae,0,0,0
0,2373,0.0,0.0,,,34.8904244263717,0.0048474176652,-29.5206324897666,0.0031958740583,0.3018196869417,0.0211859364794,0.0,0.0,0.0,0.0,0.0,0.0,0.0,0.0,0,0,0,ad3eb195-4eb0-4591-be60-9901152a0be9,0,0,0
1,2240,0.0,0.0,,,34.8937635141909,0.0048345000886,-29.4393375717868,0.0031198694019,0.2830900907059,0.0204935988786,0.0,0.0,0.0,0.0,0.0,0.0,0.0,0.0,0,0,0,dc1f3c52-50b7-4754-8c20-290c6bb9378f,0,0,0
0,2380,0.0,0.0,,,21.6741424310215,0.0005880981281,-11.5865439932401,0.0008541936985,1.997647760916,0.0341768762392,0.0,0.0,0.0,0.0,0.0,0.0,0.0,0.0,0,0,0,abe37a78-2e6e-4ec4-8ada-585f6fc0773a,0,0,0
1,296,0.0,0.0,,,21.7218046127479,0.0006173567344,-11.4961019834891,0.0008388625229,1.9514510915179,0.0317819192293,0.0,0.0,0.0,0.0,0.0,0.0,0.0,0.0,0,0,0,5f3f7657-5142-4893-aa34-8d2a782ae79c,0,0,0
0,2388,0.0,0.0,,,35.3052127919466,0.0007150724146,-18.9334756472594,0.0008719823982,1.2025437572851,0.0236119080004,0.0,0.0,0.0,0.0,0.0,0.0,0.0,0.0,0,0,0,8a297560-06de-4e19-8a74-9664ad987a80,0,0,0
1,1146,0.0,0.0,,,35.2403825172604,0.0007223049402,-19.0136916388391,0.0008864749218,1.164729925563,0.0246173813498,0.0,0.0,0.0,0.0,0.0,0.0,0.0,0.0,0,0,0,2c0dd4dd-2d04-4a84-a28a-b829f996fd66,0,0,0
0,2420,0.0,0.0,,,38.7562128945626,0.0037499152434,-25.5120913820985,0.0040087962694,0.2625739391748,0.0271619851171,0.0,0.0,0.0,0.0,0.0,0.0,0.0,0.0,0,0,0,e7e9426c-8f96-4e39-9f19-a7b6cbf5fbb5,0,0,0
1,3026,0.0,0.0,,,38.7786475295239,0.0036905654591,-25.4433272006063,0.0040450321639,0.3145315289228,0.0283239507654,0.0,0.0,0.0,0.0,0.0,0.0,0.0,0.0,0,0,0,5bc24ad0-71d3-4bbe-84c8-bd4e9e29e241,0,0,0
0,2444,0.0,0.0,,,22.9533367700453,0.001082264015,-20.6182083005969,0.0014686958629,0.5528823176119,0.0211077511731,0.0,0.0,0.0,0.0,0.0,0.0,0.0,0.0,0,0,0,86b31783-6298-4a91-ac31-037d939e704f,0,0,0
1,3768,0.0,0.0,,,22.9309812870728,0.0011604783083,-20.5004976498336,0.0014236492105,0.6147171223553,0.0197164851404,0.0,0.0,0.0,0.0,0.0,0.0,0.0,0.0,0,0,0,47d50b0e-ceb8-4f92-b293-745840fd01a7,0,0,0
0,2461,0.0,0.0,,,24.0261978013063,0.0003334505762,-27.4970708717627,0.0004654022304,1.7706383373992,0.0203594232107,0.0,0.0,0.0,0.0,0.0,0.0,0.0,0.0,0,0,0,8776ba91-f4c0-4de1-8932-f0ed5a2e8b69,0,0,0
1,2665,0.0,0.0,,,24.0042764165911,0.0003289239618,-27.4253189105329,0.0004593926214,1.7615539532433,0.0184268395216,0.0,0.0,0.0,0.0,0.0,0.0,0.0,0.0,0,0,0,b48b57f3-d377-46ea-92cb-6abf78a49b81,0,0,0
0,2465,0.0,0.0,,,28.2614655906851,0.0006600357718,-12.6346769952208,0.0009509262837,1.7110563000662,0.0276433771619,0.0,0.0,0.0,0.0,0.0,0.0,0.0,0.0,0,0,0,e982cd31-e346-459f-9442-e9b7b6703324,0,0,0
1,690,0.0,0.0,,,28.162908127949,0.000665657426,-12.6265958628599,0.0009167573816,1.6997500881263,0.029479945372,0.0,0.0,0.0,0.0,0.0,0.0,0.0,0.0,0,0,0,df3c88b8-843e-4c36-958f-4906d69f943d,0,0,0
0,2481,0.0,0.0,,,29.6465989186033,0.0002344722155,-25.0420058548073,0.000308510387,2.5167699000306,0.0170182886567,0.0,0.0,0.0,0.0,0.0,0.0,0.0,0.0,0,0,0,cb3c483d-692a-4df0-89d9-99d2cd01cbf5,0,0,0
1,4133,0.0,0.0,,,29.7048918933747,0.0002259748244,-24.9933636712303,0.0003215608239,2.5287859037428,0.0170984582237,0.0,0.0,0.0,0.0,0.0,0.0,0.0,0.0,0,0,0,dfb0992a-95d9-4f61-a086-1c9367135eac,0,0,0
0,2484,0.0,0.0,,,31.5825328432065,0.000588959803,-23.3437586042515,0.0007739890479,1.0658419437624,0.0201991690504,0.0,0.0,0.0,0.0,0.0,0.0,0.0,0.0,0,0,0,353e02b7-7651-4874-878c-e037ea390514,0,0,0
1,3526,0.0,0.0,,,31.5519234721347,0.0005712699243,-23.2252358161884,0.0007330837077,1.0587511196482,0.0185715233525,0.0,0.0,0.0,0.0,0.0,0.0,0.0,0.0,0,0,0,9abb5569-8292-4237-9dc0-454080b211a5,0,0,0
0,2503,0.0,0.0,,,16.4441563083849,0.003158269239,-18.6371725239658,0.004915049851,0.2784739228309,0.0234202470699,0.0,0.0,0.0,0.0,0.0,0.0,0.0,0.0,0,0,0,c4b26b02-4531-40cc-aa7e-c8ccbdaa27ca,0,0,0
1,2608,0.0,0.0,,,16.3371230395033,0.0032841122475,-18.6992467762029,0.0047386677331,0.2668046634777,0.0254953401207,0.0,0.0,0.0,0.0,0.0,0.0,0.0,0.0,0,0,0,caa105f5-2d31-463f-b21f-ba6516c1ad9f,0,0,0
0,2510,0.0,0.0,,,10.7872407280655,0.0034939013954,-16.1944367499204,0.0045705101308,0.5289928843611,0.0417421056406,0.0,0.0,0.0,0.0,0.0,0.0,0.0,0.0,0,0,0,90c71a73-358c-45c5-bfdd-a2e0c4361a1c,0,0,0
1,1461,0.0,0.0,,,10.6905582712914,0.0033664354194,-16.1495373946298,0.0045089553527,0.4251701215712,0.0407070177399,0.0,0.0,0.0,0.0,0.0,0.0,0.0,0.0,0,0,0,1a8c3b49-4bb7-4c14-bc89-055561f4cb57,0,0,0
0,2511,0.0,0.0,,,37.8255815458913,0.0031797205928,-34.7969080867813,0.0039849167343,0.5013934790503,0.047165089094,0.0,0.0,0.0,0.0,0.0,0.0,0.0,0.0,0,0,0,2ad3d3a9-d1f8-4097-b211-56bed1ddb88c,0,0,0
1,1506,0.0,0.0,,,37.7307507255247,0.003240849547,-34.8382395362628,0.0038375689507,0.4424548888225,0.0439332334637,0.0,0.0,0.0,0.0,0.0,0.0,0.0,0.0,0,0,0,a04674f6-5cac-43fc-b4c8-f8bd42b3a240,0,0,0
0,2567,0.0,0.0,,,25.6078019380412,0.0001317054084,-16.4963638184314,0.0001632454265,6.6627124765121,0.0246020297608,0.0,0.0,0.0,0.0,0.0,0.0,0.0,0.0,0,0,0,6b808567-6e51-46d9-b8fa-23de69114e9a,0,0,0
1,2974,0.0,0.0,,,25.6591024034572,0.0001294177083,-16.5034884525774,0.0001621876684,6.7346266889128,0.0253591439368,0.0,0.0,0.0,0.0,0.0,0.0,0.0,0.0,0,0,0,dc11d181-3e54-46bb-aedb-274efce5d353,0,0,0
0,2580,0.0,0.0,,,21.1189413852181,0.0069359628061,-13.5063917185477,0.0091823295235,0.1878495145341,0.0334791756909,0.0,0.0,0.0,0.0,0.0,0.0,0.0,0.0,0,0,0,7068a745-4b74-49e9-b99d-3fee0dfcbee4,0,0,0
1,4152,0.0,0.0,,,21.2133652096751,0.0069744678409,-13.488720172591,0.0085800785085,0.2325077716299,0.0328559361062,0.0,0.0,0.0,0.0,0.0,0.0,0.0,0.0,0,0,0,8f918652-6d78-405f-a339-5c4f5b9593d7,0,0,0
0,2604,0.0,0.0,,,18.537881342699,0.000429325691,-32.30732334901,0.0006985518006,1.725253046354,0.030531992865,0.0,0.0,0.0,0.0,0.0,0.0,0.0,0.0,0,0,0,75ced926-c5a9-4ac1-8fd4-cee04129fecf,0,0,0
1,4034,0.0,0.0,,,18.5050103899135,0.0004109695989,-32.2125045571482,0.0007717532349,1.7640758160898,0.0265442601548,0.0,0.0,0.0,0.0,0.0,0.0,0.0,0.0,0,0,0,5c12aefa-0ccd-4e15-93d7-73027b413776,0,0,0
0,2632,0.0,0.0,,,28.6134168402236,0.00245654983,-26.5911826277576,0.0036230297578,0.2356695424037,0.0179578756695,0.0,0.0,0.0,0.0,0.0,0.0,0.0,0.0,0,0,0,c3f598ea-0ff6-41fe-83a0-f764fb82f367,0,0,0
1,2505,0.0,0.0,,,28.6473221500288,0.002374639735,-26.5143580918865,0.0037432163119,0.2476096316331,0.0171516069992,0.0,0.0,0.0,0.0,0.0,0.0,0.0,0.0,0,0,0,b8e43dc7-e636-4aa1-a42f-210728ff4ba5,0,0,0
0,2635,0.0,0.0,,,32.2363831776943,0.0087015865143,-17.1860942685235,0.0079817694243,0.1264924654865,0.0233972246679,0.0,0.0,0.0,0.0,0.0,0.0,0.0,0.0,0,0,0,ee76b132-208f-4456-971f-592bad670fd8,0,0,0
1,4197,0.0,0.0,,,32.0921608288912,0.0089693070113,-17.2207057510152,0.0082597630973,0.1309939100962,0.0231720710404,0.0,0.0,0.0,0.0,0.0,0.0,0.0,0.0,0,0,0,daeac452-5d88-4621-a1f9-75e43b7156b1,0,0,0
0,2657,0.0,0.0,,,17.5988532702591,0.0042684178353,-17.497968115737,0.0070700294827,0.2062543195229,0.0295376059451,0.0,0.0,0.0,0.0,0.0,0.0,0.0,0.0,0,0,0,46d0238e-3c9f-44ed-b613-3f3c926982ab,0,0,0
1,4061,0.0,0.0,,,17.5070474346546,0.0044517003203,-17.4676561279876,0.0068175656599,0.2061392957858,0.0257603775032,0.0,0.0,0.0,0.0,0.0,0.0,0.0,0.0,0,0,0,2986327b-26cc-4627-b436-9934fcc1931d,0,0,0
0,2686,0.0,0.0,,,14.9926719844033,0.000326403188,-17.8186684625095,0.0004567543208,3.1694181307899,0.0300611886514,0.0,0.0,0.0,0.0,0.0,0.0,0.0,0.0,0,0,0,84fb5b3a-83a3-4ecc-a680-93c63bfac94f,0,0,0
1,1005,0.0,0.0,,,15.0672513591468,0.0003222642463,-17.8092146993899,0.0004443285868,3.1413247938441,0.0256541169559,0.0,0.0,0.0,0.0,0.0,0.0,0.0,0.0,0,0,0,4c932b6c-fab3-4a07-b198-cc9684aa8b1c,0,0,0
0,2707,0.0,0.0,,,25.933203402948,0.0004043130659,-25.9457276207433,0.0006158583584,1.3230609820334,0.0159980513719,0.0,0.0,0.0,0.0,0.0,0.0,0.0,0.0,0,0,0,90558475-29d5-4abd-be73-232ffee1c5a1,0,0,0
1,2147,0.0,0.0,,,25.9213396723711,0.0004001390195,-25.8461271888519,0.000562782623,1.3144664743684,0.0172373613766,0.0,0.0,0.0,0.0,0.0,0.0,0.0,0.0,0,0,0,2204b9cb-763e-4463-bb30-c6bd3052d445,0,0,0
0,2774,0.0,0.0,,,28.7868449837623,0.0004061016382,-35.5285663790019,0.0006258919512,2.2637865721035,0.0340374242,0.0,0.0,0.0,0.0,0.0,0.0,0.0,0.0,0,0,0,76b1e12c-331f-4133-9225-dce360ef9b07,0,0,0
1,2416,0.0,0.0,,,28.6967442943739,0.0004140105901,-35.5823067099914,0.0006006768391,2.2694765754071,0.0324162450048,0.0,0.0,0.0,0.0,0.0,0.0,0.0,0.0,0,0,0,0bb92a1d-15eb-4555-b31e-737021626df1,0,0,0
0,2779,0.0,0.0,,,26.2921068036639,0.0007236375607,-27.4950942166126,0.0010235389879,0.6762403232088,0.017777886605,0.0,0.0,0.0,0.0,0.0,0.0,0.0,0.0,0,0,0,88f2ce39-92fa-4214-a38b-f2edb167e7c9,0,0,0
1,2050,0.0,0.0,,,26.2412972578458,0.0007622322012,-27.6147109071516,0.001059410583,0.7111340074493,0.0181987386184,0.0,0.0,0.0,0.0,0.0,0.0,0.0,0.0,0,0,0,0d749337-3de5-4e98-b963-d8cced08e8dc,0,0,0
0,2784,0.0,0.0,,,36.890577000899,0.0014429980545,-28.331577004702,0.002051955699,0.6013125141159,0.0268766328252,0.0,0.0,0.0,0.0,0.0,0.0,0.0,0.0,0,0,0,53e85a32-a7bf-4ec1-92ff-e30543c5d5c2,0,0,0
1,1372,0.0,0.0,,,36.89767860869,0.0015154140511,-28.4701484319641,0.0019814808323,0.5666514931789,0.0274616589441,0.0,0.0,0.0,0.0,0.0,0.0,0.0,0.0,0,0,0,3af728bd-c70a-4146-89ea-ff380491b88f,0,0,0
0,2785,0.0,0.0,,,27.0434382514144,0.0044062538733,-18.3639241009815,0.0052409568401,0.1623139179416,0.0190239805992,0.0,0.0,0.0,0.0,0.0,0.0,0.0,0.0,0,0,0,3fd95e04-ceaf-4998-b440-86bb5ff3fe2d,0,0,0
1,2037,0.0,0.0,,,27.1280157235346,0.0044711673672,-18.2278129253851,0.0053384178406,0.1783646874581,0.0216400910359,0.0,0.0,0.0,0.0,0.0,0.0,0.0,0.0,0,0,0,1a3c3288-43bc-4bda-ac35-9fbfefaa4137,0,0,0
0,2796,0.0,0.0,,,28.4781853415316,0.0007976147976,-33.5407667975287,0.0011220734529,0.9444993022783,0.0276464883768,0.0,0.0,0.0,0.0,0.0,0.0,0.0,0.0,0,0,0,b35f8f6f-9e7e-4415-afbf-94027af6e4fd,0,0,0
1,2814,0.0,0.0,,,28.4239503292614,0.0008256991545,-33.4404877306307,0.0011610614829,1.012565969678,0.0257038650221,0.0,0.0,0.0,0.0,0.0,0.0,0.0,0.0,0,0,0,cea5f4bc-977e-4f0a-b6d4-0471e11be1a1,0,0,0
0,2798,0.0,0.0,,,31.2647906252961,0.0037779705036,-29.6084189429679,0.0050289433919,0.2112530553955,0.0235158331223,0.0,0.0,0.0,0.0,0.0,0.0,0.0,0.0,0,0,0,ded69ab4-74d0-4d15-b873-9ad7bda7e0a5,0,0,0
1,1114,0.0,0.0,,,31.2854218368403,0.0040849925394,-29.6982467729532,0.0051427458343,0.1923659875344,0.0216230835545,0.0,0.0,0.0,0.0,0.0,0.0,0.0,0.0,0,0,0,180f3655-9daa-4abc-bf40-6b1d7b9ed547,0,0,0
0,2799,0.0,0.0,,,24.1473101665379,0.0040460066241,-17.7127325380206,0.0048529609592,0.2143630594711,0.0208810606441,0.0,0.0,0.0,0.0,0.0,0.0,0.0,0.0,0,0,0,37912252-2c38-4c3e-8384-459bd1204714,0,0,0
1,3973,0.0,0.0,,,24.4724565444242,0.0054034012916,-17.8068084057816,0.0068720859569,0.1393561961811,0.0215471619983,0.0,0.0,0.0,0.0,0.0,0.0,0.0,0.0,0,0,0,cca71799-948b-4ad1-96a7-182f4a0ca749,0,0,0
0,2806,0.0,0.0,,,35.3287016634624,0.0026817674363,-22.4697012484771,0.0040522694764,0.2678703666458,0.0232680042807,0.0,0.0,0.0,0.0,0.0,0.0,0.0,0.0,0,0,0,4a63ee94-3179-4b22-9fd5-47c027a40fa4,0,0,0
1,4258,0.0,0.0,,,35.2777613218364,0.0026333961419,-22.3951315460303,0.0042089204048,0.240154809928,0.0218627038358,0.0,0.0,0.0,0.0,0.0,0.0,0.0,0.0,0,0,0,29453971-3183-4a11-be0f-ed62b8a4b06a,0,0,0
0,2815,0.0,0.0,,,38.5426593036167,0.00650426585,-19.0417855596685,0.0081006097319,0.2223430437944,0.0321318720223,0.0,0.0,0.0,0.0,0.0,0.0,0.0,0.0,0,0,0,61651e8f-6bfb-42b8-a571-210fe27d5380,0,0,0
1,1422,0.0,0.0,,,38.4786058548156,0.0065640021553,-19.1999200604028,0.0083243142097,0.1651745038403,0.0307534815335,0.0,0.0,0.0,0.0,0.0,0.0,0.0,0.0,0,0,0,bbfd122c-bfec-4c5f-a582-d6c30a4a5213,0,0,0
0,2822,0.0,0.0,,,23.9301464400692,0.0052050691923,-18.2652549316121,0.0053459735006,0.1479740059364,0.0201216933342,0.0,0.0,0.0,0.0,0.0,0.0,0.0,0.0,0,0,0,cd38766c-13d3-4f9c-a8d0-de4756e67901,0,0,0
1,986,0.0,0.0,,,23.9909569058577,0.0051034851876,-18.3221874281276,0.0054099390374,0.1642487212012,0.0204255151837,0.0,0.0,0.0,0.0,0.0,0.0,0.0,0.0,0,0,0,16541361-e0c7-4c3e-9155-965664503fce,0,0,0
0,2827,0.0,0.0,,,28.601111341219,0.000250364962,-14.9839476515462,0.0004961357294,3.0403571827183,0.0240478359421,0.0,0.0,0.0,0.0,0.0,0.0,0.0,0.0,0,0,0,d2cd5e73-3dd3-4ebb-b195-ee4a5156b7bb,0,0,0
1,1227,0.0,0.0,,,28.5321689052801,0.0002633724531,-14.9939951966178,0.0004698258204,2.9793889558331,0.0238810320513,0.0,0.0,0.0,0.0,0.0,0.0,0.0,0.0,0,0,0,c50ffae1-4be9-4112-9f6c-8cc792eb50ac,0,0,0
0,2873,0.0,0.0,,,31.3496165035803,0.0008899389945,-19.3211613604694,0.0011507317958,0.82923997817,0.019973810392,0.0,0.0,0.0,0.0,0.0,0.0,0.0,0.0,0,0,0,1b6a1364-f67b-4076-9817-61459c328c7d,0,0,0
1,106,0.0,0.0,,,31.2173174217316,0.0009457766805,-19.3351395053172,0.0011897168391,0.7829323686606,0.0201160245729,0.0,0.0,0.0,0.0,0.0,0.0,0.0,0.0,0,0,0,529fa4cd-b004-4300-b5e4-ed803c4a9814,0,0,0
0,2880,0.0,0.0,,,17.2051155876821,0.0001920940727,-28.8912496698298,0.0002957298041,3.4700036494688,0.0217511772879,0.0,0.0,0.0,0.0,0.0,0.0,0.0,0.0,0,0,0,7061af3e-ab02-467a-ac9a-f3105bb15895,0,0,0
1,2609,0.0,0.0,,,17.209658003264,0.0001900878683,-28.8149875105644,0.0003006686355,3.4408392082388,0.0225682182901,0.0,0.0,0.0,0.0,0.0,0.0,0.0,0.0,0,0,0,5e477782-8ee5-47c2-a230-464e832dd68a,0,0,0
0,2891,0.0,0.0,,,35.4557025912761,0.0037728735888,-22.0003252873109,0.0058702852848,0.1997975297028,0.0215892899592,0.0,0.0,0.0,0.0,0.0,0.0,0.0,0.0,0,0,0,af321bb0-669b-4200-bf8c-d33508ec023b,0,0,0
1,350,0.0,0.0,,,35.4202045534977,0.003776145378,-21.8842927809393,0.0054346189822,0.1897121839807,0.0237479316158,0.0,0.0,0.0,0.0,0.0,0.0,0.0,0.0,0,0,0,388b63ce-0129-47f2-9f89-2d046fabc1a1,0,0,0
0,2907,0.0,0.0,,,17.9983130945135,0.0019370536072,-31.7245027045462,0.0034350761786,0.319747925968,0.0239371640621,0.0,0.0,0.0,0.0,0.0,0.0,0.0,0.0,0,0,0,d5b22293-4d5a-4328-8cec-f61cd762cbe1,0,0,0
1,1362,0.0,0.0,,,17.8598191207008,0.0019368723024,-31.6552853436646,0.0034546131897,0.3817714499932,0.0242399997344,0.0,0.0,0.0,0.0,0.0,0.0,0.0,0.0,0,0,0,1b3ddb87-568b-4397-8b47-dda5d52112e7,0,0,0
0,2942,0.0,0.0,,,21.1274413829406,0.005753502467,-20.674494343392,0.0051763301058,0.1495544104117,0.0197416453128,0.0,0.0,0.0,0.0,0.0,0.0,0.0,0.0,0,0,0,0319dd2b-2b40-4132-a8d2-994b3310cadf,0,0,0
1,2484,0.0,0.0,,,21.1324393629481,0.0058900210785,-20.5874996640432,0.0054787250687,0.1752222284043,0.0213629007362,0.0,0.0,0.0,0.0,0.0,0.0,0.0,0.0,0,0,0,ce967540-6518-4093-9618-c4a3aa0f7904,0,0,0
0,2950,0.0,0.0,,,34.7696192448097,0.0001993214903,-36.3974672529193,0.0003046501428,6.8263721748104,0.047896731231,0.0,0.0,0.0,0.0,0.0,0.0,0.0,0.0,0,0,0,143465ae-3188-4db1-a1ce-610df88497a6,0,0,0
1,2452,0.0,0.0,,,34.7972093743065,0.0001998354914,-36.4563186338788,0.0003045139018,6.8416013053027,0.0515998992356,0.0,0.0,0.0,0.0,0.0,0.0,0.0,0.0,0,0,0,afa2b764-8469-419f-91dd-4f890404b68e,0,0,0
0,3051,0.0,0.0,,,30.7856088766013,0.0068425117556,-19.8473183264098,0.0088752099903,0.1093372616519,0.0188261944071,0.0,0.0,0.0,0.0,0.0,0.0,0.0,0.0,0,0,0,199db7e7-f09a-4b65-b7f5-3d4512fd5450,0,0,0
1,2865,0.0,0.0,,,30.5533259048214,0.0064765042981,-19.8806933278809,0.0090328199515,0.0976787468776,0.0207851347998,0.0,0.0,0.0,0.0,0.0,0.0,0.0,0.0,0,0,0,4030380a-6e1e-43f6-b97c-96a3c97a2421,0,0,0
0,3057,0.0,0.0,,,28.5389221978295,0.0041965291484,-37.67994246675,0.0060298683346,0.3249048865691,0.0451505938415,0.0,0.0,0.0,0.0,0.0,0.0,0.0,0.0,0,0,0,866ddb83-034b-4c8e-aa72-8aab8a9ade87,0,0,0
1,3622,0.0,0.0,,,28.6177940433577,0.0040947653733,-37.7695072004176,0.0059558582259,0.2918377038763,0.0500209108315,0.0,0.0,0.0,0.0,0.0,0.0,0.0,0.0,0,0,0,3a74f473-0de3-4792-a022-ab6179ed9ace,0,0,0
0,3067,0.0,0.0,,,29.3174535050707,0.0030691649225,-22.204958408433,0.0042446566046,0.2380863178949,0.0162339701667,0.0,0.0,0.0,0.0,0.0,0.0,0.0,0.0,0,0,0,4f372187-a02d-461b-807e-eb425fa6bca1,0,0,0
1,2461,0.0,0.0,,,29.3606169824365,0.003023351612,-22.0783606788717,0.0044370867409,0.1860708873699,0.0171997457376,0.0,0.0,0.0,0.0,0.0,0.0,0.0,0.0,0,0,0,aeef2447-8251-40df-8d92-cf3a0c0c997c,0,0,0
0,3121,0.0,0.0,,,18.0872411326715,0.0004869939498,-22.1660356415181,0.0006433885877,0.9968241558996,0.0202469535981,0.0,0.0,0.0,0.0,0.0,0.0,0.0,0.0,0,0,0,ef9af159-1faf-41bf-b019-5d2b13102c2f,0,0,0
1,3959,0.0,0.0,,,18.0065331614847,0.0004803490848,-22.1250182171672,0.0006411401425,0.9816298267511,0.0220371805744,0.0,0.0,0.0,0.0,0.0,0.0,0.0,0.0,0,0,0,a036b707-3d2e-4fcf-aa7c-c337e94ac8b1,0,0,0
0,3129,0.0,0.0,,,16.8299656356162,0.0074157343228,-30.7658103872653,0.0080957643384,0.1536727772782,0.025270304978,0.0,0.0,0.0,0.0,0.0,0.0,0.0,0.0,0,0,0,1b69f978-989e-44ac-acb1-c1d7ce94efaa,0,0,0
1,3946,0.0,0.0,,,16.9442619622397,0.0071401048984,-30.829047388593,0.0079969699588,0.1153163397771,0.0236883178721,0.0,0.0,0.0,0.0,0.0,0.0,0.0,0.0,0,0,0,7f466b74-ab5f-4a19-ab8f-e8934a19bbfe,0,0,0
0,3134,0.0,0.0,,,17.9207728038042,0.0011050554969,-22.3980076501942,0.0015227353824,0.6327045412916,0.0221927894413,0.0,0.0,0.0,0.0,0.0,0.0,0.0,0.0,0,0,0,985fe105-60d6-4bbe-84d2-e870d6694986,0,0,0
1,3612,0.0,0.0,,,17.9835459379524,0.0011203691803,-22.2918773742949,0.0014340863657,0.7160791548808,0.0235967538519,0.0,0.0,0.0,0.0,0.0,0.0,0.0,0.0,0,0,0,c07652cb-e946-461e-9933-9c42215fd7de,0,0,0
0,3141,0.0,0.0,,,5.8043354093173,0.0003635996901,-24.9703768838742,0.0004901481329,4.8563056732781,0.0457958945101,0.0,0.0,0.0,0.0,0.0,0.0,0.0,0.0,0,0,0,643caa89-5c3a-4971-8fea-31b0b8da297a,0,0,0
1,1779,0.0,0.0,,,5.8063096342542,0.0003505763884,-25.0591107850317,0.0005142681895,4.9247728395342,0.0461475785697,0.0,0.0,0.0,0.0,0.0,0.0,0.0,0.0,0,0,0,639db698-b958-4e8b-9c86-baed7e3d9947,0,0,0
0,3142,0.0,0.0,,,8.4345101419403,0.004226762673,-25.782544393179,0.0085368792424,0.2970715276348,0.0422517246338,0.0,0.0,0.0,0.0,0.0,0.0,0.0,0.0,0,0,0,b0f1508b-726f-4d68-9697-64a517e834dc,0,0,0
1,264,0.0,0.0,,,8.4407290592206,0.0044208467896,-25.7067155911802,0.0084578310001,0.2072904437459,0.0412199040819,0.0,0.0,0.0,0.0,0.0,0.0,0.0,0.0,0,0,0,f7d66844-d3d3-45f7-894c-963cb2c1a467,0,0,0
0,3148,0.0,0.0,,,29.6842235092039,0.000331980591,-14.2648897706442,0.0004002457212,3.0874356477457,0.0288693242157,0.0,0.0,0.0,0.0,0.0,0.0,0.0,0.0,0,0,0,7585d4dd-e35a-4dbf-888b-3d3b05b2547c,0,0,0
1,3386,0.0,0.0,,,29.66112175139,0.0003409888571,-14.2038720221125,0.0004035473624,3.1746323095641,0.0302089229426,0.0,0.0,0.0,0.0,0.0,0.0,0.0,0.0,0,0,0,bcbb4e8c-8582-4395-996d-c0c89c956df0,0,0,0
0,3169,0.0,0.0,,,31.8535908015106,0.0036540604935,-27.9847372227214,0.0061370670072,0.1933329130402,0.0196810318705,0.0,0.0,0.0,0.0,0.0,0.0,0.0,0.0,0,0,0,8ef35de3-b787-42c6-9dd6-025d36173f76,0,0,0
1,3171,0.0,0.0,,,31.913530658316,0.0037968189263,-27.8353745481552,0.0062036055877,0.1585309963341,0.0196901358361,0.0,0.0,0.0,0.0,0.0,0.0,0.0,0.0,0,0,0,769cdd80-96f6-485c-8e54-e9a89f9fa7fb,0,0,0
0,3195,0.0,0.0,,,24.476863929635,0.0010960494552,-21.5292244406092,0.0014943173528,0.5588987194932,0.0194433146326,0.0,0.0,0.0,0.0,0.0,0.0,0.0,0.0,0,0,0,ff350e04-aaa7-4470-8b2e-1e656739a44b,0,0,0
1,505,0.0,0.0,,,24.5835196115333,0.0010049021734,-21.4425232755816,0.0014697464569,0.5551323893816,0.0183045775619,0.0,0.0,0.0,0.0,0.0,0.0,0.0,0.0,0,0,0,6cba69e4-ac51-4f5d-aae1-77133fe841e3,0,0,0
0,3210,0.0,0.0,,,41.3903714342071,0.0032924363026,-26.3889843458175,0.0045067874169,0.3685111041845,0.0327817221255,0.0,0.0,0.0,0.0,0.0,0.0,0.0,0.0,0,0,0,c49897c8-49cd-42f7-9392-a180ccdf9e4b,0,0,0
1,1366,0.0,0.0,,,41.3010591152238,0.0033875926112,-26.4328925347717,0.0044569172384,0.4060613304741,0.0379052822448,0.0,0.0,0.0,0.0,0.0,0.0,0.0,0.0,0,0,0,cda29296-b1ed-4941-890d-e4ec3fead1a8,0,0,0
0,3254,0.0,0.0,,,39.8817717479126,0.0012706857288,-14.7008491345739,0.0015337246406,1.5543992212204,0.0509334225061,0.0,0.0,0.0,0.0,0.0,0.0,0.0,0.0,0,0,0,c437cc9c-fff9-4bec-8483-64cfde342bb8,0,0,0
1,2884,0.0,0.0,,,40.0020143511263,0.0012065910822,-14.6327439931011,0.001629181902,1.4169813719299,0.0510789259136,0.0,0.0,0.0,0.0,0.0,0.0,0.0,0.0,0,0,0,93990ebc-8b40-4334-bef2-543041928027,0,0,0
0,3260,0.0,0.0,,,32.906217642536,0.000651110733,-11.4348790680049,0.0007748039078,2.712628007414,0.0449596504939,0.0,0.0,0.0,0.0,0.0,0.0,0.0,0.0,0,0,0,93bd713b-496d-4f98-8c49-a5ec90050df8,0,0,0
1,3860,0.0,0.0,,,32.8529894827694,0.0006450277166,-11.3372923122736,0.0007559412045,2.6855855474207,0.0439367956361,0.0,0.0,0.0,0.0,0.0,0.0,0.0,0.0,0,0,0,36029efd-c023-42ed-88ca-14faae515fa9,0,0,0
0,3266,0.0,0.0,,,15.8606370396166,0.0003089452602,-32.4378882986586,0.0005769634663,2.4492567800236,0.0287210616615,0.0,0.0,0.0,0.0,0.0,0.0,0.0,0.0,0,0,0,687b6ba3-758d-4979-859d-9eb93e61bfc4,0,0,0
1,1594,0.0,0.0,,,15.8616012759759,0.0003292941868,-32.3592138194075,0.0005581004235,2.5328574128138,0.0282277522275,0.0,0.0,0.0,0.0,0.0,0.0,0.0,0.0,0,0,0,40dc4129-fe9e-4763-8c8d-0079561d5044,0,0,0
0,3284,0.0,0.0,,,42.2676599247316,0.0029230914412,-20.9324974626439,0.0027414216209,0.6885682212948,0.0446875258452,0.0,0.0,0.0,0.0,0.0,0.0,0.0,0.0,0,0,0,91c8537d-57a5-4780-9a78-27a660c80172,0,0,0
1,109,0.0,0.0,,,42.3241471888011,0.0030163140773,-20.9719371461805,0.0029384932219,0.6457671241754,0.0470909518398,0.0,0.0,0.0,0.0,0.0,0.0,0.0,0.0,0,0,0,de371fd7-552b-4627-808c-7cbc5cfbd0ce,0,0,0
0,3289,0.0,0.0,,,21.026726504665,0.0008219959046,-26.3840236866601,0.001188265581,0.6725129276469,0.0202986422676,0.0,0.0,0.0,0.0,0.0,0.0,0.0,0.0,0,0,0,66665026-26e8-4233-bff7-9ec1ad149329,0,0,0
1,4096,0.0,0.0,,,20.9311014711698,0.0007850668378,-26.3163226303969,0.0011653748226,0.6665217180539,0.0180747868115,0.0,0.0,0.0,0.0,0.0,0.0,0.0,0.0,0,0,0,8bd34b5a-2e52-4b9d-9355-2aa7af56cae2,0,0,0
0,3323,0.0,0.0,,,34.7523999823883,0.0015059204463,-21.8377102462319,0.0018869406435,0.5533612250143,0.0243349216147,0.0,0.0,0.0,0.0,0.0,0.0,0.0,0.0,0,0,0,d84b015b-6c61-4753-889e-533e6e6c2ba1,0,0,0
1,1490,0.0,0.0,,,34.9175128181353,0.0014338809677,-21.9053385290845,0.0018666023109,0.4685527452183,0.0232678308494,0.0,0.0,0.0,0.0,0.0,0.0,0.0,0.0,0,0,0,d53b1acd-602c-4aa1-9825-5f98ff220412,0,0,0
0,3357,0.0,0.0,,,22.0445852666776,0.0040308586426,-22.4166784668776,0.0106633452014,0.147270505778,0.0198438296308,0.0,0.0,0.0,0.0,0.0,0.0,0.0,0.0,0,0,0,e1535de6-4246-44dc-9572-421a03cf1289,0,0,0
1,145,0.0,0.0,,,22.1861303914114,0.0040016953848,-22.4175831342545,0.0106515358033,0.101037746765,0.018473899646,0.0,0.0,0.0,0.0,0.0,0.0,0.0,0.0,0,0,0,30b5f70f-5f8b-437d-b197-97a884fddce9,0,0,0
0,3367,0.0,0.0,,,26.30689010161,0.0026039981017,-35.0858202768876,0.0035261035422,0.3947958246868,0.0311359073439,0.0,0.0,0.0,0.0,0.0,0.0,0.0,0.0,0,0,0,23137c65-fc30-47f0-972f-2c73406ec402,0,0,0
1,2831,0.0,0.0,,,26.4271596044694,0.0025813793399,-35.1028209076196,0.0035145008077,0.3355574338669,0.0282660243973,0.0,0.0,0.0,0.0,0.0,0.0,0.0,0.0,0,0,0,67c8e5a0-a9fc-466b-ac88-379e9c864a44,0,0,0
0,3386,0.0,0.0,,,29.5599768237518,0.0061697965078,-12.5674448800587,0.0098126875189,0.198198350893,0.0332661970142,0.0,0.0,0.0,0.0,0.0,0.0,0.0,0.0,0,0,0,c88c6a56-7fd6-46b3-b604-6d201f294137,0,0,0
1,1550,0.0,0.0,,,29.6839747788975,0.006515283485,-12.5446848988331,0.0091365518171,0.1997472626812,0.0360874679785,0.0,0.0,0.0,0.0,0.0,0.0,0.0,0.0,0,0,0,05aa1862-f0d4-494c-824b-ffd23f302da5,0,0,0
0,3398,0.0,0.0,,,33.8308940070721,0.0025345496196,-32.7454751441894,0.0031935745484,0.3485791112651,0.0282351705511,0.0,0.0,0.0,0.0,0.0,0.0,0.0,0.0,0,0,0,c7ad3814-6659-4536-82f4-479cf77f6f12,0,0,0
1,3497,0.0,0.0,,,33.8284968469387,0.002383103828,-32.6632459070452,0.0031386658018,0.3286016870719,0.0282668969099,0.0,0.0,0.0,0.0,0.0,0.0,0.0,0.0,0,0,0,428f30be-d093-4e4b-a1cb-6b04bcf7651d,0,0,0
0,3417,0.0,0.0,,,34.4288301920007,0.0008227350501,-20.3910037285488,0.0011776950686,0.8526687703144,0.0248203063711,0.0,0.0,0.0,0.0,0.0,0.0,0.0,0.0,0,0,0,c2ff89d3-517c-4060-94db-388c1f49df70,0,0,0
1,758,0.0,0.0,,,34.3471399084984,0.0007969429398,-20.2969465346102,0.0011947369378,0.8297935323322,0.0211104560559,0.0,0.0,0.0,0.0,0.0,0.0,0.0,0.0,0,0,0,af83d19d-34c1-4d05-8a8e-7b16906d8438,0,0,0
0,3446,0.0,0.0,,,20.115374198757,0.0007177535933,-25.7362015965611,0.0010703454088,0.8535416013811,0.0212825417047,0.0,0.0,0.0,0.0,0.0,0.0,0.0,0.0,0,0,0,e788738f-1690-4c5e-beb3-72b050022792,0,0,0
1,2960,0.0,0.0,,,20.0713874594645,0.000739824008,-25.8260782957737,0.0010705302962,0.8498456219836,0.0192561670034,0.0,0.0,0.0,0.0,0.0,0.0,0.0,0.0,0,0,0,a05343b4-fd7b-41d6-a441-351eca78cb11,0,0,0
0,3499,0.0,0.0,,,33.0621876481125,0.0003033837902,-27.9934722636618,0.0004313461281,2.1616514370045,0.0228884249052,0.0,0.0,0.0,0.0,0.0,0.0,0.0,0.0,0,0,0,8454efdd-a1aa-480f-8e93-eb09bbd3fb2c,0,0,0
1,447,0.0,0.0,,,33.0445844061754,0.0003114418596,-28.0715739506711,0.0004049798271,2.1869038620345,0.0207804734352,0.0,0.0,0.0,0.0,0.0,0.0,0.0,0.0,0,0,0,04c4bf9a-55d0-4586-85ae-b154d67b193c,0,0,0
0,3525,0.0,0.0,,,30.3382612526612,0.0026879307105,-24.5961606169253,0.0039434605912,0.1783859739584,0.0182891746245,0.0,0.0,0.0,0.0,0.0,0.0,0.0,0.0,0,0,0,839ad2f1-a6de-485a-9087-ae10d88f70b7,0,0,0
1,3453,0.0,0.0,,,30.42602951066,0.0027182394169,-24.7331342093667,0.0040111463839,0.221381060651,0.0181325804907,0.0,0.0,0.0,0.0,0.0,0.0,0.0,0.0,0,0,0,84070618-d15c-4413-8f6c-e9e670a17e3a,0,0,0
0,3546,0.0,0.0,,,30.8056507108339,0.0006921638883,-12.5068382670681,0.0009258847892,1.7982981415723,0.0309176436525,0.0,0.0,0.0,0.0,0.0,0.0,0.0,0.0,0,0,0,ed0ab320-ef4e-4e19-b6f0-81625a0cbdde,0,0,0
1,794,0.0,0.0,,,30.7371212512936,0.0006668927063,-12.5888492524633,0.0009045403053,1.7944488172806,0.0341983741548,0.0,0.0,0.0,0.0,0.0,0.0,0.0,0.0,0,0,0,71715e09-c7ae-4d70-8729-a63165fb3c00,0,0,0
0,3551,0.0,0.0,,,32.956995303506,0.0012697162358,-31.5827629247466,0.0019187370867,0.5554465601016,0.0241292401902,0.0,0.0,0.0,0.0,0.0,0.0,0.0,0.0,0,0,0,5dc951b1-5844-43ed-a277-a59a1a4233fd,0,0,0
1,3467,0.0,0.0,,,32.9563741256688,0.0014053457483,-31.7587810820731,0.0019670009996,0.5255697833621,0.0256537379532,0.0,0.0,0.0,0.0,0.0,0.0,0.0,0.0,0,0,0,e1f53e6d-325b-4cca-b14f-e919531f61b5,0,0,0
0,3566,0.0,0.0,,,33.3250987065919,0.0044777122488,-30.2492661561026,0.0054253330291,0.2101350856867,0.0250125160251,0.0,0.0,0.0,0.0,0.0,0.0,0.0,0.0,0,0,0,7c87cccc-888b-4518-a1aa-f6cfa0b7a0df,0,0,0
1,1022,0.0,0.0,,,33.3082504708345,0.004541303128,-30.1761034848158,0.0052285828159,0.231092964793,0.0229473364482,0.0,0.0,0.0,0.0,0.0,0.0,0.0,0.0,0,0,0,5c8d9fb2-ba37-4c9b-b7fd-eff3485892eb,0,0,0
0,3586,0.0,0.0,,,27.6280019035617,0.0003890671932,-23.0494781622475,0.0005120500838,1.3539305759848,0.0167370858417,0.0,0.0,0.0,0.0,0.0,0.0,0.0,0.0,0,0,0,27ea48d6-9416-4693-997a-69d51c06c61c,0,0,0
1,556,0.0,0.0,,,27.5108652237149,0.000380171807,-23.0542642337807,0.0005382097387,1.3476682449107,0.0157085897655,0.0,0.0,0.0,0.0,0.0,0.0,0.0,0.0,0,0,0,0866b200-458d-4e76-b174-7d6b5c3f4cb1,0,0,0
0,3598,0.0,0.0,,,25.1009694104469,0.0027069735923,-20.1063465110339,0.0040393078192,0.2219216958963,0.0194319030671,0.0,0.0,0.0,0.0,0.0,0.0,0.0,0.0,0,0,0,7cb99589-8594-4201-8df0-a8a74b54357a,0,0,0
1,3,0.0,0.0,,,25.0456138008549,0.0050326797873,-20.2643087905738,0.0088144130463,0.0970971281935,0.0205072766017,0.0,0.0,0.0,0.0,0.0,0.0,0.0,0.0,0,0,0,066952d2-3a87-4cc0-b328-6e44f6f1d353,0,0,0
0,3614,0.0,0.0,,,30.2250399176174,0.0010359202321,-15.0939651514382,0.0014657061683,0.8385428177676,0.025705762061,0.0,0.0,0.0,0.0,0.0,0.0,0.0,0.0,0,0,0,3b0cd1c5-9aee-4835-bb08-d47239ba4269,0,0,0
1,3873,0.0,0.0,,,30.1229406721344,0.0010016716424,-15.1869311168863,0.0015283006116,0.7852846007554,0.0267637634934,0.0,0.0,0.0,0.0,0.0,0.0,0.0,0.0,0,0,0,26d19b71-cb97-46df-905e-b5abd126012a,0,0,0
0,3663,0.0,0.0,,,37.4356346376722,0.0006697273162,-24.6052518167947,0.0007878980699,1.2923385181855,0.0250243130657,0.0,0.0,0.0,0.0,0.0,0.0,0.0,0.0,0,0,0,f284e3e2-7651-4b10-a1e7-906aec379fcc,0,0,0
1,2664,0.0,0.0,,,37.3870924285732,0.0006543874505,-24.5164699062572,0.0008149122339,1.3472842614564,0.0256227771682,0.0,0.0,0.0,0.0,0.0,0.0,0.0,0.0,0,0,0,4b198e0f-347e-411b-ba8e-f26e4f5e5fc0,0,0,0
0,3680,0.0,0.0,,,32.8595875233773,0.0002225316153,-23.9011213213071,0.0002693612179,3.0587597589621,0.0189618352809,0.0,0.0,0.0,0.0,0.0,0.0,0.0,0.0,0,0,0,0664c4e4-c248-4166-a536-b0202f383270,0,0,0
1,1391,0.0,0.0,,,32.872347178583,0.0002224606982,-23.8345308887505,0.0002739073931,3.0764216317807,0.0216273451703,0.0,0.0,0.0,0.0,0.0,0.0,0.0,0.0,0,0,0,3894e713-273f-49e3-9a42-7761d181a907,0,0,0
0,3684,0.0,0.0,,,29.7453377762204,0.0006202388563,-20.4362569754995,0.0008644416879,0.9377107699168,0.0175399509147,0.0,0.0,0.0,0.0,0.0,0.0,0.0,0.0,0,0,0,98ec3179-1e85-4491-92a8-52266157c4e0,0,0,0
1,1964,0.0,0.0,,,29.6535793361422,0.0006218596722,-20.4912120364527,0.0008439750884,0.9360809976483,0.0157258418299,0.0,0.0,0.0,0.0,0.0,0.0,0.0,0.0,0,0,0,656f6335-8a33-4e8d-b4c7-2ea498415577,0,0,0
0,3706,0.0,0.0,,,36.7104570559034,0.0007498504153,-16.1594698784844,0.0009938789612,1.3868649968392,0.0322669499732,0.0,0.0,0.0,0.0,0.0,0.0,0.0,0.0,0,0,0,5e28e1a9-24b4-4942-b81e-35b14bf90d61,0,0,0
1,2131,0.0,0.0,,,36.6282153865718,0.0007892967577,-16.1017840128759,0.0010550118393,1.3315787513835,0.0327846027025,0.0,0.0,0.0,0.0,0.0,0.0,0.0,0.0,0,0,0,619eea6f-c372-440d-9bac-0d5caf126419,0,0,0
0,3713,0.0,0.0,,,30.5473938764664,0.0010322462718,-33.8720941096114,0.0013993884628,0.7794302394515,0.0265650829007,0.0,0.0,0.0,0.0,0.0,0.0,0.0,0.0,0,0,0,f6c96ae7-d396-45a9-bd7c-3c85e4d72fa0,0,0,0
1,4174,0.0,0.0,,,30.3634235751394,0.0009924553033,-33.8116732659836,0.0013648929938,0.769969659238,0.0257670942363,0.0,0.0,0.0,0.0,0.0,0.0,0.0,0.0,0,0,0,94ffbdf1-d788-45e0-811b-feb5183ea395,0,0,0
0,3724,0.0,0.0,,,34.8074301744278,0.0004922699724,-19.1035153479958,0.0006647468536,1.6602116644486,0.024280317713,0.0,0.0,0.0,0.0,0.0,0.0,0.0,0.0,0,0,0,bcdba83c-e844-4e98-9a35-0ea5cabe50f3,0,0,0
1,3658,0.0,0.0,,,34.8952203841648,0.0005173882445,-19.1754281695865,0.0006437129034,1.6587770959487,0.0245971277165,0.0,0.0,0.0,0.0,0.0,0.0,0.0,0.0,0,0,0,3b843408-0201-4031-a578-c94b9e0fa60f,0,0,0
0,3749,0.0,0.0,,,36.6561408129883,0.0034131239845,-25.905558179023,0.0042541427562,0.2601298340703,0.0241531771248,0.0,0.0,0.0,0.0,0.0,0.0,0.0,0.0,0,0,0,83d46fc1-422d-4d34-a61f-4b490c96ecd7,0,0,0
1,3430,0.0,0.0,,,36.5695433960044,0.0035173857759,-25.9040404241177,0.0039771478935,0.2587445728749,0.0256832051204,0.0,0.0,0.0,0.0,0.0,0.0,0.0,0.0,0,0,0,a0a5b973-d42a-4357-a06b-9173fb5b4574,0,0,0
0,3758,0.0,0.0,,,17.0766157502603,0.0006897322764,-10.6159475436925,0.0008357942042,2.7695663481386,0.045626755994,0.0,0.0,0.0,0.0,0.0,0.0,0.0,0.0,0,0,0,ba33c33c-1b39-4043-b638-ff79fb19edaf,0,0,0
1,39,0.0,0.0,,,17.1515130326023,0.0006603503493,-10.5524137251166,0.0008337210834,2.5898344432073,0.044719117838,0.0,0.0,0.0,0.0,0.0,0.0,0.0,0.0,0,0,0,61f2a6f3-b93d-4a68-9f08-89ca2d7a65b1,0,0,0
0,3761,0.0,0.0,,,18.9518836660701,0.0007322441275,-27.6060530514857,0.0012536612616,0.7374548981009,0.0184525100383,0.0,0.0,0.0,0.0,0.0,0.0,0.0,0.0,0,0,0,492445fc-53b8-46d0-8040-547ca4e1ffa0,0,0,0
1,2950,0.0,0.0,,,18.8119706232455,0.0007416550928,-27.713049493079,0.0012872082691,0.7337389017992,0.0184266662846,0.0,0.0,0.0,0.0,0.0,0.0,0.0,0.0,0,0,0,e353ddd6-a10f-4f6c-bc78-cdc4c9f00529,0,0,0
0,3774,0.0,0.0,,,17.9514943577741,0.0010537571277,-12.4407626131992,0.0012145375689,1.3320356651251,0.0370628302131,0.0,0.0,0.0,0.0,0.0,0.0,0.0,0.0,0,0,0,074e1839-3332-489a-9dee-cc318cd73749,0,0,0
1,3241,0.0,0.0,,,17.926485839494,0.0010833755639,-12.3279335006937,0.0012127669035,1.4313982686997,0.0357408503023,0.0,0.0,0.0,0.0,0.0,0.0,0.0,0.0,0,0,0,40db21d0-e232-491f-a1a9-166942736703,0,0,0
0,3779,0.0,0.0,,,25.8094651519794,0.0008646672729,-16.5293163245715,0.001216739322,0.6904635953516,0.0235023488445,0.0,0.0,0.0,0.0,0.0,0.0,0.0,0.0,0,0,0,646728b2-dc75-4b7b-9fc9-44ae2c982e4a,0,0,0
1,24,0.0,0.0,,,25.8196172445392,0.0008840763096,-16.6390952648576,0.0012672601063,0.9534246272587,0.0243226258644,0.0,0.0,0.0,0.0,0.0,0.0,0.0,0.0,0,0,0,f1990305-1f88-4244-b77c-8cab8e34daf2,0,0,0
0,3782,0.0,0.0,,,18.3218691094819,0.0032805688494,-23.8260149003962,0.0058891514525,0.1775142844405,0.0220839851778,0.0,0.0,0.0,0.0,0.0,0.0,0.0,0.0,0,0,0,83dd8eec-a8ce-4b21-b8e2-4e0b2ee8ea43,0,0,0
1,2477,0.0,0.0,,,18.4629019152386,0.0030722614088,-23.8554371513376,0.0058046774934,0.1899065379574,0.0187792128986,0.0,0.0,0.0,0.0,0.0,0.0,0.0,0.0,0,0,0,6bea610c-4cb5-4203-b61f-1759da231dfa,0,0,0
0,3801,0.0,0.0,,,27.1570846246484,0.0008232118468,-31.9931137461347,0.0013203543919,0.8413059844432,0.0218361733295,0.0,0.0,0.0,0.0,0.0,0.0,0.0,0.0,0,0,0,96220745-1ede-445e-b8dc-9b8796e77050,0,0,0
1,1388,0.0,0.0,,,27.0694183184752,0.0007925562793,-31.8654849191496,0.0013059652326,0.8146649096946,0.0200771127631,0.0,0.0,0.0,0.0,0.0,0.0,0.0,0.0,0,0,0,934f14fb-7740-441f-b8ef-f1ef0b59b38b,0,0,0
0,3814,0.0,0.0,,,11.6731159763663,0.0039004192638,-19.4037219709725,0.0047910883406,0.3651927888281,0.0357380865105,0.0,0.0,0.0,0.0,0.0,0.0,0.0,0.0,0,0,0,50c51b7f-2549-41c2-9527-13c8f94b2234,0,0,0
1,2521,0.0,0.0,,,11.7472521069132,0.0039004670298,-19.366031887687,0.0047146022646,0.3422914875367,0.0338971500974,0.0,0.0,0.0,0.0,0.0,0.0,0.0,0.0,0,0,0,6db899c9-2f92-4f78-8efe-d45a0ab9febd,0,0,0
0,3833,0.0,0.0,,,39.9085828681153,0.0009831866753,-11.5058299739887,0.0012960442094,2.6876585166422,0.0662830206591,0.0,0.0,0.0,0.0,0.0,0.0,0.0,0.0,0,0,0,d32d62ba-c0eb-41e2-8a76-0c1cfeb875b0,0,0,0
1,494,0.0,0.0,,,39.7965207059902,0.000998510161,-11.5068666136791,0.001266436203,2.5802575126834,0.0675052745853,0.0,0.0,0.0,0.0,0.0,0.0,0.0,0.0,0,0,0,b2e3f113-567e-4b9f-a53a-b8f1099f8a81,0,0,0
0,3859,0.0,0.0,,,20.9460934677792,0.000297044062,-29.2920050513382,0.0004350849005,0.1386646567994,0.020789267498,0.0,0.0,0.0,0.0,0.0,0.0,0.0,0.0,0,0,0,eca191f8-a6ee-4b79-8043-f79897ab8ded,0,0,0
1,1113,0.0,0.0,,,20.9675846946714,0.0003147853855,-29.3528006023759,0.0004262103006,0.1412618661592,0.0210994204902,0.0,0.0,0.0,0.0,0.0,0.0,0.0,0.0,0,0,0,79de6ead-86b8-4164-bcb5-fd7d6bfc8ff0,0,0,0
0,3860,0.0,0.0,,,27.7417147873145,0.0010408874157,-31.3950104191578,0.0013884048603,0.6275662906728,0.0206604161239,0.0,0.0,0.0,0.0,0.0,0.0,0.0,0.0,0,0,0,2c81ec53-e461-49a4-b67f-481677579d36,0,0,0
1,4056,0.0,0.0,,,27.7270678873208,0.0010136110191,-31.2762619097267,0.0013721777333,0.6321778513412,0.0212960249913,0.0,0.0,0.0,0.0,0.0,0.0,0.0,0.0,0,0,0,b56cd80f-d9fa-4051-9ef7-18736abe8032,0,0,0
0,3869,0.0,0.0,,,36.909201316488,0.0002540789291,-23.9649403683512,0.0002953884003,3.3426236193796,0.0273005317543,0.0,0.0,0.0,0.0,0.0,0.0,0.0,0.0,0,0,0,6fa7fc4f-8aaf-4a32-9f8c-d217a9c4cd0c,0,0,0
1,1763,0.0,0.0,,,36.9108427557509,0.0002567978676,-23.9012043363256,0.0003136736585,3.367758321914,0.0268202032024,0.0,0.0,0.0,0.0,0.0,0.0,0.0,0.0,0,0,0,936aa300-bbb0-43a7-ac8f-bfdfa194773a,0,0,0
0,3871,0.0,0.0,,,28.6849956554872,0.0002855752692,-25.7465535490985,0.0003762735806,1.9151389061614,0.0169220382667,0.0,0.0,0.0,0.0,0.0,0.0,0.0,0.0,0,0,0,2ccea999-a310-4d57-b7a3-21b0de86f156,0,0,0
1,3431,0.0,0.0,,,28.7336245925178,0.0002921506879,-25.8141871049026,0.000389558972,1.8608825508322,0.0181876213292,0.0,0.0,0.0,0.0,0.0,0.0,0.0,0.0,0,0,0,7494686f-c868-444d-9509-3577c303ea74,0,0,0
0,3881,0.0,0.0,,,33.1566791508263,0.0024460606107,-38.7313165413741,0.0035693435763,0.6209558202668,0.059327588371,0.0,0.0,0.0,0.0,0.0,0.0,0.0,0.0,0,0,0,587d7733-46bc-437b-9be1-f7c2aba4672e,0,0,0
1,3938,0.0,0.0,,,33.1354493160274,0.0024759374701,-38.5617059067411,0.003621328093,0.7008245666359,0.0572595040763,0.0,0.0,0.0,0.0,0.0,0.0,0.0,0.0,0,0,0,6c4e3b09-49f7-4197-ba44-189dc931035c,0,0,0
0,3907,0.0,0.0,,,29.9942004841232,0.0014889422778,-25.6612560923622,0.0021895333171,0.3718980514949,0.0198565240328,0.0,0.0,0.0,0.0,0.0,0.0,0.0,0.0,0,0,0,cb58261a-a2b3-46ed-8829-0bd25fd9a432,0,0,0
1,3757,0.0,0.0,,,29.961014729848,0.0014798562189,-25.7100293703568,0.0022477440024,0.4245006473793,0.0193389859949,0.0,0.0,0.0,0.0,0.0,0.0,0.0,0.0,0,0,0,cc041c9b-4ab5-45bb-9bec-2695e58a2df9,0,0,0
0,3911,0.0,0.0,,,12.5315321150743,0.0022277918865,-10.0635325448716,0.0025118401525,1.2341172403911,0.0569857967599,0.0,0.0,0.0,0.0,0.0,0.0,0.0,0.0,0,0,0,6de28e37-f068-45f5-a942-50b88d5fffef,0,0,0
1,3579,0.0,0.0,,,12.4731787046175,0.0023011766026,-10.2091858845324,0.0023856977779,1.2345054334933,0.0619469452289,0.0,0.0,0.0,0.0,0.0,0.0,0.0,0.0,0,0,0,f91c54e9-0cd0-496a-80bf-3969e298c157,0,0,0
0,3915,0.0,0.0,,,28.6195753497408,0.0009068609257,-30.6185309119648,0.0013959411287,0.718723693072,0.0219312028244,0.0,0.0,0.0,0.0,0.0,0.0,0.0,0.0,0,0,0,f121a63e-8809-42f7-9528-fd9259509c1b,0,0,0
1,1600,0.0,0.0,,,28.7112302154923,0.0009078274278,-30.7302198300256,0.0012965008055,0.7291695136797,0.0193801218248,0.0,0.0,0.0,0.0,0.0,0.0,0.0,0.0,0,0,0,c00cf47c-b855-467e-b740-31ffaf8f2253,0,0,0
0,3926,0.0,0.0,,,39.9230104835135,0.0038066459731,-29.8809660960476,0.005223896405,0.2995170433213,0.0371455659849,0.0,0.0,0.0,0.0,0.0,0.0,0.0,0.0,0,0,0,bbf892ad-43fc-4ad5-b131-e7143f4dda9f,0,0,0
1,2455,0.0,0.0,,,39.9252467732765,0.0036634354022,-29.9476025083768,0.0055053723045,0.3586341219831,0.0339719028434,0.0,0.0,0.0,0.0,0.0,0.0,0.0,0.0,0,0,0,d58c8f56-c458-43b7-ad6e-7754e3533caf,0,0,0
0,3929,0.0,0.0,,,32.2123053467942,0.0045310078258,-15.1702042930586,0.0052554976362,0.2038809537671,0.0286868253492,0.0,0.0,0.0,0.0,0.0,0.0,0.0,0.0,0,0,0,a203e806-204e-4dbb-9e2f-9b70f3606864,0,0,0
1,990,0.0,0.0,,,32.2426340064782,0.0045724947709,-15.2802038352518,0.0053355082042,0.2034413915045,0.0317202573738,0.0,0.0,0.0,0.0,0.0,0.0,0.0,0.0,0,0,0,02a829b8-3185-4e3e-bcb0-f2fcbd24c48c,0,0,0
0,3956,0.0,0.0,,,33.9489451224085,0.0004804704702,-13.1944501704244,0.0007284450967,3.0753812953772,0.0410412537601,0.0,0.0,0.0,0.0,0.0,0.0,0.0,0.0,0,0,0,371100cb-2101-45fc-bba3-e23d80c03a83,0,0,0
1,1548,0.0,0.0,,,34.0266880662594,0.0004757825947,-13.2746361260142,0.0007467966661,3.1703072250141,0.0416901225451,0.0,0.0,0.0,0.0,0.0,0.0,0.0,0.0,0,0,0,0fe1697c-8ecf-460c-baae-c11082fb408a,0,0,0
0,3961,0.0,0.0,,,24.765484660382,0.00095483235,-18.6172000046039,0.0011396576214,0.8367544578617,0.0202641181961,0.0,0.0,0.0,0.0,0.0,0.0,0.0,0.0,0,0,0,0fc338cb-e312-4303-ae9e-4eadccf6e368,0,0,0
1,563,0.0,0.0,,,24.7052096619068,0.0009227232878,-18.757385857779,0.0011572245044,0.8065228642373,0.0202069765108,0.0,0.0,0.0,0.0,0.0,0.0,0.0,0.0,0,0,0,acf64c85-b408-4b7e-b8a9-349f3649fed5,0,0,0
0,3973,0.0,0.0,,,35.7774224820933,0.0088296470837,-17.9656768384696,0.007945048575,0.1608208627539,0.0253175856574,0.0,0.0,0.0,0.0,0.0,0.0,0.0,0.0,0,0,0,00831957-1d90-4b64-8733-2c20b5c0e66a,0,0,0
1,3771,0.0,0.0,,,35.6523608367979,0.0085637376954,-17.9057632630994,0.0079508185524,0.1600699157466,0.0269780942018,0.0,0.0,0.0,0.0,0.0,0.0,0.0,0.0,0,0,0,b41242b3-faed-45af-a619-228d135086ab,0,0,0
0,3978,0.0,0.0,,,27.207536597032,0.003006802828,-28.0284224807677,0.0055084974975,0.1652480171089,0.0182574389152,0.0,0.0,0.0,0.0,0.0,0.0,0.0,0.0,0,0,0,8f63f2c2-bca9-4f67-862a-e59537a0764a,0,0,0
1,522,0.0,0.0,,,27.3238997306854,0.0029118947561,-27.9140375822572,0.0054892844443,0.154812215602,0.018635403935,0.0,0.0,0.0,0.0,0.0,0.0,0.0,0.0,0,0,0,b78b3b3b-1fec-438a-aa05-3cac7c52c7c2,0,0,0
0,3980,0.0,0.0,,,32.6063009290328,0.0040646526402,-36.0233107796373,0.005150723354,0.2760121082009,0.0329307571811,0.0,0.0,0.0,0.0,0.0,0.0,0.0,0.0,0,0,0,b2b8e751-24bb-4aa1-9644-efed64c871db,0,0,0
1,2188,0.0,0.0,,,32.6940316435046,0.0042235083008,-35.9616279962028,0.0050519707647,0.3848939384436,0.0392586885607,0.0,0.0,0.0,0.0,0.0,0.0,0.0,0.0,0,0,0,d5802ae5-cf03-4404-a176-cc699fce4a74,0,0,0
0,3992,0.0,0.0,,,30.4115440509751,0.0011732146735,-26.1699369050836,0.0016702968636,0.4778467344544,0.0173878464255,0.0,0.0,0.0,0.0,0.0,0.0,0.0,0.0,0,0,0,b130a4e2-ba61-4da2-97cb-4ab49f1dab7c,0,0,0
1,4241,0.0,0.0,,,30.4475465139614,0.0011575752609,-26.3470057347507,0.0015435818747,0.4576587994001,0.0179287610067,0.0,0.0,0.0,0.0,0.0,0.0,0.0,0.0,0,0,0,0b711400-c57b-43d6-9201-6d863c754b99,0,0,0
0,4004,0.0,0.0,,,16.7386059993111,0.0038098827553,-18.0228551998939,0.0053421155504,0.2820794414345,0.0277188905845,0.0,0.0,0.0,0.0,0.0,0.0,0.0,0.0,0,0,0,450367c5-b07b-446c-9878-0af99bc539d1,0,0,0
1,3663,0.0,0.0,,,16.8020845583698,0.0037655888414,-17.9340253123319,0.0055661744648,0.3162744985501,0.0276643296725,0.0,0.0,0.0,0.0,0.0,0.0,0.0,0.0,0,0,0,c03e7cc3-4c39-4af8-9028-1a524cb52988,0,0,0
0,4011,0.0,0.0,,,23.0649154355513,0.0013922463804,-8.3713720310597,0.001882653702,1.3738629500191,0.0532310974689,0.0,0.0,0.0,0.0,0.0,0.0,0.0,0.0,0,0,0,e7d37f94-b9ed-4c52-b11e-b646e18e1580,0,0,0
1,1063,0.0,0.0,,,22.9308639459084,0.0012989880709,-8.353832111247,0.0018882120017,1.3810733089293,0.0490974990542,0.0,0.0,0.0,0.0,0.0,0.0,0.0,0.0,0,0,0,af0f6011-cdc4-47f6-98a8-f854dec2832a,0,0,0
0,4022,0.0,0.0,,,15.4539210090881,0.009906260622,-16.0608803241633,0.0093187117325,0.2795217246864,0.0359600942964,0.0,0.0,0.0,0.0,0.0,0.0,0.0,0.0,0,0,0,3e571737-e5c4-4629-bff1-8408eb95ab03,0,0,0
1,1451,0.0,0.0,,,15.5722175447573,0.0098989810573,-15.9503899275901,0.0095929469899,0.160602335532,0.0354787131754,0.0,0.0,0.0,0.0,0.0,0.0,0.0,0.0,0,0,0,589d9cd0-8a31-42be-95b3-a07cea876e00,0,0,0
0,4035,0.0,0.0,,,22.0402214291989,0.001328463082,-27.7715519371404,0.0019418822017,0.3927782031445,0.0193693873902,0.0,0.0,0.0,0.0,0.0,0.0,0.0,0.0,0,0,0,8fc6bae7-b0ac-459d-ba96-c9ce7e8758d1,0,0,0
1,605,0.0,0.0,,,22.1193120770222,0.0013207371262,-27.8894169389824,0.0019541467093,0.3967255613243,0.0192618761331,0.0,0.0,0.0,0.0,0.0,0.0,0.0,0.0,0,0,0,762e880c-168d-44b6-bf99-fe24e793dbb5,0,0,0
0,4067,0.0,0.0,,,26.643842002429,0.0002819676396,-37.1503689727161,0.0004813099567,3.6466495161193,0.0385069085395,0.0,0.0,0.0,0.0,0.0,0.0,0.0,0.0,0,0,0,726432bd-adfb-4299-a885-67d7eaa4b075,0,0,0
1,282,0.0,0.0,,,26.7335784919885,0.0002898214062,-37.2000420847728,0.0004747116166,3.5985104625687,0.0365334536368,0.0,0.0,0.0,0.0,0.0,0.0,0.0,0.0,0,0,0,a00767d9-53fa-49a3-abe3-e40a71ab2dbd,0,0,0
0,4075,0.0,0.0,,,38.9303602171713,0.0003123930926,-28.7884050669089,0.0003911116353,3.4684001042725,0.0339021398328,0.0,0.0,0.0,0.0,0.0,0.0,0.0,0.0,0,0,0,186d93d5-95db-4d13-a118-49cd2f4df7f5,0,0,0
1,4290,0.0,0.0,,,39.0349005568132,0.0003200557248,-28.8062236385624,0.0003860526791,3.4898345599286,0.0322356441201,0.0,0.0,0.0,0.0,0.0,0.0,0.0,0.0,0,0,0,cc2179d4-7d3e-4c35-833d-1896a1e09c63,0,0,0
0,4117,0.0,0.0,,,13.7460335122345,0.0025690449646,-25.6275021023025,0.0040034595653,0.2853705726198,0.0272107224632,0.0,0.0,0.0,0.0,0.0,0.0,0.0,0.0,0,0,0,1aecd8d1-2110-4a95-b5b5-7153b4406fb5,0,0,0
1,2490,0.0,0.0,,,13.6659114048513,0.0025757065055,-25.5280620580068,0.0041773825612,0.3458207519999,0.0262620879163,0.0,0.0,0.0,0.0,0.0,0.0,0.0,0.0,0,0,0,54bfdd17-fc40-4ce4-9170-d366bfd1ff7d,0,0,0
0,4134,0.0,0.0,,,11.1196241941438,0.0002810958225,-35.5309915378856,0.0005442698794,4.986350267737,0.0608848623381,0.0,0.0,0.0,0.0,0.0,0.0,0.0,0.0,0,0,0,52902a72-a63b-4ef2-b713-d1dbff03d217,0,0,0
1,3609,0.0,0.0,,,11.1356096893897,0.0002826526975,-35.6008477657886,0.0005573063278,5.0546980904034,0.0645739114786,0.0,0.0,0.0,0.0,0.0,0.0,0.0,0.0,0,0,0,7697a7d5-0df5-4f45-a6bd-17ea5117b03b,0,0,0
0,4167,0.0,0.0,,,13.8699371111364,0.0044818525562,-23.5192167015787,0.0061883207693,0.1861586142319,0.0277717891879,0.0,0.0,0.0,0.0,0.0,0.0,0.0,0.0,0,0,0,701f7793-eb2c-4018-8c92-87993d8f3bf8,0,0,0
1,1305,0.0,0.0,,,13.8486958543672,0.0037467928464,-23.6227815868671,0.0064990834163,0.2186158881903,0.0254965260902,0.0,0.0,0.0,0.0,0.0,0.0,0.0,0.0,0,0,0,900b7de1-f224-4d2c-b1d1-e0b91bf3041d,0,0,0
0,4170,0.0,0.0,,,20.8077961473619,0.0006380267735,-24.5184219050945,0.0008855438164,0.9048059926049,0.0183866537418,0.0,0.0,0.0,0.0,0.0,0.0,0.0,0.0,0,0,0,eda9a08c-e2cb-4628-af33-3313e91c68e3,0,0,0
1,3466,0.0,0.0,,,20.7493344196443,0.0006360080111,-24.5999509792778,0.0008804686602,0.9036775984416,0.0185609582616,0.0,0.0,0.0,0.0,0.0,0.0,0.0,0.0,0,0,0,7c3de3f7-e9e8-4c62-8381-f7da19be8b98,0,0,0
0,4177,0.0,0.0,,,36.9097321628852,0.0047650633032,-21.8024349528846,0.0051523830261,0.2319775740932,0.023215106097,0.0,0.0,0.0,0.0,0.0,0.0,0.0,0.0,0,0,0,51156247-e3b1-4a50-b53e-66a7c86acc57,0,0,0
1,440,0.0,0.0,,,36.85692250677,0.0045555311182,-21.7371267279384,0.0048091678547,0.1900850182191,0.0239992902493,0.0,0.0,0.0,0.0,0.0,0.0,0.0,0.0,0,0,0,892d08a3-bea7-4487-8fe6-f0588e1ea23f,0,0,0
0,4243,0.0,0.0,,,11.8946505349151,0.0001829264394,-25.2941380479579,0.0004575324219,3.7912706353676,0.0214590107454,0.0,0.0,0.0,0.0,0.0,0.0,0.0,0.0,0,0,0,8aeaa77a-95cf-420c-995f-a2aca9f7b361,0,0,0
1,4194,0.0,0.0,,,11.8288886825712,0.0001846304447,-25.3253934170136,0.0004474607815,3.8386001467074,0.0231270644064,0.0,0.0,0.0,0.0,0.0,0.0,0.0,0.0,0,0,0,2aa20a2d-1eb0-448e-8be6-d882c30fd0a8,0,0,0
0,4258,0.0,0.0,,,21.5527339089376,0.003709232944,-13.5915997603858,0.0052740991564,0.2895080547437,0.0363265894229,0.0,0.0,0.0,0.0,0.0,0.0,0.0,0.0,0,0,0,168a353c-1a4d-437f-9e5a-72544c3945fa,0,0,0
1,2184,0.0,0.0,,,21.5732133555431,0.0037018038982,-13.5103195295592,0.0052889752268,0.2924708976829,0.0314337807635,0.0,0.0,0.0,0.0,0.0,0.0,0.0,0.0,0,0,0,1053a7d6-a04b-4cee-b495-18b6dd51b782,0,0,0
0,4272,0.0,0.0,,,21.4971674590518,0.0046399255328,-24.7329597713129,0.0083417152328,0.1102759488655,0.0197426280214,0.0,0.0,0.0,0.0,0.0,0.0,0.0,0.0,0,0,0,bf663f53-89b1-4dbe-95e9-5ebe47aaaac0,0,0,0
1,1293,0.0,0.0,,,21.4671068829452,0.004678679051,-24.6498812587597,0.0084179971428,0.1029546992185,0.0180649810159,0.0,0.0,0.0,0.0,0.0,0.0,0.0,0.0,0,0,0,5ca7e587-bda4-4357-8adb-9b5db0f4c0f5,0,0,0
0,4278,0.0,0.0,,,16.7002086256356,0.0017767117219,-23.6693279539235,0.0029428767683,0.353658663634,0.0246148472589,0.0,0.0,0.0,0.0,0.0,0.0,0.0,0.0,0,0,0,81a91def-260b-4ae1-9c22-8b56961e1817,0,0,0
1,709,0.0,0.0,,,16.5244510825421,0.001870436891,-23.5935378899184,0.0030249241927,0.4036465935603,0.0234362971887,0.0,0.0,0.0,0.0,0.0,0.0,0.0,0.0,0,0,0,a7e1f855-5a11-46c2-838c-123550dc3180,0,0,0
