island,source,background,local_rms,ra_str,dec_str,ra,err_ra,dec,err_dec,peak_flux,err_peak_flux,int_flux,err_int_flux,a,err_a,b,err_b,pa,err_pa,flags,residual_mean,residual_std,uuid,psf_a,psf_b,psf_pa
0,19,0.0,0.0,,,40.3656579194839,0.0018799918038,-28.7184198718753,0.0021013771914,0.7359748168077,0.0369119606432,0.0,0.0,0.0,0.0,0.0,0.0,0.0,0.0,0,0,0,b37d09c6-4b23-4aa3-89fa-dca671f1e345,0,0,0
0,35,0.0,0.0,,,41.6297199239833,0.0062195292017,-29.3021348697426,0.0084861120278,0.2652718806358,0.0397052359698,0.0,0.0,0.0,0.0,0.0,0.0,0.0,0.0,0,0,0,0bf3f512-e8b3-49d6-b440-8fad81168b4c,0,0,0
0,51,0.0,0.0,,,37.1359375350412,0.0018073181113,-29.6522636644608,0.0022030088741,0.5154203167801,0.0277002911061,0.0,0.0,0.0,0.0,0.0,0.0,0.0,0.0,0,0,0,70eab871-f83b-46dc-b207-022859a88773,0,0,0
0,62,0.0,0.0,,,39.5461103655797,0.0030031616491,-27.9188389504004,0.0035238141864,0.3735173367228,0.0313089198253,0.0,0.0,0.0,0.0,0.0,0.0,0.0,0.0,0,0,0,79411e1d-4185-4ca4-94a8-4de7d1a0f12b,0,0,0
0,73,0.0,0.0,,,40.4292641185747,0.0018179599247,-28.6603736561224,0.0021243735987,0.4786661007907,0.0375352424376,0.0,0.0,0.0,0.0,0.0,0.0,0.0,0.0,0,0,0,3bb25474-c4e5-4bb3-82c9-3915c81754de,0,0,0
0,86,0.0,0.0,,,41.7441655221303,0.0073704326062,-29.2995530815745,0.0072244540468,0.2379924061126,0.0440407288778,0.0,0.0,0.0,0.0,0.0,0.0,0.0,0.0,0,0,0,a333811e-169c-4230-aaff-ba407ed0eda7,0,0,0
0,92,0.0,0.0,,,39.6972862959448,0.0043483237754,-27.8366705563808,0.0054586089297,0.3375812935567,0.0312268061961,0.0,0.0,0.0,0.0,0.0,0.0,0.0,0.0,0,0,0,a86b5757-2cfb-4a1f-a803-2e026d054409,0,0,0
0,93,0.0,0.0,,,37.1759478419472,0.0025045418117,-29.8179739580082,0.0030380689087,0.3996795746851,0.0286982818214,0.0,0.0,0.0,0.0,0.0,0.0,0.0,0.0,0,0,0,c8738c74-3da1-4d7b-b3cf-6d73737f1f3b,0,0,0
1,14,0.0,0.0,,,41.6777125819964,0.0061980815655,-29.3078728093406,0.0081648255935,0.2454463774918,0.0460492821668,0.0,0.0,0.0,0.0,0.0,0.0,0.0,0.0,0,0,0,b89a2975-5955-4d5d-89e0-84e0483db55b,0,0,0
1,22,0.0,0.0,,,39.6545199366505,0.003152960904,-27.8619542190547,0.0033923786613,0.3010830237408,0.0293884636627,0.0,0.0,0.0,0.0,0.0,0.0,0.0,0.0,0,0,0,bcd77a38-6b94-4974-a64d-171eba08eb1f,0,0,0
1,23,0.0,0.0,,,37.2059484065964,0.0025054634163,-29.8731620783188,0.0031365379073,0.4158881451122,0.029905878373,0.0,0.0,0.0,0.0,0.0,0.0,0.0,0.0,0,0,0,6bae98d1-5441-4c4d-bebf-6f03fadf607e,0,0,0
1,38,0.0,0.0,,,37.1178451127316,0.0019360960098,-29.8028550504012,0.00230257893,0.5145775204728,0.0240885632191,0.0,0.0,0.0,0.0,0.0,0.0,0.0,0.0,0,0,0,dea37a8a-a2c9-45cb-a89b-d4df74a9621a,0,0,0
1,41,0.0,0.0,,,39.6577554583396,0.0042002613145,-27.8310650087128,0.0054859735571,0.2948621877339,0.0317528000663,0.0,0.0,0.0,0.0,0.0,0.0,0.0,0.0,0,0,0,5119f0c5-aba1-4a42-a436-434842039e24,0,0,0
1,44,0.0,0.0,,,40.4691706396983,0.00189337663,-28.5953553304251,0.0020686926653,0.4411130837194,0.0362209178651,0.0,0.0,0.0,0.0,0.0,0.0,0.0,0.0,0,0,0,851f247c-87dd-493d-80b7-428114faf13a,0,0,0
1,53,0.0,0.0,,,41.6651137838827,0.0076132787574,-29.2301854243749,0.0080003484055,0.2483388685201,0.0472237643079,0.0,0.0,0.0,0.0,0.0,0.0,0.0,0.0,0,0,0,2c82157e-9f53-4519-95d2-7ac9d528ced6,0,0,0
1,86,0.0,0.0,,,40.3473401940655,0.0018076390424,-28.6408604857312,0.0021408334861,0.7459531606284,0.0375638693508,0.0,0.0,0.0,0.0,0.0,0.0,0.0,0.0,0,0,0,b0657d64-a71b-464d-9f5b-5f1eed1ebe78,0,0,0
