island,source,background,local_rms,ra_str,dec_str,ra,err_ra,dec,err_dec,peak_flux,err_peak_flux,int_flux,err_int_flux,a,err_a,b,err_b,pa,err_pa,flags,residual_mean,residual_std,uuid,psf_a,psf_b,psf_pa
0,19,0.0,0.0,,,40.3656579194839,0.0018799918038,-28.7184198718753,0.0021013771914,0.7359748168077,0.0369119606432,0.0,0.0,0.0,0.0,0.0,0.0,0.0,0.0,0,0,0,ede8c00b-c60c-489d-8986-4cec1f217e41,0,0,0
0,27,0.0,0.0,,,37.9428244509089,0.0061583500558,-26.6500674306364,0.0086317281045,0.1280828876474,0.0268550811383,0.0,0.0,0.0,0.0,0.0,0.0,0.0,0.0,0,0,0,63c88b68-2a7e-4fba-bb85-60343d514c36,0,0,0
0,35,0.0,0.0,,,41.6297199239833,0.0062195292017,-29.3021348697426,0.0084861120278,0.2652718806358,0.0397052359698,0.0,0.0,0.0,0.0,0.0,0.0,0.0,0.0,0,0,0,6adbe4c6-0f21-46ee-88d2-8fecaf242b6a,0,0,0
0,51,0.0,0.0,,,37.1359375350412,0.0018073181113,-29.6522636644608,0.0022030088741,0.5154203167801,0.0277002911061,0.0,0.0,0.0,0.0,0.0,0.0,0.0,0.0,0,0,0,b3c7a84d-b46a-4594-9ceb-470a658d8b5c,0,0,0
0,59,0.0,0.0,,,38.2847760598729,0.004304584848,-26.8812309924866,0.0061812978625,0.217437861331,0.0289384132439,0.0,0.0,0.0,0.0,0.0,0.0,0.0,0.0,0,0,0,c9d0c2fe-61a0-402f-96c3-7978c4e58f3b,0,0,0
0,62,0.0,0.0,,,39.5461103655797,0.0030031616491,-27.9188389504004,0.0035238141864,0.3735173367228,0.0313089198253,0.0,0.0,0.0,0.0,0.0,0.0,0.0,0.0,0,0,0,fe29895c-27ec-4f3d-8a34-39817b32cc11,0,0,0
0,73,0.0,0.0,,,40.4292641185747,0.0018179599247,-28.6603736561224,0.0021243735987,0.4786661007907,0.0375352424376,0.0,0.0,0.0,0.0,0.0,0.0,0.0,0.0,0,0,0,ea33a0bd-5b6c-4da2-8205-c4797a8e902f,0,0,0
0,86,0.0,0.0,,,41.7441655221303,0.0073704326062,-29.2995530815745,0.0072244540468,0.2379924061126,0.0440407288778,0.0,0.0,0.0,0.0,0.0,0.0,0.0,0.0,0,0,0,9d935503-fcc8-4a18-9f14-4b94fd74d780,0,0,0
0,92,0.0,0.0,,,39.6972862959448,0.0043483237754,-27.8366705563808,0.0054586089297,0.3375812935567,0.0312268061961,0.0,0.0,0.0,0.0,0.0,0.0,0.0,0.0,0,0,0,9b818ac1-5745-492b-860b-767b037e8c60,0,0,0
0,93,0.0,0.0,,,37.1759478419472,0.0025045418117,-29.8179739580082,0.0030380689087,0.3996795746851,0.0286982818214,0.0,0.0,0.0,0.0,0.0,0.0,0.0,0.0,0,0,0,e5aecbb0-953d-4aa5-895f-db66be6578af,0,0,0
1,4,0.0,0.0,,,38.1954900116917,0.0045048488052,-27.0455224023779,0.0061874972821,0.2239270701936,0.0285998619805,0.0,0.0,0.0,0.0,0.0,0.0,0.0,0.0,0,0,0,93d8e809-bd56-445a-ba0f-431c4ce55087,0,0,0
1,14,0.0,0.0,,,41.6777125819964,0.0061980815655,-29.3078728093406,0.0081648255935,0.2454463774918,0.0460492821668,0.0,0.0,0.0,0.0,0.0,0.0,0.0,0.0,0,0,0,a959014c-4a73-4f4a-be88-4533c98e66aa,0,0,0
1,22,0.0,0.0,,,39.6545199366505,0.003152960904,-27.8619542190547,0.0033923786613,0.3010830237408,0.0293884636627,0.0,0.0,0.0,0.0,0.0,0.0,0.0,0.0,0,0,0,b6499ddb-0ac9-4157-89af-ac7a063584e3,0,0,0
1,23,0.0,0.0,,,37.2059484065964,0.0025054634163,-29.8731620783188,0.0031365379073,0.4158881451122,0.029905878373,0.0,0.0,0.0,0.0,0.0,0.0,0.0,0.0,0,0,0,4f8fd199-f76b-4f58-8713-fe3ded0c76b1,0,0,0
1,38,0.0,0.0,,,37.1178451127316,0.0019360960098,-29.8028550504012,0.00230257893,0.5145775204728,0.0240885632191,0.0,0.0,0.0,0.0,0.0,0.0,0.0,0.0,0,0,0,3c6be99d-9481-4b5c-b616-7c92e8ed90bd,0,0,0
1,41,0.0,0.0,,,39.6577554583396,0.0042002613145,-27.8310650087128,0.0054859735571,0.2948621877339,0.0317528000663,0.0,0.0,0.0,0.0,0.0,0.0,0.0,0.0,0,0,0,88916c6e-eaf2-4ded-be48-8323d92910a5,0,0,0
1,44,0.0,0.0,,,40.4691706396983,0.00189337663,-28.5953553304251,0.0020686926653,0.4411130837194,0.0362209178651,0.0,0.0,0.0,0.0,0.0,0.0,0.0,0.0,0,0,0,b20901ee-79e3-41a1-b836-529d03d422d1,0,0,0
1,53,0.0,0.0,,,41.6651137838827,0.0076132787574,-29.2301854243749,0.0080003484055,0.2483388685201,0.0472237643079,0.0,0.0,0.0,0.0,0.0,0.0,0.0,0.0,0,0,0,2f6d2321-3c60-4789-a752-16c627c298c6,0,0,0
1,73,0.0,0.0,,,37.8543722324386,0.0059881444934,-26.7823798403581,0.0089302971987,0.1469851626524,0.0275810237468,0.0,0.0,0.0,0.0,0.0,0.0,0.0,0.0,0,0,0,32038bc9-2aa3-4505-b144-888fe1f4c4c7,0,0,0
1,86,0.0,0.0,,,40.3473401940655,0.0018076390424,-28.6408604857312,0.0021408334861,0.7459531606284,0.0375638693508,0.0,0.0,0.0,0.0,0.0,0.0,0.0,0.0,0,0,0,3f93bdbf-bd3a-4a45-9627-4810001129cb,0,0,0
