island,source,background,local_rms,ra_str,dec_str,ra,err_ra,dec,err_dec,peak_flux,err_peak_flux,int_flux,err_int_flux,a,err_a,b,err_b,pa,err_pa,flags,residual_mean,residual_std,uuid,psf_a,psf_b,psf_pa
0,19,0.0,0.0,,,40.3656579194839,0.0018799918038,-28.7184198718753,0.0021013771914,0.7359748168077,0.0369119606432,0.0,0.0,0.0,0.0,0.0,0.0,0.0,0.0,0,0,0,aefb50df-87ec-48cb-b3a6-278303442f01,0,0,0
0,20,0.0,0.0,,,37.7939500859014,0.000839518981,-26.8319872833675,0.0010513385854,1.061660657134,0.0292543910481,0.0,0.0,0.0,0.0,0.0,0.0,0.0,0.0,0,0,0,351106e2-3afe-450c-937e-426d84dd7c65,0,0,0
0,23,0.0,0.0,,,40.4226418881255,0.0018615522464,-28.6424672504199,0.0021806050501,0.5303065770733,0.0403861533334,0.0,0.0,0.0,0.0,0.0,0.0,0.0,0.0,0,0,0,e0267eeb-400a-4b2b-a262-70a43ec82d99,0,0,0
0,24,0.0,0.0,,,38.695695777156,0.007768147871,-27.0627050532365,0.0063985387979,0.1998199258342,0.0285491653884,0.0,0.0,0.0,0.0,0.0,0.0,0.0,0.0,0,0,0,b837c2bd-b640-4db3-9202-f7cdd97c43e4,0,0,0
0,35,0.0,0.0,,,41.6297199239833,0.0062195292017,-29.3021348697426,0.0084861120278,0.2652718806358,0.0397052359698,0.0,0.0,0.0,0.0,0.0,0.0,0.0,0.0,0,0,0,44f32ae0-a9ca-41ae-b4d0-3cca22b027a6,0,0,0
0,47,0.0,0.0,,,37.074583986374,0.0004720327743,-29.0491627244383,0.0005977438313,1.8966438989967,0.0281444430869,0.0,0.0,0.0,0.0,0.0,0.0,0.0,0.0,0,0,0,9bfc788b-da24-4801-b6d3-9342dfa9f79d,0,0,0
0,51,0.0,0.0,,,37.1359375350412,0.0018073181113,-29.6522636644608,0.0022030088741,0.5154203167801,0.0277002911061,0.0,0.0,0.0,0.0,0.0,0.0,0.0,0.0,0,0,0,4932ac90-4f68-4c27-a18c-10b6e15b5fc9,0,0,0
0,53,0.0,0.0,,,37.7026887784967,0.0056975637458,-27.0385147034779,0.0081373754907,0.1299474019033,0.0289350586229,0.0,0.0,0.0,0.0,0.0,0.0,0.0,0.0,0,0,0,09c24d30-4cdd-4582-a093-01b819989453,0,0,0
0,62,0.0,0.0,,,39.5461103655797,0.0030031616491,-27.9188389504004,0.0035238141864,0.3735173367228,0.0313089198253,0.0,0.0,0.0,0.0,0.0,0.0,0.0,0.0,0,0,0,a645704b-a878-47dc-b4d3-4b8212e89ce4,0,0,0
0,67,0.0,0.0,,,37.6607171609663,0.0054871394746,-27.2029929013959,0.0079141090647,0.1157221163218,0.0265734742856,0.0,0.0,0.0,0.0,0.0,0.0,0.0,0.0,0,0,0,d228ca6c-be50-4006-b8f5-fe12bd271abe,0,0,0
0,68,0.0,0.0,,,38.5267981379276,0.0065668664337,-26.9775152116885,0.0076629819342,0.1603699027351,0.0276429219369,0.0,0.0,0.0,0.0,0.0,0.0,0.0,0.0,0,0,0,91740aad-ff5f-444f-a391-1b647e1e1e43,0,0,0
0,69,0.0,0.0,,,40.5672487698897,0.0008303035788,-27.966447782434,0.0009492243819,1.5593297452747,0.0341275391974,0.0,0.0,0.0,0.0,0.0,0.0,0.0,0.0,0,0,0,41c779a3-1d48-4f6a-8e75-2fe717313fcd,0,0,0
0,73,0.0,0.0,,,40.4292641185747,0.0018179599247,-28.6603736561224,0.0021243735987,0.4786661007907,0.0375352424376,0.0,0.0,0.0,0.0,0.0,0.0,0.0,0.0,0,0,0,b9e786ba-b02f-43a1-a5b6-5630e70bd226,0,0,0
0,86,0.0,0.0,,,41.7441655221303,0.0073704326062,-29.2995530815745,0.0072244540468,0.2379924061126,0.0440407288778,0.0,0.0,0.0,0.0,0.0,0.0,0.0,0.0,0,0,0,e42e55c3-7ba5-4aeb-a525-3b8a0f922ff3,0,0,0
0,92,0.0,0.0,,,39.6972862959448,0.0043483237754,-27.8366705563808,0.0054586089297,0.3375812935567,0.0312268061961,0.0,0.0,0.0,0.0,0.0,0.0,0.0,0.0,0,0,0,26629626-d767-4622-a7f7-107b7716dca2,0,0,0
0,93,0.0,0.0,,,37.1759478419472,0.0025045418117,-29.8179739580082,0.0030380689087,0.3996795746851,0.0286982818214,0.0,0.0,0.0,0.0,0.0,0.0,0.0,0.0,0,0,0,1934487d-aea5-407f-bc8c-3ae43bd7749c,0,0,0
1,5,0.0,0.0,,,37.6435593865733,0.0059746566895,-27.1506199502919,0.0078470361891,0.1694129126304,0.0256217314022,0.0,0.0,0.0,0.0,0.0,0.0,0.0,0.0,0,0,0,7fcd3cf6-6179-4ded-abc8-3cc69563e7d6,0,0,0
1,14,0.0,0.0,,,41.6777125819964,0.0061980815655,-29.3078728093406,0.0081648255935,0.2454463774918,0.0460492821668,0.0,0.0,0.0,0.0,0.0,0.0,0.0,0.0,0,0,0,838870e8-6990-4290-bd3a-3546ab32dbd3,0,0,0
1,15,0.0,0.0,,,40.4227096673797,0.0018114346032,-28.6067759405767,0.0021757472992,0.4644922531136,0.0355143209665,0.0,0.0,0.0,0.0,0.0,0.0,0.0,0.0,0,0,0,0624dae8-b709-49eb-a184-3124dfb91ca3,0,0,0
1,22,0.0,0.0,,,39.6545199366505,0.003152960904,-27.8619542190547,0.0033923786613,0.3010830237408,0.0293884636627,0.0,0.0,0.0,0.0,0.0,0.0,0.0,0.0,0,0,0,9c494fc3-73ad-45d8-9583-284e5b8eaaee,0,0,0
1,23,0.0,0.0,,,37.2059484065964,0.0025054634163,-29.8731620783188,0.0031365379073,0.4158881451122,0.029905878373,0.0,0.0,0.0,0.0,0.0,0.0,0.0,0.0,0,0,0,90b31f59-4970-4fd6-929f-eb17128a970e,0,0,0
1,28,0.0,0.0,,,40.5468928169232,0.000823308156,-27.8555438000871,0.0009944304615,1.5220634295098,0.0373331135869,0.0,0.0,0.0,0.0,0.0,0.0,0.0,0.0,0,0,0,6d59a8e0-1e3a-4dc6-a203-e4fafa418433,0,0,0
1,38,0.0,0.0,,,37.1178451127316,0.0019360960098,-29.8028550504012,0.00230257893,0.5145775204728,0.0240885632191,0.0,0.0,0.0,0.0,0.0,0.0,0.0,0.0,0,0,0,e04a6a02-a5e5-4433-8ca3-34926b59ddf7,0,0,0
1,41,0.0,0.0,,,39.6577554583396,0.0042002613145,-27.8310650087128,0.0054859735571,0.2948621877339,0.0317528000663,0.0,0.0,0.0,0.0,0.0,0.0,0.0,0.0,0,0,0,b9905002-a802-49f3-a1a7-7f4ed48ad67e,0,0,0
1,42,0.0,0.0,,,38.5833715586623,0.0066066912727,-26.9925830789595,0.0076507451239,0.2199748925839,0.0273228935322,0.0,0.0,0.0,0.0,0.0,0.0,0.0,0.0,0,0,0,a92b5787-b0c1-4a04-ab19-88555f9ee055,0,0,0
1,44,0.0,0.0,,,40.4691706396983,0.00189337663,-28.5953553304251,0.0020686926653,0.4411130837194,0.0362209178651,0.0,0.0,0.0,0.0,0.0,0.0,0.0,0.0,0,0,0,45c376fc-90a1-4157-a9dc-fe5f0d8712e7,0,0,0
1,53,0.0,0.0,,,41.6651137838827,0.0076132787574,-29.2301854243749,0.0080003484055,0.2483388685201,0.0472237643079,0.0,0.0,0.0,0.0,0.0,0.0,0.0,0.0,0,0,0,1df9a10f-0432-4940-87f7-1eb0d80676aa,0,0,0
1,63,0.0,0.0,,,38.6686859084268,0.0077707024236,-27.0777333845878,0.0066510268227,0.1873511390748,0.0279586418267,0.0,0.0,0.0,0.0,0.0,0.0,0.0,0.0,0,0,0,208e3c40-9c2e-47f3-8091-f3d97117e877,0,0,0
1,75,0.0,0.0,,,37.6603763009697,0.0058553755877,-26.9742565907852,0.0072671525907,0.1826559406796,0.0250023079335,0.0,0.0,0.0,0.0,0.0,0.0,0.0,0.0,0,0,0,43660749-704f-4995-843d-36bc680b8cd7,0,0,0
1,83,0.0,0.0,,,37.7634722323073,0.0008118202043,-26.9397816813856,0.0010995648134,1.0583376944531,0.0292736509188,0.0,0.0,0.0,0.0,0.0,0.0,0.0,0.0,0,0,0,944ccf51-1cdb-47db-b8d7-e2dc6aea5f05,0,0,0
1,84,0.0,0.0,,,36.995835720964,0.0004735536767,-29.1049966104304,0.0006036531535,1.9285762003144,0.0276487374414,0.0,0.0,0.0,0.0,0.0,0.0,0.0,0.0,0,0,0,b85140c7-35f3-4fbc-b0e1-c863671b5869,0,0,0
1,86,0.0,0.0,,,40.3473401940655,0.0018076390424,-28.6408604857312,0.0021408334861,0.7459531606284,0.0375638693508,0.0,0.0,0.0,0.0,0.0,0.0,0.0,0.0,0,0,0,f80677cc-b0e8-4e2b-b92e-d800776d1ca3,0,0,0
