island,source,background,local_rms,ra_str,dec_str,ra,err_ra,dec,err_dec,peak_flux,err_peak_flux,int_flux,err_int_flux,a,err_a,b,err_b,pa,err_pa,flags,residual_mean,residual_std,uuid,psf_a,psf_b,psf_pa
0,2,0.0,0.0,,,40.1054107106807,0.0043627610688,-26.9601886512853,0.00558881961,0.2124578245248,0.0315281621374,0.0,0.0,0.0,0.0,0.0,0.0,0.0,0.0,0,0,0,4be7262e-7acf-4b91-8c64-2361e038f15e,0,0,0
0,10,0.0,0.0,,,38.606530076633,0.0018143095183,-27.3520786804561,0.002174217802,0.5391554682723,0.0270661027437,0.0,0.0,0.0,0.0,0.0,0.0,0.0,0.0,0,0,0,5f776010-e9a7-492c-9503-2c0db2dff6ae,0,0,0
0,12,0.0,0.0,,,42.8376328839464,0.0035174326819,-29.786438711313,0.0043149004251,0.5165425633036,0.0496100411962,0.0,0.0,0.0,0.0,0.0,0.0,0.0,0.0,0,0,0,7bef6709-dc61-4a77-8f59-6e5089a87d5f,0,0,0
0,13,0.0,0.0,,,39.2493938066679,0.0010304377704,-28.4822119765379,0.0015129575334,1.0109698790796,0.0326702222456,0.0,0.0,0.0,0.0,0.0,0.0,0.0,0.0,0,0,0,b9baeed0-17d1-40c7-ae8d-be4fc08ee170,0,0,0
0,15,0.0,0.0,,,37.324607818541,0.0026822646421,-28.7661247597322,0.003392183348,0.3499057776826,0.0307393450009,0.0,0.0,0.0,0.0,0.0,0.0,0.0,0.0,0,0,0,32bb9f85-8861-4526-873f-d352186948a4,0,0,0
0,19,0.0,0.0,,,40.3656579194839,0.0018799918038,-28.7184198718753,0.0021013771914,0.7359748168077,0.0369119606432,0.0,0.0,0.0,0.0,0.0,0.0,0.0,0.0,0,0,0,b37d09c6-4b23-4aa3-89fa-dca671f1e345,0,0,0
0,20,0.0,0.0,,,37.7939500859014,0.000839518981,-26.8319872833675,0.0010513385854,1.061660657134,0.0292543910481,0.0,0.0,0.0,0.0,0.0,0.0,0.0,0.0,0,0,0,22d907c3-e74d-48b1-86eb-9474e1636cdf,0,0,0
0,23,0.0,0.0,,,40.4226418881255,0.0018615522464,-28.6424672504199,0.0021806050501,0.5303065770733,0.0403861533334,0.0,0.0,0.0,0.0,0.0,0.0,0.0,0.0,0,0,0,b77e3959-0dd8-4a28-bda1-dd26bbeca22c,0,0,0
0,24,0.0,0.0,,,38.695695777156,0.007768147871,-27.0627050532365,0.0063985387979,0.1998199258342,0.0285491653884,0.0,0.0,0.0,0.0,0.0,0.0,0.0,0.0,0,0,0,0a915357-6958-463b-add7-566b6babed04,0,0,0
0,26,0.0,0.0,,,40.8132042557603,0.0019156959149,-27.502433590623,0.0020321605092,0.7861676786199,0.0373509580769,0.0,0.0,0.0,0.0,0.0,0.0,0.0,0.0,0,0,0,935b3503-6765-497b-a21e-fff9736d92c9,0,0,0
0,35,0.0,0.0,,,41.6297199239833,0.0062195292017,-29.3021348697426,0.0084861120278,0.2652718806358,0.0397052359698,0.0,0.0,0.0,0.0,0.0,0.0,0.0,0.0,0,0,0,0bf3f512-e8b3-49d6-b440-8fad81168b4c,0,0,0
0,40,0.0,0.0,,,37.9203807373475,0.0021773332826,-28.7215275453357,0.0025499577982,0.4483431168921,0.0292164130593,0.0,0.0,0.0,0.0,0.0,0.0,0.0,0.0,0,0,0,cb96f2b7-a41e-4147-8245-c1672b1c092b,0,0,0
0,47,0.0,0.0,,,37.074583986374,0.0004720327743,-29.0491627244383,0.0005977438313,1.8966438989967,0.0281444430869,0.0,0.0,0.0,0.0,0.0,0.0,0.0,0.0,0,0,0,ff02f4c3-3633-413d-8a52-6d47101935c9,0,0,0
0,51,0.0,0.0,,,37.1359375350412,0.0018073181113,-29.6522636644608,0.0022030088741,0.5154203167801,0.0277002911061,0.0,0.0,0.0,0.0,0.0,0.0,0.0,0.0,0,0,0,70eab871-f83b-46dc-b207-022859a88773,0,0,0
0,52,0.0,0.0,,,41.9846096007851,0.0007654877067,-29.5057473297205,0.0008468593963,2.1892044139145,0.0417555065008,0.0,0.0,0.0,0.0,0.0,0.0,0.0,0.0,0,0,0,163d188f-a3f9-4df3-9220-09616c753d03,0,0,0
0,53,0.0,0.0,,,37.7026887784967,0.0056975637458,-27.0385147034779,0.0081373754907,0.1299474019033,0.0289350586229,0.0,0.0,0.0,0.0,0.0,0.0,0.0,0.0,0,0,0,41d682e8-7320-43cd-9689-8f6f62878636,0,0,0
0,55,0.0,0.0,,,37.6640026324771,0.0037257223839,-26.1355633433417,0.0037171910706,0.3372600208176,0.02816205264,0.0,0.0,0.0,0.0,0.0,0.0,0.0,0.0,0,0,0,8d9ea1a3-a835-4aa9-9db5-a7d7ff185051,0,0,0
0,56,0.0,0.0,,,38.7034280002561,0.0018580738136,-29.6483343513647,0.0019869616136,0.7096294819552,0.0311940431677,0.0,0.0,0.0,0.0,0.0,0.0,0.0,0.0,0,0,0,adb90560-9455-4959-a8d6-73823b5125a0,0,0,0
0,59,0.0,0.0,,,38.2847760598729,0.004304584848,-26.8812309924866,0.0061812978625,0.217437861331,0.0289384132439,0.0,0.0,0.0,0.0,0.0,0.0,0.0,0.0,0,0,0,01d5bd82-999e-4fa9-80f6-b7f63e82db8b,0,0,0
0,62,0.0,0.0,,,39.5461103655797,0.0030031616491,-27.9188389504004,0.0035238141864,0.3735173367228,0.0313089198253,0.0,0.0,0.0,0.0,0.0,0.0,0.0,0.0,0,0,0,79411e1d-4185-4ca4-94a8-4de7d1a0f12b,0,0,0
0,64,0.0,0.0,,,42.854930309517,0.0019069636311,-26.1692775053102,0.0022457332726,0.9384905695413,0.0506050152427,0.0,0.0,0.0,0.0,0.0,0.0,0.0,0.0,0,0,0,539d5f3b-1b9e-45ee-aff8-d0c78eec6870,0,0,0
0,67,0.0,0.0,,,37.6607171609663,0.0054871394746,-27.2029929013959,0.0079141090647,0.1157221163218,0.0265734742856,0.0,0.0,0.0,0.0,0.0,0.0,0.0,0.0,0,0,0,9d9eb6c2-78a5-441d-81ff-c76ad0d81ef2,0,0,0
0,68,0.0,0.0,,,38.5267981379276,0.0065668664337,-26.9775152116885,0.0076629819342,0.1603699027351,0.0276429219369,0.0,0.0,0.0,0.0,0.0,0.0,0.0,0.0,0,0,0,d4e735f9-5a7c-40e0-8dd7-391f7fc71b78,0,0,0
0,69,0.0,0.0,,,40.5672487698897,0.0008303035788,-27.966447782434,0.0009492243819,1.5593297452747,0.0341275391974,0.0,0.0,0.0,0.0,0.0,0.0,0.0,0.0,0,0,0,3f6612d6-bd09-4073-bea6-61de7ba3f845,0,0,0
0,73,0.0,0.0,,,40.4292641185747,0.0018179599247,-28.6603736561224,0.0021243735987,0.4786661007907,0.0375352424376,0.0,0.0,0.0,0.0,0.0,0.0,0.0,0.0,0,0,0,3bb25474-c4e5-4bb3-82c9-3915c81754de,0,0,0
0,79,0.0,0.0,,,37.9128697178826,0.0023952859993,-28.1641735836155,0.0026262786472,0.4274998325362,0.0279740969042,0.0,0.0,0.0,0.0,0.0,0.0,0.0,0.0,0,0,0,855f4ad7-3550-49c6-86a2-0fe36bb97eee,0,0,0
0,86,0.0,0.0,,,41.7441655221303,0.0073704326062,-29.2995530815745,0.0072244540468,0.2379924061126,0.0440407288778,0.0,0.0,0.0,0.0,0.0,0.0,0.0,0.0,0,0,0,a333811e-169c-4230-aaff-ba407ed0eda7,0,0,0
0,92,0.0,0.0,,,39.6972862959448,0.0043483237754,-27.8366705563808,0.0054586089297,0.3375812935567,0.0312268061961,0.0,0.0,0.0,0.0,0.0,0.0,0.0,0.0,0,0,0,a86b5757-2cfb-4a1f-a803-2e026d054409,0,0,0
0,93,0.0,0.0,,,37.1759478419472,0.0025045418117,-29.8179739580082,0.0030380689087,0.3996795746851,0.0286982818214,0.0,0.0,0.0,0.0,0.0,0.0,0.0,0.0,0,0,0,c8738c74-3da1-4d7b-b3cf-6d73737f1f3b,0,0,0
0,99,0.0,0.0,,,40.852897975698,0.0011924590507,-29.6180817364284,0.0013834432716,1.0639105072521,0.0381675643962,0.0,0.0,0.0,0.0,0.0,0.0,0.0,0.0,0,0,0,98e665de-9ae1-42e6-8f18-7ed6befe4b90,0,0,0
1,4,0.0,0.0,,,38.1954900116917,0.0045048488052,-27.0455224023779,0.0061874972821,0.2239270701936,0.0285998619805,0.0,0.0,0.0,0.0,0.0,0.0,0.0,0.0,0,0,0,4f82daf9-559b-4bd6-96b3-7852ab082493,0,0,0
1,5,0.0,0.0,,,37.6435593865733,0.0059746566895,-27.1506199502919,0.0078470361891,0.1694129126304,0.0256217314022,0.0,0.0,0.0,0.0,0.0,0.0,0.0,0.0,0,0,0,98151407-b619-40d8-8a25-189759cd71cb,0,0,0
1,9,0.0,0.0,,,37.7204482332781,0.0032981836988,-26.0211030673967,0.0035872292817,0.3396836485902,0.0235100796668,0.0,0.0,0.0,0.0,0.0,0.0,0.0,0.0,0,0,0,41203f04-2d57-45fd-b316-d2f2471ba986,0,0,0
1,14,0.0,0.0,,,41.6777125819964,0.0061980815655,-29.3078728093406,0.0081648255935,0.2454463774918,0.0460492821668,0.0,0.0,0.0,0.0,0.0,0.0,0.0,0.0,0,0,0,b89a2975-5955-4d5d-89e0-84e0483db55b,0,0,0
1,15,0.0,0.0,,,40.4227096673797,0.0018114346032,-28.6067759405767,0.0021757472992,0.4644922531136,0.0355143209665,0.0,0.0,0.0,0.0,0.0,0.0,0.0,0.0,0,0,0,8c8727de-e846-4d46-be55-e7b5072e43f9,0,0,0
1,22,0.0,0.0,,,39.6545199366505,0.003152960904,-27.8619542190547,0.0033923786613,0.3010830237408,0.0293884636627,0.0,0.0,0.0,0.0,0.0,0.0,0.0,0.0,0,0,0,bcd77a38-6b94-4974-a64d-171eba08eb1f,0,0,0
1,23,0.0,0.0,,,37.2059484065964,0.0025054634163,-29.8731620783188,0.0031365379073,0.4158881451122,0.029905878373,0.0,0.0,0.0,0.0,0.0,0.0,0.0,0.0,0,0,0,6bae98d1-5441-4c4d-bebf-6f03fadf607e,0,0,0
1,25,0.0,0.0,,,37.8524817301844,0.0021973829275,-28.6038278239236,0.0025449468965,0.4681881793858,0.0276990297485,0.0,0.0,0.0,0.0,0.0,0.0,0.0,0.0,0,0,0,cf90df96-c3be-4adc-8998-46d53f651ef0,0,0,0
1,27,0.0,0.0,,,38.5789445413772,0.0017920689173,-27.2584629597326,0.0022950404935,0.5142650350935,0.0294574075728,0.0,0.0,0.0,0.0,0.0,0.0,0.0,0.0,0,0,0,e701aab9-db37-4b65-8bc3-65c8944b29c7,0,0,0
1,28,0.0,0.0,,,40.5468928169232,0.000823308156,-27.8555438000871,0.0009944304615,1.5220634295098,0.0373331135869,0.0,0.0,0.0,0.0,0.0,0.0,0.0,0.0,0,0,0,922c4021-5c3a-4c1a-ba4b-2fa8ccc0d703,0,0,0
1,29,0.0,0.0,,,40.6920520304832,0.0019199620484,-27.5221423507074,0.0020017324034,0.830407899705,0.0385379008115,0.0,0.0,0.0,0.0,0.0,0.0,0.0,0.0,0,0,0,8359e8b5-7f95-4c8e-9e31-d80629b5b57b,0,0,0
1,30,0.0,0.0,,,42.8999967054414,0.0018810588738,-26.0896794175485,0.0021553286504,0.9383100531436,0.0516328097329,0.0,0.0,0.0,0.0,0.0,0.0,0.0,0.0,0,0,0,34f0a4f9-d558-4d80-8f28-f883bae58216,0,0,0
1,31,0.0,0.0,,,42.0475674258641,0.0007618933399,-29.4455141744234,0.0008392453667,2.3015952836291,0.043694938272,0.0,0.0,0.0,0.0,0.0,0.0,0.0,0.0,0,0,0,05d7e44f-146c-41d6-ba8a-96ad19b1a8f4,0,0,0
1,38,0.0,0.0,,,37.1178451127316,0.0019360960098,-29.8028550504012,0.00230257893,0.5145775204728,0.0240885632191,0.0,0.0,0.0,0.0,0.0,0.0,0.0,0.0,0,0,0,dea37a8a-a2c9-45cb-a89b-d4df74a9621a,0,0,0
1,40,0.0,0.0,,,40.1081875930559,0.0044215565979,-26.7987709617282,0.0057574424736,0.293884804415,0.0312577461255,0.0,0.0,0.0,0.0,0.0,0.0,0.0,0.0,0,0,0,5a70063c-83b8-47c7-ab2d-5a1efdb02014,0,0,0
1,41,0.0,0.0,,,39.6577554583396,0.0042002613145,-27.8310650087128,0.0054859735571,0.2948621877339,0.0317528000663,0.0,0.0,0.0,0.0,0.0,0.0,0.0,0.0,0,0,0,5119f0c5-aba1-4a42-a436-434842039e24,0,0,0
1,42,0.0,0.0,,,38.5833715586623,0.0066066912727,-26.9925830789595,0.0076507451239,0.2199748925839,0.0273228935322,0.0,0.0,0.0,0.0,0.0,0.0,0.0,0.0,0,0,0,53fd2968-39d6-49a5-9068-a7bdba57135d,0,0,0
1,44,0.0,0.0,,,40.4691706396983,0.00189337663,-28.5953553304251,0.0020686926653,0.4411130837194,0.0362209178651,0.0,0.0,0.0,0.0,0.0,0.0,0.0,0.0,0,0,0,851f247c-87dd-493d-80b7-428114faf13a,0,0,0
1,47,0.0,0.0,,,42.9228102222276,0.0033968648453,-29.6886628246987,0.0042434414752,0.5606246013429,0.0531992667422,0.0,0.0,0.0,0.0,0.0,0.0,0.0,0.0,0,0,0,b622bbc7-d747-4328-8bd5-7ad432a20bca,0,0,0
1,48,0.0,0.0,,,39.3258894601056,0.0010694238923,-28.5561435693062,0.0015356599207,0.9911833080104,0.0297697674394,0.0,0.0,0.0,0.0,0.0,0.0,0.0,0.0,0,0,0,4e993464-fd7b-40c7-bc1a-d3d41e7ae2cb,0,0,0
1,50,0.0,0.0,,,40.9724663510005,0.0011483213987,-29.6045990050848,0.0014232657573,1.1336928973677,0.0380942320027,0.0,0.0,0.0,0.0,0.0,0.0,0.0,0.0,0,0,0,aed2711a-fb97-4402-8049-cb2e3a3a0bbd,0,0,0
1,53,0.0,0.0,,,41.6651137838827,0.0076132787574,-29.2301854243749,0.0080003484055,0.2483388685201,0.0472237643079,0.0,0.0,0.0,0.0,0.0,0.0,0.0,0.0,0,0,0,2c82157e-9f53-4519-95d2-7ac9d528ced6,0,0,0
1,63,0.0,0.0,,,38.6686859084268,0.0077707024236,-27.0777333845878,0.0066510268227,0.1873511390748,0.0279586418267,0.0,0.0,0.0,0.0,0.0,0.0,0.0,0.0,0,0,0,8c24a9af-51d3-4b22-891f-b48a2cadc3a0,0,0,0
1,67,0.0,0.0,,,37.4121399715799,0.0027620781167,-28.8682739673423,0.0034576960549,0.4034532365018,0.0295562470919,0.0,0.0,0.0,0.0,0.0,0.0,0.0,0.0,0,0,0,8660f587-1207-4514-902f-80bcb15e14ed,0,0,0
1,72,0.0,0.0,,,38.8335362736153,0.0018237558448,-29.5995550842307,0.0020054860953,0.6778759847742,0.0314718480936,0.0,0.0,0.0,0.0,0.0,0.0,0.0,0.0,0,0,0,d7eb792e-f37a-4e01-9fa1-0540cc00dd38,0,0,0
1,75,0.0,0.0,,,37.6603763009697,0.0058553755877,-26.9742565907852,0.0072671525907,0.1826559406796,0.0250023079335,0.0,0.0,0.0,0.0,0.0,0.0,0.0,0.0,0,0,0,56f1bab8-6c3c-4029-b62a-2df9a3f1bf44,0,0,0
1,78,0.0,0.0,,,37.8588534459148,0.002391860345,-28.2543021490453,0.0027459579529,0.3840295997583,0.0305862086346,0.0,0.0,0.0,0.0,0.0,0.0,0.0,0.0,0,0,0,3f5b2fab-7956-4c90-ad12-59b0afe6a2c9,0,0,0
1,83,0.0,0.0,,,37.7634722323073,0.0008118202043,-26.9397816813856,0.0010995648134,1.0583376944531,0.0292736509188,0.0,0.0,0.0,0.0,0.0,0.0,0.0,0.0,0,0,0,ba2967e8-d6fd-4949-b775-c37f680ba5b8,0,0,0
1,84,0.0,0.0,,,36.995835720964,0.0004735536767,-29.1049966104304,0.0006036531535,1.9285762003144,0.0276487374414,0.0,0.0,0.0,0.0,0.0,0.0,0.0,0.0,0,0,0,a5761cc6-e52c-4b4d-8215-55c4f8d3475a,0,0,0
1,86,0.0,0.0,,,40.3473401940655,0.0018076390424,-28.6408604857312,0.0021408334861,0.7459531606284,0.0375638693508,0.0,0.0,0.0,0.0,0.0,0.0,0.0,0.0,0,0,0,b0657d64-a71b-464d-9f5b-5f1eed1ebe78,0,0,0
