island,source,background,local_rms,ra_str,dec_str,ra,err_ra,dec,err_dec,peak_flux,err_peak_flux,int_flux,err_int_flux,a,err_a,b,err_b,pa,err_pa,flags,residual_mean,residual_std,uuid,psf_a,psf_b,psf_pa
0,0,0.0,0.0,,,40.4413388243949,0.0028537735421,-28.447086970904,0.0039964586118,0.3950425072948,0.0335936783903,0.0,0.0,0.0,0.0,0.0,0.0,0.0,0.0,0,0,0,3569d6c8-bdf9-474c-8da2-850329f2de17,0,0,0
0,4,0.0,0.0,,,38.5875399829992,0.0015091005273,-27.4228243788039,0.0020312863121,0.6350478139444,0.0298182867701,0.0,0.0,0.0,0.0,0.0,0.0,0.0,0.0,0,0,0,2ab9bd13-6b1a-464b-b452-871dede18ab6,0,0,0
0,5,0.0,0.0,,,41.536591783256,0.0035753747533,-27.5812130371698,0.0034685541728,0.4442532398922,0.0414912597254,0.0,0.0,0.0,0.0,0.0,0.0,0.0,0.0,0,0,0,ba81f0e4-81a0-4ef2-acf5-8d35b2cc3b48,0,0,0
0,10,0.0,0.0,,,38.606530076633,0.0018143095183,-27.3520786804561,0.002174217802,0.5391554682723,0.0270661027437,0.0,0.0,0.0,0.0,0.0,0.0,0.0,0.0,0,0,0,b214afb2-fbcd-4178-883a-7e12c3e9a0a4,0,0,0
0,11,0.0,0.0,,,41.3770425035687,0.0032059367658,-26.4495918047476,0.0041685431458,0.3559855704933,0.0356769857268,0.0,0.0,0.0,0.0,0.0,0.0,0.0,0.0,0,0,0,57c275e5-bb89-4c7f-afe1-304c84f9152c,0,0,0
0,14,0.0,0.0,,,39.7107999067913,0.0020157027135,-27.5700056467824,0.002365496761,0.5345021810405,0.0297738476949,0.0,0.0,0.0,0.0,0.0,0.0,0.0,0.0,0,0,0,38728b3a-cd03-4139-981d-dcd527b7fba2,0,0,0
0,19,0.0,0.0,,,40.3656579194839,0.0018799918038,-28.7184198718753,0.0021013771914,0.7359748168077,0.0369119606432,0.0,0.0,0.0,0.0,0.0,0.0,0.0,0.0,0,0,0,37ac680c-0f7b-4eae-8604-5afb9525aaa4,0,0,0
0,23,0.0,0.0,,,40.4226418881255,0.0018615522464,-28.6424672504199,0.0021806050501,0.5303065770733,0.0403861533334,0.0,0.0,0.0,0.0,0.0,0.0,0.0,0.0,0,0,0,52f2bc62-fec6-449e-ab71-c61922cfeeac,0,0,0
0,24,0.0,0.0,,,38.695695777156,0.007768147871,-27.0627050532365,0.0063985387979,0.1998199258342,0.0285491653884,0.0,0.0,0.0,0.0,0.0,0.0,0.0,0.0,0,0,0,d6e9cf35-35aa-4cb7-ac45-4c3e329ac532,0,0,0
0,26,0.0,0.0,,,40.8132042557603,0.0019156959149,-27.502433590623,0.0020321605092,0.7861676786199,0.0373509580769,0.0,0.0,0.0,0.0,0.0,0.0,0.0,0.0,0,0,0,a2992e5d-f90a-44e8-aecc-9f8068fffba2,0,0,0
0,28,0.0,0.0,,,40.4793453302606,0.003261567868,-26.4752032606311,0.0049650188082,0.2458711917228,0.0347216787723,0.0,0.0,0.0,0.0,0.0,0.0,0.0,0.0,0,0,0,f350459b-b44c-4dc3-858b-6d4b03f946df,0,0,0
0,34,0.0,0.0,,,41.780543849337,0.0043524316442,-27.5332625419452,0.0143100352903,0.1588633792579,0.0393454585036,0.0,0.0,0.0,0.0,0.0,0.0,0.0,0.0,0,0,0,5bd90b68-1f28-49a9-8266-27366c7080de,0,0,0
0,35,0.0,0.0,,,41.6297199239833,0.0062195292017,-29.3021348697426,0.0084861120278,0.2652718806358,0.0397052359698,0.0,0.0,0.0,0.0,0.0,0.0,0.0,0.0,0,0,0,a8e10098-170b-4599-a4b0-4cdfe9d0eb1f,0,0,0
0,36,0.0,0.0,,,39.7359502275409,0.001411262751,-27.4589223130151,0.0017702226892,0.7273986529041,0.0307120608306,0.0,0.0,0.0,0.0,0.0,0.0,0.0,0.0,0,0,0,69afff01-75dd-4e4c-984f-578a0d3a4dbc,0,0,0
0,44,0.0,0.0,,,41.2917462982219,0.0030483000378,-29.695619325214,0.0034358199296,0.4838425372148,0.0407308707537,0.0,0.0,0.0,0.0,0.0,0.0,0.0,0.0,0,0,0,f40d87b3-a7af-400f-b799-12504b79ff0a,0,0,0
0,51,0.0,0.0,,,37.1359375350412,0.0018073181113,-29.6522636644608,0.0022030088741,0.5154203167801,0.0277002911061,0.0,0.0,0.0,0.0,0.0,0.0,0.0,0.0,0,0,0,9b2fa676-eefd-43b7-8d4e-52574d0213ec,0,0,0
0,53,0.0,0.0,,,37.7026887784967,0.0056975637458,-27.0385147034779,0.0081373754907,0.1299474019033,0.0289350586229,0.0,0.0,0.0,0.0,0.0,0.0,0.0,0.0,0,0,0,5750980c-64f1-4404-a6a0-8a6ea75196c0,0,0,0
0,57,0.0,0.0,,,42.1096788099093,0.0046997475723,-27.8767548889947,0.007967107716,0.2985566188213,0.0460116731998,0.0,0.0,0.0,0.0,0.0,0.0,0.0,0.0,0,0,0,f2fcea50-4df0-4413-83e8-fb5ce358ace6,0,0,0
0,62,0.0,0.0,,,39.5461103655797,0.0030031616491,-27.9188389504004,0.0035238141864,0.3735173367228,0.0313089198253,0.0,0.0,0.0,0.0,0.0,0.0,0.0,0.0,0,0,0,34733815-ddc1-40c9-a18d-265061f38a74,0,0,0
0,63,0.0,0.0,,,40.3915194772685,0.0023697875135,-26.4361857674377,0.0044894158312,0.4631970728531,0.0329176125111,0.0,0.0,0.0,0.0,0.0,0.0,0.0,0.0,0,0,0,cd86d21c-18d5-455c-8f00-5eea987b801b,0,0,0
0,67,0.0,0.0,,,37.6607171609663,0.0054871394746,-27.2029929013959,0.0079141090647,0.1157221163218,0.0265734742856,0.0,0.0,0.0,0.0,0.0,0.0,0.0,0.0,0,0,0,3b3e7989-6272-4419-875e-d6f2498f4532,0,0,0
0,68,0.0,0.0,,,38.5267981379276,0.0065668664337,-26.9775152116885,0.0076629819342,0.1603699027351,0.0276429219369,0.0,0.0,0.0,0.0,0.0,0.0,0.0,0.0,0,0,0,9ddb7173-4228-46f2-b8c4-7dbd502fe285,0,0,0
0,70,0.0,0.0,,,40.1855346591179,0.002860892396,-28.3332558295687,0.0033577160739,0.4639053241122,0.0330875612959,0.0,0.0,0.0,0.0,0.0,0.0,0.0,0.0,0,0,0,467c2729-49cb-4a8c-8756-6f6365ce07f5,0,0,0
0,73,0.0,0.0,,,40.4292641185747,0.0018179599247,-28.6603736561224,0.0021243735987,0.4786661007907,0.0375352424376,0.0,0.0,0.0,0.0,0.0,0.0,0.0,0.0,0,0,0,a3ce6afa-0947-456b-a7ad-3d182cadc32f,0,0,0
0,77,0.0,0.0,,,41.3651502435991,0.0046636299607,-26.2502062488796,0.0056467336797,0.3051597506668,0.0344969888296,0.0,0.0,0.0,0.0,0.0,0.0,0.0,0.0,0,0,0,17b9cc38-2a6f-4fef-872d-bcd1768eeff9,0,0,0
0,84,0.0,0.0,,,41.8290131361626,0.0055763260766,-27.7378562742297,0.009034046817,0.2059926461165,0.0468737119208,0.0,0.0,0.0,0.0,0.0,0.0,0.0,0.0,0,0,0,e01f888d-5e2f-4048-b75c-8238c815ce14,0,0,0
0,86,0.0,0.0,,,41.7441655221303,0.0073704326062,-29.2995530815745,0.0072244540468,0.2379924061126,0.0440407288778,0.0,0.0,0.0,0.0,0.0,0.0,0.0,0.0,0,0,0,968c085e-eef0-4ab9-a59d-83829b4916ad,0,0,0
0,87,0.0,0.0,,,41.3919030305328,0.0030723812287,-29.6452773074632,0.0044683643787,0.4344381447211,0.0439043187973,0.0,0.0,0.0,0.0,0.0,0.0,0.0,0.0,0,0,0,94384301-2302-47b7-bf43-7982303388ea,0,0,0
0,92,0.0,0.0,,,39.6972862959448,0.0043483237754,-27.8366705563808,0.0054586089297,0.3375812935567,0.0312268061961,0.0,0.0,0.0,0.0,0.0,0.0,0.0,0.0,0,0,0,9754b0c8-d15d-43a2-aec6-aafb1f4333aa,0,0,0
0,93,0.0,0.0,,,37.1759478419472,0.0025045418117,-29.8179739580082,0.0030380689087,0.3996795746851,0.0286982818214,0.0,0.0,0.0,0.0,0.0,0.0,0.0,0.0,0,0,0,c93a9cdd-9da1-47a8-adc2-3fff466d4545,0,0,0
0,95,0.0,0.0,,,38.3251699873073,0.0008407848224,-29.8587876146294,0.0011232024408,1.1169376032387,0.0305834406504,0.0,0.0,0.0,0.0,0.0,0.0,0.0,0.0,0,0,0,e836d86f-079c-4b8f-83c8-48e4935517b0,0,0,0
1,0,0.0,0.0,,,39.7136977357456,0.0014527692052,-27.4399377695955,0.0018263805043,0.6779237179796,0.0329858485618,0.0,0.0,0.0,0.0,0.0,0.0,0.0,0.0,0,0,0,e92f1cd9-6c6d-4221-a33d-dec6d672fdca,0,0,0
1,2,0.0,0.0,,,41.5738447951479,0.0034733946286,-27.5237585314126,0.0037033722263,0.424864672431,0.0432397428633,0.0,0.0,0.0,0.0,0.0,0.0,0.0,0.0,0,0,0,f42f63ef-e85e-4774-bc6e-8c54778527d4,0,0,0
1,5,0.0,0.0,,,37.6435593865733,0.0059746566895,-27.1506199502919,0.0078470361891,0.1694129126304,0.0256217314022,0.0,0.0,0.0,0.0,0.0,0.0,0.0,0.0,0,0,0,4eeec95b-185c-4d40-a773-cca3ee1384dc,0,0,0
1,7,0.0,0.0,,,42.00965072683,0.0048834698793,-27.8458335641878,0.0078687360229,0.3651102194648,0.0463074541603,0.0,0.0,0.0,0.0,0.0,0.0,0.0,0.0,0,0,0,c6cd353e-eb56-4cd1-b59c-a022e0036acf,0,0,0
1,11,0.0,0.0,,,38.2789032404454,0.0008208053847,-29.844801441487,0.0011051896482,1.1333752631421,0.0313011714284,0.0,0.0,0.0,0.0,0.0,0.0,0.0,0.0,0,0,0,4dc711c4-cfcd-46b9-992d-f1a826798ac6,0,0,0
1,14,0.0,0.0,,,41.6777125819964,0.0061980815655,-29.3078728093406,0.0081648255935,0.2454463774918,0.0460492821668,0.0,0.0,0.0,0.0,0.0,0.0,0.0,0.0,0,0,0,198685ac-533c-4929-83c3-f4ec163154fb,0,0,0
1,15,0.0,0.0,,,40.4227096673797,0.0018114346032,-28.6067759405767,0.0021757472992,0.4644922531136,0.0355143209665,0.0,0.0,0.0,0.0,0.0,0.0,0.0,0.0,0,0,0,66c9e905-7903-4cf7-8538-aca6a83acb97,0,0,0
1,17,0.0,0.0,,,40.3609779058838,0.002723844025,-28.4324987989399,0.0037819264829,0.3947077969714,0.0355947386472,0.0,0.0,0.0,0.0,0.0,0.0,0.0,0.0,0,0,0,c17e8074-a5be-4437-a459-273f3ee0e8eb,0,0,0
1,18,0.0,0.0,,,41.320128111293,0.0031795584675,-29.7418223695565,0.0045102200063,0.4308265617238,0.0419098452537,0.0,0.0,0.0,0.0,0.0,0.0,0.0,0.0,0,0,0,d21f5f27-3d7a-4fd0-8242-dff3d726a897,0,0,0
1,20,0.0,0.0,,,40.4625893590615,0.0033307916222,-26.5163782126233,0.0054065259169,0.2981293698622,0.0348407898643,0.0,0.0,0.0,0.0,0.0,0.0,0.0,0.0,0,0,0,220ae8a3-9ecf-4f6b-a481-5ebccadd5b8e,0,0,0
1,22,0.0,0.0,,,39.6545199366505,0.003152960904,-27.8619542190547,0.0033923786613,0.3010830237408,0.0293884636627,0.0,0.0,0.0,0.0,0.0,0.0,0.0,0.0,0,0,0,986943aa-3608-4e2d-b911-660d179ee352,0,0,0
1,23,0.0,0.0,,,37.2059484065964,0.0025054634163,-29.8731620783188,0.0031365379073,0.4158881451122,0.029905878373,0.0,0.0,0.0,0.0,0.0,0.0,0.0,0.0,0,0,0,4a328da4-a83c-4258-a890-3f2d3bcdcea7,0,0,0
1,27,0.0,0.0,,,38.5789445413772,0.0017920689173,-27.2584629597326,0.0022950404935,0.5142650350935,0.0294574075728,0.0,0.0,0.0,0.0,0.0,0.0,0.0,0.0,0,0,0,0ede78d0-dd76-48f6-8048-8ef766e5706c,0,0,0
1,29,0.0,0.0,,,40.6920520304832,0.0019199620484,-27.5221423507074,0.0020017324034,0.830407899705,0.0385379008115,0.0,0.0,0.0,0.0,0.0,0.0,0.0,0.0,0,0,0,939aa75c-93de-4454-97e4-818e1effe643,0,0,0
1,36,0.0,0.0,,,39.7585837396243,0.0019605796403,-27.5406961437788,0.0023995216953,0.5078749405147,0.0315188014655,0.0,0.0,0.0,0.0,0.0,0.0,0.0,0.0,0,0,0,d5138680-c69f-4461-b648-3e675849d436,0,0,0
1,38,0.0,0.0,,,37.1178451127316,0.0019360960098,-29.8028550504012,0.00230257893,0.5145775204728,0.0240885632191,0.0,0.0,0.0,0.0,0.0,0.0,0.0,0.0,0,0,0,138482c6-2d94-4f2e-a62f-fbf81b1e510c,0,0,0
1,41,0.0,0.0,,,39.6577554583396,0.0042002613145,-27.8310650087128,0.0054859735571,0.2948621877339,0.0317528000663,0.0,0.0,0.0,0.0,0.0,0.0,0.0,0.0,0,0,0,d9523415-70d0-46e2-9ef1-faef59fb13b0,0,0,0
1,42,0.0,0.0,,,38.5833715586623,0.0066066912727,-26.9925830789595,0.0076507451239,0.2199748925839,0.0273228935322,0.0,0.0,0.0,0.0,0.0,0.0,0.0,0.0,0,0,0,f2326262-9755-4993-8102-fcfab5e0b409,0,0,0
1,44,0.0,0.0,,,40.4691706396983,0.00189337663,-28.5953553304251,0.0020686926653,0.4411130837194,0.0362209178651,0.0,0.0,0.0,0.0,0.0,0.0,0.0,0.0,0,0,0,475efb9a-98e0-4615-9ecd-c7759fad0d09,0,0,0
1,53,0.0,0.0,,,41.6651137838827,0.0076132787574,-29.2301854243749,0.0080003484055,0.2483388685201,0.0472237643079,0.0,0.0,0.0,0.0,0.0,0.0,0.0,0.0,0,0,0,e29e30ae-fc7c-4f43-b10f-5ab15d1960b2,0,0,0
1,54,0.0,0.0,,,41.2846584593365,0.0032931111684,-29.605532422536,0.0034262697123,0.4809948328856,0.0453207992305,0.0,0.0,0.0,0.0,0.0,0.0,0.0,0.0,0,0,0,9260e190-ac59-40ec-a47f-829818ca76ba,0,0,0
1,60,0.0,0.0,,,41.3814390717554,0.0033246920239,-26.3921411484147,0.0043423982913,0.3921046547163,0.0330692853677,0.0,0.0,0.0,0.0,0.0,0.0,0.0,0.0,0,0,0,7ef4890e-cf8f-40b5-9b5d-a3f126d8b0c7,0,0,0
1,63,0.0,0.0,,,38.6686859084268,0.0077707024236,-27.0777333845878,0.0066510268227,0.1873511390748,0.0279586418267,0.0,0.0,0.0,0.0,0.0,0.0,0.0,0.0,0,0,0,8407acc9-fdc7-4152-af2a-9a5e28ec2a54,0,0,0
1,65,0.0,0.0,,,40.3877590665398,0.002385860429,-26.3703558063741,0.0044300007501,0.3606672000614,0.0331136420079,0.0,0.0,0.0,0.0,0.0,0.0,0.0,0.0,0,0,0,c0c5888f-e852-491a-a683-ecc3a8ad2d71,0,0,0
1,68,0.0,0.0,,,41.7788364111276,0.0056130957185,-27.6825671042177,0.0090508542355,0.3640442212869,0.0433403936503,0.0,0.0,0.0,0.0,0.0,0.0,0.0,0.0,0,0,0,d8655c34-8333-4f45-81b3-08603de9e163,0,0,0
1,75,0.0,0.0,,,37.6603763009697,0.0058553755877,-26.9742565907852,0.0072671525907,0.1826559406796,0.0250023079335,0.0,0.0,0.0,0.0,0.0,0.0,0.0,0.0,0,0,0,8184c7dc-46b9-4c9c-b93b-3fb471bfbbf2,0,0,0
1,76,0.0,0.0,,,38.6198758436994,0.0014740040116,-27.4343378506101,0.0020454427384,0.6035320083665,0.0252005377954,0.0,0.0,0.0,0.0,0.0,0.0,0.0,0.0,0,0,0,1a27570c-a7b8-4537-8044-4733adb33899,0,0,0
1,80,0.0,0.0,,,41.7032269203135,0.0043467394214,-27.5056074136966,0.0147810730031,0.2798109444283,0.0420921378579,0.0,0.0,0.0,0.0,0.0,0.0,0.0,0.0,0,0,0,d49359b8-6429-48bd-8f27-59882dfaf03b,0,0,0
1,86,0.0,0.0,,,40.3473401940655,0.0018076390424,-28.6408604857312,0.0021408334861,0.7459531606284,0.0375638693508,0.0,0.0,0.0,0.0,0.0,0.0,0.0,0.0,0,0,0,5c1a627a-f1d5-4e9c-8570-5a158056faab,0,0,0
1,92,0.0,0.0,,,41.2585325593354,0.0048627986752,-26.3066992635091,0.0054106940744,0.3010568708056,0.0373434740943,0.0,0.0,0.0,0.0,0.0,0.0,0.0,0.0,0,0,0,a8e2c531-a2e2-4bd8-98b0-158211009746,0,0,0
1,100,0.0,0.0,,,40.280914703842,0.002879811576,-28.2840866280978,0.0031903505627,0.4550033045911,0.0360166229965,0.0,0.0,0.0,0.0,0.0,0.0,0.0,0.0,0,0,0,d9054e01-22a7-4f87-8029-0ec1c3f40f15,0,0,0
2,0,0.0,0.0,,,41.320791429393,0.0046861640714,-26.3318900476399,0.0053758960057,0.3088676136085,0.035106688523,0.0,0.0,0.0,0.0,0.0,0.0,0.0,0.0,0,0,0,e1d3da28-95da-4bd8-bc04-943182d3813c,0,0,0
2,1,0.0,0.0,,,40.3008092673643,0.0027618145925,-28.4132471743698,0.0037693726661,0.394361355931,0.0345054416773,0.0,0.0,0.0,0.0,0.0,0.0,0.0,0.0,0,0,0,34868751-afd1-4fb0-a51a-470d065d574c,0,0,0
2,6,0.0,0.0,,,37.6879707298145,0.0059184690816,-27.006213940146,0.0075086789105,0.1791628551537,0.0298321578509,0.0,0.0,0.0,0.0,0.0,0.0,0.0,0.0,0,0,0,e0abacb4-13f3-4202-a131-5b7dcd8f7924,0,0,0
2,8,0.0,0.0,,,40.5161253180648,0.00181623833,-28.6855576280176,0.0020358793771,0.4950427565737,0.0394630063409,0.0,0.0,0.0,0.0,0.0,0.0,0.0,0.0,0,0,0,09111525-b9c8-49c9-a149-cd6d01817d88,0,0,0
2,20,0.0,0.0,,,40.3020464142896,0.0027378196792,-28.345868084269,0.0033396255704,0.4160544878504,0.0352124974957,0.0,0.0,0.0,0.0,0.0,0.0,0.0,0.0,0,0,0,4dab8696-2005-4d3a-a2a4-19ccc9279492,0,0,0
2,21,0.0,0.0,,,41.5641077015385,0.0060282193255,-29.2667678292376,0.0083346118845,0.2962433985908,0.0409649237741,0.0,0.0,0.0,0.0,0.0,0.0,0.0,0.0,0,0,0,012b6ef0-1ff6-4d7d-8501-1c3350d95073,0,0,0
2,22,0.0,0.0,,,39.6924592659909,0.0030742134726,-27.8857090831272,0.0033444373364,0.3952880964748,0.0307072602242,0.0,0.0,0.0,0.0,0.0,0.0,0.0,0.0,0,0,0,0d742a66-779f-4e70-9ffe-4963fc4451a8,0,0,0
2,23,0.0,0.0,,,40.3722236313891,0.0018301139603,-28.7415425095971,0.0021244451114,0.5553758715629,0.0358749631502,0.0,0.0,0.0,0.0,0.0,0.0,0.0,0.0,0,0,0,ba158b96-b976-447c-913c-d458cf81d83b,0,0,0
2,24,0.0,0.0,,,38.6603017017702,0.007767032528,-27.072491518447,0.006408814461,0.1928486220457,0.0266037877117,0.0,0.0,0.0,0.0,0.0,0.0,0.0,0.0,0,0,0,12215f0f-9b0e-4a49-8abd-2d852daba222,0,0,0
2,25,0.0,0.0,,,39.5942165019615,0.001472749874,-27.4282349682558,0.0017827942696,0.7460885549916,0.0310065045286,0.0,0.0,0.0,0.0,0.0,0.0,0.0,0.0,0,0,0,39184838-37d4-4813-a5fe-dd645c1d2271,0,0,0
2,26,0.0,0.0,,,39.7496314632589,0.0042954716987,-27.8603914646239,0.0054701645375,0.2775501929984,0.0300674923737,0.0,0.0,0.0,0.0,0.0,0.0,0.0,0.0,0,0,0,80d24ac7-9e8f-4c95-a9f6-1843bbf5f235,0,0,0
2,30,0.0,0.0,,,38.2334362317785,0.0008108124332,-29.988216770445,0.0011035360574,1.1204123257608,0.0312625579587,0.0,0.0,0.0,0.0,0.0,0.0,0.0,0.0,0,0,0,f5d4cfe4-0eec-4409-a72c-0f0ac1ce2f84,0,0,0
2,32,0.0,0.0,,,41.5576682946875,0.0036275061624,-27.5677188294166,0.0034852514791,0.44202771427,0.0406562457585,0.0,0.0,0.0,0.0,0.0,0.0,0.0,0.0,0,0,0,b76b11de-04bb-4faf-b6a3-35c182551ef8,0,0,0
2,38,0.0,0.0,,,37.699312403248,0.0058432004229,-27.1164091957536,0.0078013635929,0.1649613129491,0.0269049476699,0.0,0.0,0.0,0.0,0.0,0.0,0.0,0.0,0,0,0,9e80c469-98c6-41e1-940c-a4a6bd9d97be,0,0,0
2,43,0.0,0.0,,,41.7881119333215,0.0056412053384,-27.7308188907314,0.0094041002023,0.2835222699801,0.0445646102901,0.0,0.0,0.0,0.0,0.0,0.0,0.0,0.0,0,0,0,3a7ce7b8-382e-40d2-9e8f-398da9c59b95,0,0,0
2,46,0.0,0.0,,,41.3813323315024,0.0031457214514,-29.7337726803902,0.0044175312651,0.425598767155,0.0404738803803,0.0,0.0,0.0,0.0,0.0,0.0,0.0,0.0,0,0,0,c6b4e01d-29d3-4d2d-8693-46e44b50277d,0,0,0
2,47,0.0,0.0,,,37.1389966889421,0.0018203868611,-29.8116399575971,0.0022242505252,0.5230748004881,0.0283047374802,0.0,0.0,0.0,0.0,0.0,0.0,0.0,0.0,0,0,0,21b3aaa6-3928-4451-a49d-507ce9168998,0,0,0
2,52,0.0,0.0,,,39.7503113462507,0.0020069609069,-27.6198566804481,0.0022996755417,0.5709046874955,0.0330786017616,0.0,0.0,0.0,0.0,0.0,0.0,0.0,0.0,0,0,0,586af19c-d935-4732-9c81-952f48012cb6,0,0,0
2,60,0.0,0.0,,,42.0094003736545,0.0046614982167,-27.8006298363677,0.0077099342218,0.3142574672474,0.0461632017175,0.0,0.0,0.0,0.0,0.0,0.0,0.0,0.0,0,0,0,0fb7c509-8122-4355-83de-3cb0c780a507,0,0,0
2,61,0.0,0.0,,,40.375016380716,0.0017884477128,-28.7408639495733,0.001985123329,0.6162153003898,0.0369987240475,0.0,0.0,0.0,0.0,0.0,0.0,0.0,0.0,0,0,0,dcf1a7f2-910c-42f7-b980-de289ee042de,0,0,0
2,62,0.0,0.0,,,41.3712651625683,0.0032667701287,-26.3228238400074,0.0044934639956,0.3741397528604,0.0365897619548,0.0,0.0,0.0,0.0,0.0,0.0,0.0,0.0,0,0,0,575baaa6-dca1-4db1-8666-540b497f63e1,0,0,0
2,65,0.0,0.0,,,38.6152041606967,0.0017900544421,-27.2844859533336,0.0022704144489,0.5602743255516,0.0270732736052,0.0,0.0,0.0,0.0,0.0,0.0,0.0,0.0,0,0,0,5af93d11-50a1-48b7-add1-50264c07aed8,0,0,0
2,66,0.0,0.0,,,38.6400588500923,0.0014910575219,-27.4512424472654,0.0020504925606,0.6010537128158,0.0276209325976,0.0,0.0,0.0,0.0,0.0,0.0,0.0,0.0,0,0,0,ba53a9be-d62b-4f27-92fc-341d6f3240fc,0,0,0
2,79,0.0,0.0,,,41.3441904209563,0.0033049124342,-29.5828516909425,0.0034108784635,0.5116106277113,0.0460230840067,0.0,0.0,0.0,0.0,0.0,0.0,0.0,0.0,0,0,0,a748eb75-925f-48e3-9ba1-52933a0b8289,0,0,0
2,81,0.0,0.0,,,40.796259521264,0.001957804896,-27.4290393262888,0.0019684556888,0.7108044429147,0.0379422499007,0.0,0.0,0.0,0.0,0.0,0.0,0.0,0.0,0,0,0,0cac8505-0464-4276-8e66-6b3529700fd8,0,0,0
2,87,0.0,0.0,,,37.2018948657599,0.0025130015353,-29.8890066769269,0.0029008151783,0.4480324238857,0.0294114347562,0.0,0.0,0.0,0.0,0.0,0.0,0.0,0.0,0,0,0,ba075952-dfee-4997-9456-7528ffdc79fa,0,0,0
2,89,0.0,0.0,,,41.6577868771226,0.0074158324532,-29.2804411434419,0.0074694639263,0.2507071257445,0.0502859809963,0.0,0.0,0.0,0.0,0.0,0.0,0.0,0.0,0,0,0,fd52c23c-54b9-456a-a9aa-e3e9c8ba45bb,0,0,0
2,92,0.0,0.0,,,40.436941177962,0.0023189989591,-26.4258085606419,0.0044380846646,0.3734720863443,0.0311582461124,0.0,0.0,0.0,0.0,0.0,0.0,0.0,0.0,0,0,0,99e4f1b7-dc9a-4477-a657-fd0daffa6755,0,0,0
2,95,0.0,0.0,,,40.4186797391221,0.0034394203387,-26.4650858275865,0.0050240731611,0.3088886628424,0.0370825705524,0.0,0.0,0.0,0.0,0.0,0.0,0.0,0.0,0,0,0,598bfaec-c6ca-4633-be2f-267fcd69b9b3,0,0,0
2,98,0.0,0.0,,,38.540751947172,0.0066152009207,-26.9844431466681,0.0078279309555,0.1600970110937,0.0301442268351,0.0,0.0,0.0,0.0,0.0,0.0,0.0,0.0,0,0,0,62fab677-115f-4118-ad63-36a374ef1742,0,0,0
2,99,0.0,0.0,,,41.8361957577474,0.0042846148311,-27.6330076874568,0.0145911861214,0.2114490354649,0.0392309097347,0.0,0.0,0.0,0.0,0.0,0.0,0.0,0.0,0,0,0,d97508a9-18a9-4bd8-b2d9-888692226c4a,0,0,0
3,5,0.0,0.0,,,40.3846693054967,0.0018586767023,-28.6279407715633,0.0020735261377,0.5944810873752,0.0379634025512,0.0,0.0,0.0,0.0,0.0,0.0,0.0,0.0,0,0,0,305b47f7-4641-4d64-b827-b9e8ae145d5d,0,0,0
3,7,0.0,0.0,,,41.3259840251627,0.0031576109417,-29.6286396877837,0.0033273785879,0.4291488705748,0.0419889156547,0.0,0.0,0.0,0.0,0.0,0.0,0.0,0.0,0,0,0,6802fed8-c70c-4e52-bf88-543a6d0d60f1,0,0,0
3,8,0.0,0.0,,,40.3190274820411,0.0023156619084,-26.3956531182899,0.0047242632865,0.3540687476551,0.0311713143902,0.0,0.0,0.0,0.0,0.0,0.0,0.0,0.0,0,0,0,b1f05bdf-bb53-48ce-ba41-0d47af2e4831,0,0,0
3,11,0.0,0.0,,,41.8566471669044,0.0054195351338,-27.7511811029301,0.0091530801297,0.2644192081149,0.0413632039927,0.0,0.0,0.0,0.0,0.0,0.0,0.0,0.0,0,0,0,618d2290-7f5f-4e6d-b729-21318fdd68d0,0,0,0
3,14,0.0,0.0,,,37.6874156101798,0.0057413176104,-27.0903498470773,0.0078758250879,0.109478511666,0.0280504886355,0.0,0.0,0.0,0.0,0.0,0.0,0.0,0.0,0,0,0,be548c67-f069-45ff-afa5-929420585c6a,0,0,0
3,18,0.0,0.0,,,42.0445963584265,0.0047984874702,-27.9473705848715,0.0082863940838,0.3865256789515,0.0411185274537,0.0,0.0,0.0,0.0,0.0,0.0,0.0,0.0,0,0,0,867c6b86-3ea7-4a16-8278-ec2d38c92066,0,0,0
3,21,0.0,0.0,,,37.1997145511786,0.0025210867199,-29.884628127033,0.0029780856981,0.3525744892188,0.027708332174,0.0,0.0,0.0,0.0,0.0,0.0,0.0,0.0,0,0,0,1124b670-e146-4ebd-8269-4aafb0847627,0,0,0
3,22,0.0,0.0,,,40.5088016947458,0.0032990016104,-26.5136364435334,0.005269241242,0.2724197444543,0.0352499928099,0.0,0.0,0.0,0.0,0.0,0.0,0.0,0.0,0,0,0,78b0c407-893f-480a-959f-1cad80f239d1,0,0,0
3,23,0.0,0.0,,,41.3362015549037,0.0046837559849,-26.3567456260545,0.0056737785548,0.2679457312964,0.0395933991049,0.0,0.0,0.0,0.0,0.0,0.0,0.0,0.0,0,0,0,b6259c45-a50d-42ec-a9bc-1050f561f4e6,0,0,0
3,24,0.0,0.0,,,40.3560685876698,0.0017714467582,-28.716279883611,0.0022183546363,0.7082770931385,0.0385436867688,0.0,0.0,0.0,0.0,0.0,0.0,0.0,0.0,0,0,0,d7ebc66e-a8ee-488e-8c50-233665271e32,0,0,0
3,26,0.0,0.0,,,41.673265729107,0.0075723365687,-29.2998915815299,0.0076883459036,0.1898412204295,0.0494282882359,0.0,0.0,0.0,0.0,0.0,0.0,0.0,0.0,0,0,0,5d2efdc8-3786-479f-8088-b0e98d28528e,0,0,0
3,28,0.0,0.0,,,41.5809450081853,0.0035018299269,-27.5026864811288,0.003452405191,0.5259303071999,0.0408561874821,0.0,0.0,0.0,0.0,0.0,0.0,0.0,0.0,0,0,0,77dd5365-4083-46c2-9e65-74f9062ddc35,0,0,0
3,34,0.0,0.0,,,41.3429679665175,0.0032820622749,-26.4388211356674,0.0041992807542,0.4003371873673,0.0364380195938,0.0,0.0,0.0,0.0,0.0,0.0,0.0,0.0,0,0,0,c285b77b-0ea3-4832-a40f-8651feb825f7,0,0,0
3,35,0.0,0.0,,,41.753924987895,0.0060717017,-29.3918906468539,0.008302090883,0.2577300420712,0.0433595308769,0.0,0.0,0.0,0.0,0.0,0.0,0.0,0.0,0,0,0,98920466-f89d-47c5-9879-7c0b535adb85,0,0,0
3,39,0.0,0.0,,,40.3244614796484,0.0029316715052,-28.3347163643145,0.0034339884698,0.4353441800224,0.0366238573571,0.0,0.0,0.0,0.0,0.0,0.0,0.0,0.0,0,0,0,b05692ba-348a-4bd0-9b64-b00e06300bcc,0,0,0
3,43,0.0,0.0,,,41.3566114752814,0.0030835841986,-29.6773563725148,0.0045371518603,0.471928308185,0.0417327156135,0.0,0.0,0.0,0.0,0.0,0.0,0.0,0.0,0,0,0,1690f0de-e485-4b84-9f7b-a4f330eb5adb,0,0,0
3,48,0.0,0.0,,,38.6413201378092,0.0018306653891,-27.3307487747435,0.002221989135,0.5697217241177,0.0267643369262,0.0,0.0,0.0,0.0,0.0,0.0,0.0,0.0,0,0,0,38b1527e-45b3-49df-a0c9-8e2673b70457,0,0,0
3,49,0.0,0.0,,,38.2807586607041,0.0008298698927,-29.9175300716638,0.0011270259488,1.1861320496309,0.0303372959709,0.0,0.0,0.0,0.0,0.0,0.0,0.0,0.0,0,0,0,307ae029-2b09-4d9d-abc1-98adf054ef0f,0,0,0
3,50,0.0,0.0,,,41.8012838617255,0.0042183501202,-27.544550809524,0.0147970460779,0.2063706710438,0.0415983314214,0.0,0.0,0.0,0.0,0.0,0.0,0.0,0.0,0,0,0,b9c0fc9f-a8a9-4daa-869f-3168733c1f28,0,0,0
3,61,0.0,0.0,,,40.4365828741127,0.0027330191024,-28.4274095414791,0.0038637955624,0.3770736566508,0.0335153910174,0.0,0.0,0.0,0.0,0.0,0.0,0.0,0.0,0,0,0,304643da-f197-48f3-ae6a-5890ac649cad,0,0,0
3,74,0.0,0.0,,,39.6160888216388,0.0029206583737,-27.9011782106666,0.0033445594265,0.4259623740509,0.03196816365,0.0,0.0,0.0,0.0,0.0,0.0,0.0,0.0,0,0,0,c28daa90-261e-4426-9cd7-0c9a38f28770,0,0,0
3,76,0.0,0.0,,,38.5885608678576,0.0063221729177,-27.0006457375892,0.0077166357391,0.1634895255084,0.0290451452935,0.0,0.0,0.0,0.0,0.0,0.0,0.0,0.0,0,0,0,ac5eef63-9f80-4d77-b44f-cc408a17059d,0,0,0
3,77,0.0,0.0,,,40.7757818081036,0.0020563221898,-27.4306289877513,0.0019797220692,0.786640063419,0.0395070864808,0.0,0.0,0.0,0.0,0.0,0.0,0.0,0.0,0,0,0,d3ec90fc-615e-487a-9643-0303ea697bec,0,0,0
3,78,0.0,0.0,,,39.7063474448039,0.0042849650846,-27.8833936503137,0.0055091738372,0.2253395090644,0.0320031319291,0.0,0.0,0.0,0.0,0.0,0.0,0.0,0.0,0,0,0,3a19c5da-dc76-41ff-a315-c7f4f53b5a69,0,0,0
3,81,0.0,0.0,,,37.7510880320185,0.0058061568978,-27.0349732649682,0.0075850611935,0.1398789874076,0.0301307203909,0.0,0.0,0.0,0.0,0.0,0.0,0.0,0.0,0,0,0,eb2be2ec-de4b-48b5-b620-23e3b4099ed3,0,0,0
3,85,0.0,0.0,,,39.7320171758104,0.001992356621,-27.5371554780963,0.0024451115806,0.5380033233981,0.0337619518459,0.0,0.0,0.0,0.0,0.0,0.0,0.0,0.0,0,0,0,cee1e5c3-3961-4836-8154-4ca2e7c832c0,0,0,0
3,86,0.0,0.0,,,40.5612641210136,0.0017647745222,-28.6185970988757,0.0020905213247,0.4268199933225,0.0333770918941,0.0,0.0,0.0,0.0,0.0,0.0,0.0,0.0,0,0,0,9fd2b11a-98fe-4089-ae37-942879deef29,0,0,0
3,87,0.0,0.0,,,39.7232677307179,0.0014278842316,-27.5242312332742,0.0017515376818,0.7385457906563,0.0318748256394,0.0,0.0,0.0,0.0,0.0,0.0,0.0,0.0,0,0,0,e625ddc5-d7e7-43fb-bb58-3f42543d8b86,0,0,0
3,90,0.0,0.0,,,38.6642274278092,0.0075213848125,-27.0396158800775,0.0065250339205,0.1953430550352,0.0296375395311,0.0,0.0,0.0,0.0,0.0,0.0,0.0,0.0,0,0,0,a86864ef-f06d-46ed-b654-7ceca0b12cc6,0,0,0
3,94,0.0,0.0,,,37.1413928580821,0.0018587995841,-29.7896489521833,0.0022000797424,0.536360826365,0.0300104460934,0.0,0.0,0.0,0.0,0.0,0.0,0.0,0.0,0,0,0,904fa17d-7aa2-4c99-9c08-592555feb732,0,0,0
3,96,0.0,0.0,,,38.6174954191926,0.001568019345,-27.3622887677272,0.0020875045737,0.6045506761402,0.0305623498403,0.0,0.0,0.0,0.0,0.0,0.0,0.0,0.0,0,0,0,90709839-b597-4ccf-9a5c-b4585e29981e,0,0,0
4,2,0.0,0.0,,,37.1602865321187,0.0019031700717,-29.8021270150505,0.0022075163583,0.5299438730074,0.0267149658919,0.0,0.0,0.0,0.0,0.0,0.0,0.0,0.0,0,0,0,ba1cf8f2-ea45-46da-b895-6bbbdceec6ef,0,0,0
4,4,0.0,0.0,,,42.0457706941543,0.0045301140589,-27.8440391108993,0.0078692906782,0.3335061898044,0.0407729762232,0.0,0.0,0.0,0.0,0.0,0.0,0.0,0.0,0,0,0,23d56586-2722-4361-abfe-cf744710d5ac,0,0,0
4,7,0.0,0.0,,,38.3697394221669,0.0008097003935,-29.9382739012773,0.001100306146,1.146828449677,0.0301508062819,0.0,0.0,0.0,0.0,0.0,0.0,0.0,0.0,0,0,0,a125de78-377c-49b0-ba83-478414119a2d,0,0,0
4,8,0.0,0.0,,,41.3588932563034,0.0032696440308,-26.4215745791934,0.0043996250759,0.3824222349046,0.0375113329092,0.0,0.0,0.0,0.0,0.0,0.0,0.0,0.0,0,0,0,4919ab80-6706-4014-b835-b2e1fbb21d31,0,0,0
4,11,0.0,0.0,,,39.5432654427794,0.0029993235924,-27.8562075930909,0.00325424389,0.3924155717253,0.0300869359186,0.0,0.0,0.0,0.0,0.0,0.0,0.0,0.0,0,0,0,2fdbb4c8-064b-4046-9e4b-e84b9c9e810a,0,0,0
4,23,0.0,0.0,,,38.5802335860053,0.0063728168895,-27.0004126885642,0.0075071816819,0.1924922832169,0.0277940653365,0.0,0.0,0.0,0.0,0.0,0.0,0.0,0.0,0,0,0,e74ebd6b-96e6-4d85-b68e-70fb330de94c,0,0,0
4,24,0.0,0.0,,,40.2866829725913,0.0017349496891,-28.5997999407507,0.002124183896,0.7886082998238,0.038096965929,0.0,0.0,0.0,0.0,0.0,0.0,0.0,0.0,0,0,0,79ca3608-5bff-4d39-8886-066784bc7697,0,0,0
4,26,0.0,0.0,,,39.6651864435106,0.0020633050419,-27.537812875648,0.0022676090098,0.5108568355698,0.0343545002311,0.0,0.0,0.0,0.0,0.0,0.0,0.0,0.0,0,0,0,dbe3929e-0f44-48ff-b5ef-8b6cd651b128,0,0,0
4,29,0.0,0.0,,,41.7885484526618,0.0041853156891,-27.5281992167395,0.014906731626,0.1856635051237,0.0409475155482,0.0,0.0,0.0,0.0,0.0,0.0,0.0,0.0,0,0,0,192ba04b-c265-4cc7-856d-164079aded66,0,0,0
4,31,0.0,0.0,,,38.6578277785409,0.0015155999496,-27.4343548252569,0.0019578030634,0.5823877021977,0.0284502291784,0.0,0.0,0.0,0.0,0.0,0.0,0.0,0.0,0,0,0,e1ee421e-aa77-4c5c-954d-a301e08b5783,0,0,0
4,33,0.0,0.0,,,41.6563572119373,0.0059428697484,-29.3386090532294,0.008210438386,0.2995553289299,0.0414725196635,0.0,0.0,0.0,0.0,0.0,0.0,0.0,0.0,0,0,0,ac4890fa-0d75-48c4-9d4a-8d0865d8ce68,0,0,0
4,44,0.0,0.0,,,37.2475999601998,0.0025655070247,-29.8437323205306,0.0030932001904,0.3727825150437,0.0284168295213,0.0,0.0,0.0,0.0,0.0,0.0,0.0,0.0,0,0,0,9e14f961-f12a-4ac7-80b9-a24284ebcd14,0,0,0
4,50,0.0,0.0,,,38.6345769563755,0.0017754719132,-27.3876591554972,0.0022756789155,0.5509116128022,0.0277026555366,0.0,0.0,0.0,0.0,0.0,0.0,0.0,0.0,0,0,0,920ec3c7-ef23-4005-9ecb-9787b9a3688f,0,0,0
4,52,0.0,0.0,,,40.349680190383,0.002860041413,-28.4076395672493,0.0039627375907,0.3729326240995,0.0381177991093,0.0,0.0,0.0,0.0,0.0,0.0,0.0,0.0,0,0,0,1c33d5a7-15f4-4ae4-843b-caab3400cb8e,0,0,0
4,56,0.0,0.0,,,40.738077750962,0.0019889900969,-27.4385763066511,0.0019299238157,0.7504128324968,0.0371134846175,0.0,0.0,0.0,0.0,0.0,0.0,0.0,0.0,0,0,0,4508118f-04b3-4ca0-bcde-4985e36d9421,0,0,0
4,58,0.0,0.0,,,40.4601720146332,0.0017006326861,-28.6210448905625,0.0022014065909,0.4412245557313,0.0366873481347,0.0,0.0,0.0,0.0,0.0,0.0,0.0,0.0,0,0,0,3ed7bd15-308c-4759-9f72-082c5bbf06e4,0,0,0
4,62,0.0,0.0,,,41.6123975496362,0.0035198901454,-27.5254429915236,0.0035157361566,0.4064903386909,0.0403910667141,0.0,0.0,0.0,0.0,0.0,0.0,0.0,0.0,0,0,0,10206175-90d6-4ca6-b741-a5eb119bbb3f,0,0,0
4,67,0.0,0.0,,,38.7397281888327,0.007492909787,-27.0357748195804,0.006331338213,0.1892207070684,0.0273502408903,0.0,0.0,0.0,0.0,0.0,0.0,0.0,0.0,0,0,0,8d79c8a9-bb2e-4882-8a23-bfdca8d38296,0,0,0
4,68,0.0,0.0,,,41.8678228948933,0.0056666874163,-27.7410977575605,0.0089514060141,0.2545202024121,0.0444035685376,0.0,0.0,0.0,0.0,0.0,0.0,0.0,0.0,0,0,0,b8ccbc31-16a1-4ffd-913d-2ad35b04ed22,0,0,0
4,73,0.0,0.0,,,40.3116322241899,0.0028196043763,-28.2990701152506,0.0032021554496,0.4804182704857,0.0338471642246,0.0,0.0,0.0,0.0,0.0,0.0,0.0,0.0,0,0,0,2224b1e1-144d-4207-acbe-ff831ff04d95,0,0,0
4,75,0.0,0.0,,,37.7386539542876,0.0059758108888,-27.0622855946835,0.0079449484683,0.1793578842969,0.0295055445116,0.0,0.0,0.0,0.0,0.0,0.0,0.0,0.0,0,0,0,f1de0af4-3173-4776-8ceb-d3706bf39795,0,0,0
4,77,0.0,0.0,,,40.4791283803782,0.0017933119437,-28.5933908356812,0.0020618833322,0.5763186044211,0.0371511436089,0.0,0.0,0.0,0.0,0.0,0.0,0.0,0.0,0,0,0,4766d0de-423f-43a0-b1e4-3779b50e1114,0,0,0
4,78,0.0,0.0,,,41.3671767708912,0.0032721763105,-29.7465546851995,0.0044749904803,0.4838116191954,0.0393587986429,0.0,0.0,0.0,0.0,0.0,0.0,0.0,0.0,0,0,0,fc94f34e-12bc-4b36-be7a-6fbce8fad626,0,0,0
4,80,0.0,0.0,,,41.3571937968628,0.0030512210402,-29.6375185602705,0.0033233900431,0.5318839508708,0.0427704909702,0.0,0.0,0.0,0.0,0.0,0.0,0.0,0.0,0,0,0,4f9e7a7a-30ab-4f2e-ab37-2c657043641f,0,0,0
4,84,0.0,0.0,,,40.4204645554288,0.0024153896223,-26.3741118790824,0.004457291262,0.3672649395036,0.0314118095393,0.0,0.0,0.0,0.0,0.0,0.0,0.0,0.0,0,0,0,669b5ae8-b93f-43cf-9f99-b1ae744541dd,0,0,0
4,86,0.0,0.0,,,37.6760033782043,0.0058901661274,-27.0961140706163,0.0077994571497,0.1870103592805,0.026573469392,0.0,0.0,0.0,0.0,0.0,0.0,0.0,0.0,0,0,0,15ad38bd-cc1d-4eca-8ba9-8ec7872b77de,0,0,0
4,87,0.0,0.0,,,39.7274345717622,0.0043343348191,-27.8261697954255,0.005446106156,0.2846309637091,0.0304749940229,0.0,0.0,0.0,0.0,0.0,0.0,0.0,0.0,0,0,0,6f94dc4e-a320-423e-b380-bf12c2864c2e,0,0,0
4,91,0.0,0.0,,,39.6893465491747,0.0013996633583,-27.4975641341229,0.0018079263544,0.7304888654389,0.0324571197956,0.0,0.0,0.0,0.0,0.0,0.0,0.0,0.0,0,0,0,18ccf82b-c708-4882-a4d4-26557e640388,0,0,0
4,93,0.0,0.0,,,41.7070421089217,0.0075545509961,-29.2842806296273,0.0080462074357,0.2996892391313,0.0485679399806,0.0,0.0,0.0,0.0,0.0,0.0,0.0,0.0,0,0,0,ad333dcd-4dac-46c6-a5ff-bcc02ef7e88b,0,0,0
4,98,0.0,0.0,,,40.4545408029348,0.00344809641,-26.4387399077657,0.0052807945149,0.3137416853959,0.0360017509458,0.0,0.0,0.0,0.0,0.0,0.0,0.0,0.0,0,0,0,46f83990-257c-4444-9ea2-6a1dc91a9418,0,0,0
4,100,0.0,0.0,,,41.3224143319303,0.0050133239987,-26.2362903374538,0.0056164361962,0.3701447178165,0.0376390657041,0.0,0.0,0.0,0.0,0.0,0.0,0.0,0.0,0,0,0,85bf2825-d90e-420e-a070-da2a86b1c393,0,0,0
5,4,0.0,0.0,,,38.5826294593901,0.0015196490139,-27.4018146295185,0.0020322075546,0.605284709333,0.0317215962863,0.0,0.0,0.0,0.0,0.0,0.0,0.0,0.0,0,0,0,d67f6fec-0fe1-4a74-9b96-8587c3c68412,0,0,0
5,8,0.0,0.0,,,41.726513418392,0.0073633026615,-29.2954627730473,0.0078894989272,0.370466957181,0.0455674147313,0.0,0.0,0.0,0.0,0.0,0.0,0.0,0.0,0,0,0,c58a9663-787a-4f87-9a4c-5422e3d14f3c,0,0,0
5,11,0.0,0.0,,,41.460621474138,0.0031741554635,-29.7261776715423,0.004398823824,0.4491197876189,0.0397247049346,0.0,0.0,0.0,0.0,0.0,0.0,0.0,0.0,0,0,0,efe07761-025e-4761-8eb4-1c375a0e0033,0,0,0
5,12,0.0,0.0,,,41.7683304932296,0.0056887590888,-27.7518342854939,0.009223158023,0.2680586053668,0.0423621083883,0.0,0.0,0.0,0.0,0.0,0.0,0.0,0.0,0,0,0,76f140fe-75c7-494c-9995-3e8e5c9ef04a,0,0,0
5,14,0.0,0.0,,,38.6745096670443,0.007808572995,-27.0368359331023,0.0067203104696,0.164698615855,0.030178578954,0.0,0.0,0.0,0.0,0.0,0.0,0.0,0.0,0,0,0,f8b552a7-9400-4947-9a97-eccdfd13f662,0,0,0
5,24,0.0,0.0,,,37.2582280749615,0.0025132264296,-29.8134269029041,0.0030798471153,0.3694821581786,0.0283610474896,0.0,0.0,0.0,0.0,0.0,0.0,0.0,0.0,0,0,0,a5f7109a-a286-41ff-84f6-9a2486a136ac,0,0,0
5,31,0.0,0.0,,,38.6086191775224,0.0064145283572,-27.0066478015609,0.0073798036163,0.1379209419097,0.0260567126425,0.0,0.0,0.0,0.0,0.0,0.0,0.0,0.0,0,0,0,e7ab2cff-7137-4e3c-b31d-1f71427fc2fc,0,0,0
5,32,0.0,0.0,,,39.5987961821051,0.0030305824286,-27.8622573028089,0.0034247628466,0.3770298266978,0.0317351642118,0.0,0.0,0.0,0.0,0.0,0.0,0.0,0.0,0,0,0,e7eda72a-5625-42af-82fb-027f6a601bcb,0,0,0
5,33,0.0,0.0,,,41.7209040806163,0.0042833471902,-27.5819948724953,0.0149856756355,0.2246306981943,0.0431843655698,0.0,0.0,0.0,0.0,0.0,0.0,0.0,0.0,0,0,0,be9f7784-e224-4841-8d2f-bf3be0e2915f,0,0,0
5,51,0.0,0.0,,,42.0804481879147,0.004782370207,-27.866266905298,0.0079236091636,0.2966421765163,0.0445227633522,0.0,0.0,0.0,0.0,0.0,0.0,0.0,0.0,0,0,0,801636db-d9ea-4772-90fb-370f7021f82f,0,0,0
5,55,0.0,0.0,,,40.3405616257226,0.0018124302805,-28.6661521670459,0.0021456433375,0.6996343641138,0.033272044445,0.0,0.0,0.0,0.0,0.0,0.0,0.0,0.0,0,0,0,b3e14676-8378-4a04-aec7-b204cc3d44da,0,0,0
5,56,0.0,0.0,,,41.5682650190482,0.0036028986566,-27.5046947910728,0.0034784052308,0.4102653425607,0.0418617623659,0.0,0.0,0.0,0.0,0.0,0.0,0.0,0.0,0,0,0,f9ccd654-7951-4c80-b5cd-a941d21139cd,0,0,0
5,58,0.0,0.0,,,37.6941056442087,0.0057827854016,-27.0822206856785,0.0079067789897,0.1517459612973,0.0241543947899,0.0,0.0,0.0,0.0,0.0,0.0,0.0,0.0,0,0,0,b8829ac6-7ff0-4329-9fbf-81a281d6d351,0,0,0
5,59,0.0,0.0,,,39.7724263842824,0.0019412111751,-27.5863415142715,0.0023253707221,0.553046050832,0.030410155283,0.0,0.0,0.0,0.0,0.0,0.0,0.0,0.0,0,0,0,2858950c-0cb3-408a-8b8b-bd17d1c06701,0,0,0
5,60,0.0,0.0,,,40.4082254233298,0.0033762106721,-26.4064829415416,0.0054128193474,0.2722392953151,0.0333481312426,0.0,0.0,0.0,0.0,0.0,0.0,0.0,0.0,0,0,0,65a90b4d-2a64-4f7b-a091-2f9bbc7a9909,0,0,0
5,62,0.0,0.0,,,41.2640033977352,0.0031008397421,-29.719078339295,0.0032866138947,0.4578611087514,0.0457482058739,0.0,0.0,0.0,0.0,0.0,0.0,0.0,0.0,0,0,0,81089905-7ff6-4f03-9a7a-9b92a4cbbde0,0,0,0
5,64,0.0,0.0,,,39.6924481757381,0.0014422468521,-27.392373973246,0.0017655599188,0.7157569723657,0.0284219704172,0.0,0.0,0.0,0.0,0.0,0.0,0.0,0.0,0,0,0,50766c31-783d-4160-8b35-9860f41b97a7,0,0,0
5,65,0.0,0.0,,,38.6276854462016,0.0018040048949,-27.379497863622,0.0022696585333,0.5603973725564,0.0268465614509,0.0,0.0,0.0,0.0,0.0,0.0,0.0,0.0,0,0,0,21c1a2aa-bf77-4033-a35a-a31ba745a3a4,0,0,0
5,68,0.0,0.0,,,38.3556734040361,0.0008213369342,-29.9798946457526,0.001093234623,1.165962159544,0.0320274611054,0.0,0.0,0.0,0.0,0.0,0.0,0.0,0.0,0,0,0,d052a98b-a631-4aac-a567-0c6636229214,0,0,0
5,70,0.0,0.0,,,40.3981457344163,0.0018370344884,-28.7142283957956,0.0021069573139,0.5276501167101,0.036650070251,0.0,0.0,0.0,0.0,0.0,0.0,0.0,0.0,0,0,0,bf760fa7-c0c7-4e07-86b6-f1246d74f3f6,0,0,0
5,75,0.0,0.0,,,39.7342697887422,0.0043164446301,-27.7904241096063,0.0055375962558,0.1951656360898,0.031622158645,0.0,0.0,0.0,0.0,0.0,0.0,0.0,0.0,0,0,0,2500e220-aed6-4d70-92ae-349b8e99c7b1,0,0,0
5,77,0.0,0.0,,,40.8272940383576,0.001979974294,-27.4797303847637,0.0019592830925,0.803547908173,0.0379633217934,0.0,0.0,0.0,0.0,0.0,0.0,0.0,0.0,0,0,0,3aba535b-245f-4d50-a227-6dbb3440a352,0,0,0
5,79,0.0,0.0,,,41.3349036159751,0.0034172308398,-26.4391541098848,0.0044280375604,0.4750393616943,0.0367437634112,0.0,0.0,0.0,0.0,0.0,0.0,0.0,0.0,0,0,0,baae9ad8-9005-4446-bf6f-18fc957f0d10,0,0,0
5,81,0.0,0.0,,,41.7372500310849,0.005933739228,-29.3785033158287,0.0086700487859,0.2589623297298,0.0464137163069,0.0,0.0,0.0,0.0,0.0,0.0,0.0,0.0,0,0,0,802fbc0e-8f06-486a-b645-8e39e55f8238,0,0,0
5,82,0.0,0.0,,,40.2703303101058,0.0028692222371,-28.3266546235658,0.0033482758645,0.4087460663601,0.0364403024701,0.0,0.0,0.0,0.0,0.0,0.0,0.0,0.0,0,0,0,59338b4d-f538-41d6-9769-725cd06ff03c,0,0,0
5,85,0.0,0.0,,,41.3475081155094,0.0046297541896,-26.3151303066957,0.0055022549732,0.304938227011,0.0339970154744,0.0,0.0,0.0,0.0,0.0,0.0,0.0,0.0,0,0,0,dbbec969-dc84-429a-9d5c-9ac6d3f10e20,0,0,0
5,86,0.0,0.0,,,40.3547727321752,0.0027310106645,-28.3570975074028,0.0038164481417,0.4192423942814,0.0342986993084,0.0,0.0,0.0,0.0,0.0,0.0,0.0,0.0,0,0,0,517ec362-83b6-44d1-b85e-4ca6b2e13fa5,0,0,0
5,90,0.0,0.0,,,40.349471003542,0.0023852324538,-26.3831183533766,0.0043596681018,0.367482513305,0.0354773275936,0.0,0.0,0.0,0.0,0.0,0.0,0.0,0.0,0,0,0,f4332561-eca0-45fd-8e8e-616c1fbeac9f,0,0,0
5,94,0.0,0.0,,,37.1035840892484,0.0018701134262,-29.790275844156,0.0021949194933,0.4984243514116,0.0281612776557,0.0,0.0,0.0,0.0,0.0,0.0,0.0,0.0,0,0,0,f44646a6-be97-4fbf-a984-a2c90ac83362,0,0,0
5,95,0.0,0.0,,,37.6184031524049,0.0056246041708,-27.1356373079017,0.0079537677379,0.1406067768883,0.0274663915649,0.0,0.0,0.0,0.0,0.0,0.0,0.0,0.0,0,0,0,defabea5-b718-4520-9e77-6f8bcc4d492a,0,0,0
5,100,0.0,0.0,,,40.4929596247532,0.0018408094999,-28.6571090035648,0.0020428280791,0.464808520865,0.0335137834227,0.0,0.0,0.0,0.0,0.0,0.0,0.0,0.0,0,0,0,0f4f0393-202b-4b4a-9fcc-4f29ccf13577,0,0,0
6,7,0.0,0.0,,,40.4390870434536,0.0018025099117,-28.6507666539378,0.0022160955669,0.4744617233394,0.039737028487,0.0,0.0,0.0,0.0,0.0,0.0,0.0,0.0,0,0,0,85cd7051-27bf-4611-888e-e187b1b5adbf,0,0,0
6,9,0.0,0.0,,,40.8087800463536,0.00196437372,-27.5156887984489,0.0019428186827,0.7269207446447,0.0347814603942,0.0,0.0,0.0,0.0,0.0,0.0,0.0,0.0,0,0,0,578ef1cf-e311-4bda-b0ed-7b8242c09977,0,0,0
6,14,0.0,0.0,,,38.6802936926779,0.0075407767299,-26.9942980990267,0.0066145307953,0.1758848670243,0.0318342603277,0.0,0.0,0.0,0.0,0.0,0.0,0.0,0.0,0,0,0,a97f11d9-f2b1-488c-8b4b-902c5c175b5c,0,0,0
6,15,0.0,0.0,,,41.7103436743501,0.0060558759426,-29.3678506192383,0.0082419460401,0.2970217018151,0.0403024299157,0.0,0.0,0.0,0.0,0.0,0.0,0.0,0.0,0,0,0,4e3ecc71-b409-4615-98f3-527f75c52305,0,0,0
6,19,0.0,0.0,,,41.4346441127441,0.0031090331159,-29.5987011730299,0.0045023727627,0.492642838062,0.0408398926488,0.0,0.0,0.0,0.0,0.0,0.0,0.0,0.0,0,0,0,d5eab9c3-8f92-4a6f-9d34-040556e9a9c6,0,0,0
6,20,0.0,0.0,,,41.7900569225558,0.0073208754938,-29.2742081920531,0.0077118310275,0.2079230380447,0.0464091890337,0.0,0.0,0.0,0.0,0.0,0.0,0.0,0.0,0,0,0,cc98575f-022a-46f8-a40d-9eeca3c88f77,0,0,0
6,22,0.0,0.0,,,38.3332901721345,0.0008131566507,-29.9131203265289,0.0011049173804,1.1272437785938,0.0329640768513,0.0,0.0,0.0,0.0,0.0,0.0,0.0,0.0,0,0,0,130871a5-eae8-4505-9b58-78563bef3627,0,0,0
6,23,0.0,0.0,,,40.3153622460991,0.0027825582444,-28.3984501961966,0.0039366412693,0.3727290540542,0.0346414667869,0.0,0.0,0.0,0.0,0.0,0.0,0.0,0.0,0,0,0,9fbc1191-c75e-4dc6-8e53-1a707dcbe4b3,0,0,0
6,27,0.0,0.0,,,42.0479417234409,0.0048233751123,-27.8474029274342,0.0083349052091,0.322881171238,0.0439760230706,0.0,0.0,0.0,0.0,0.0,0.0,0.0,0.0,0,0,0,8b4c46e7-e44a-4023-9954-2999e323a847,0,0,0
6,32,0.0,0.0,,,39.7557516668682,0.0043927125197,-27.8155517544652,0.0054017383285,0.260756239816,0.0312230119004,0.0,0.0,0.0,0.0,0.0,0.0,0.0,0.0,0,0,0,c4b0f9cb-3946-4358-b01d-a5e5d48dddfa,0,0,0
6,33,0.0,0.0,,,38.5606216371645,0.0014661545096,-27.3108599358258,0.0020591658131,0.6233947191322,0.0301701787165,0.0,0.0,0.0,0.0,0.0,0.0,0.0,0.0,0,0,0,4b310847-e69d-47a9-a049-f13787c2e3e8,0,0,0
6,34,0.0,0.0,,,37.1671401432368,0.0018135395861,-29.8083258963488,0.0022236645712,0.5066865127606,0.0249645743717,0.0,0.0,0.0,0.0,0.0,0.0,0.0,0.0,0,0,0,9c1a8df6-f5d2-469d-9826-e261ad44b876,0,0,0
6,36,0.0,0.0,,,37.7057622089688,0.0059567993226,-27.0051387514201,0.0079725327382,0.2159204179872,0.0284540995356,0.0,0.0,0.0,0.0,0.0,0.0,0.0,0.0,0,0,0,b59235e5-7095-4abb-bba7-4f91290613e9,0,0,0
6,37,0.0,0.0,,,37.6672481107494,0.0060865752091,-27.1360979697447,0.0079874653881,0.212821776035,0.028928255662,0.0,0.0,0.0,0.0,0.0,0.0,0.0,0.0,0,0,0,4390d8b2-bd45-42f5-b4c0-2cc6c5d4b1a3,0,0,0
6,41,0.0,0.0,,,40.342145481641,0.0023529725934,-26.3758173053351,0.0046506237293,0.3513029908428,0.0332987417924,0.0,0.0,0.0,0.0,0.0,0.0,0.0,0.0,0,0,0,f5786c63-89a0-46cc-b8d8-452aca0988d3,0,0,0
6,45,0.0,0.0,,,40.3505229084325,0.0018128538217,-28.7084894435085,0.0021368303302,0.6594571503737,0.0417658411033,0.0,0.0,0.0,0.0,0.0,0.0,0.0,0.0,0,0,0,dea95f37-1f39-42d7-90c5-4f2b15496213,0,0,0
6,51,0.0,0.0,,,41.3444236310062,0.0032172222927,-29.5670971779474,0.0035052104329,0.4529175210736,0.0451923935885,0.0,0.0,0.0,0.0,0.0,0.0,0.0,0.0,0,0,0,21089cd2-4341-4bcc-a475-10403892cf3c,0,0,0
6,53,0.0,0.0,,,39.7604554299952,0.0019964750261,-27.5189502305895,0.0023616004073,0.5226644979971,0.0286143478545,0.0,0.0,0.0,0.0,0.0,0.0,0.0,0.0,0,0,0,7a616918-88f1-48db-846e-ccb3184a3df1,0,0,0
6,54,0.0,0.0,,,41.5701642951567,0.0036539724947,-27.502482275518,0.0036377867087,0.4410179033392,0.0411658576915,0.0,0.0,0.0,0.0,0.0,0.0,0.0,0.0,0,0,0,74ceca38-9fd3-45b8-8468-bfff80d8c4eb,0,0,0
6,55,0.0,0.0,,,37.1762283936631,0.0024819526091,-29.862391951628,0.002940562727,0.3376070146741,0.0282070174822,0.0,0.0,0.0,0.0,0.0,0.0,0.0,0.0,0,0,0,6598aa95-f9e1-427e-80f9-c027562cadb7,0,0,0
6,59,0.0,0.0,,,40.2567858224018,0.0027193199263,-28.3019207702,0.0033131633154,0.450002066282,0.0322745785425,0.0,0.0,0.0,0.0,0.0,0.0,0.0,0.0,0,0,0,c6b3d367-8c26-4072-b991-96256c29c007,0,0,0
6,61,0.0,0.0,,,41.857233468182,0.0056144563982,-27.7432830124153,0.009070536864,0.2851873913352,0.0478098024928,0.0,0.0,0.0,0.0,0.0,0.0,0.0,0.0,0,0,0,c17c0994-6af9-4704-8c55-860aa0839e36,0,0,0
6,62,0.0,0.0,,,40.4506600887898,0.0033547234977,-26.4384531231406,0.0049884875164,0.2887927944051,0.0327198735351,0.0,0.0,0.0,0.0,0.0,0.0,0.0,0.0,0,0,0,7b33a164-cff8-4f20-9b33-f627377a19a3,0,0,0
6,66,0.0,0.0,,,41.7855297449964,0.0043190951268,-27.6365206616955,0.0145436094338,0.2201338566011,0.0412552544715,0.0,0.0,0.0,0.0,0.0,0.0,0.0,0.0,0,0,0,51307c79-acb0-4ed0-9130-77e1ddef770e,0,0,0
6,69,0.0,0.0,,,41.3457352209912,0.0031629493102,-26.4253247178787,0.0045646580189,0.4155935636781,0.0385228048252,0.0,0.0,0.0,0.0,0.0,0.0,0.0,0.0,0,0,0,2845a705-8562-4c4c-b321-2b01466e9e78,0,0,0
6,80,0.0,0.0,,,40.4520777003501,0.0018003882832,-28.6740509919901,0.0021523132428,0.4776351811272,0.033884055188,0.0,0.0,0.0,0.0,0.0,0.0,0.0,0.0,0,0,0,e687ae81-9aa3-4bf0-a556-fb52aefee910,0,0,0
6,81,0.0,0.0,,,38.6229929382223,0.0018214487215,-27.3171485861874,0.0022643173718,0.5706283409892,0.0275397580078,0.0,0.0,0.0,0.0,0.0,0.0,0.0,0.0,0,0,0,be478f12-5999-49f9-b273-f50fc455dde3,0,0,0
6,89,0.0,0.0,,,38.5543455980627,0.0067560639027,-27.0180094415358,0.0079807667783,0.1328932141035,0.0284409316811,0.0,0.0,0.0,0.0,0.0,0.0,0.0,0.0,0,0,0,d2584812-ddaa-40a5-8e5d-3d812296e0c1,0,0,0
6,90,0.0,0.0,,,41.2769255797185,0.0047041966049,-26.2390393088418,0.0054954720014,0.2418645805421,0.0368160155162,0.0,0.0,0.0,0.0,0.0,0.0,0.0,0.0,0,0,0,d7acaca6-de4c-4a87-be83-6251e9c80919,0,0,0
6,91,0.0,0.0,,,39.6757259603341,0.0014074086207,-27.4482744735426,0.0018109242672,0.777216178153,0.0321984654703,0.0,0.0,0.0,0.0,0.0,0.0,0.0,0.0,0,0,0,ab9c0759-baa0-4721-9ab6-2b4e14a1f40c,0,0,0
6,93,0.0,0.0,,,39.5990515478181,0.002967911303,-27.86762797311,0.0035305053173,0.3522150609527,0.032268605332,0.0,0.0,0.0,0.0,0.0,0.0,0.0,0.0,0,0,0,ef776e1c-40da-4301-8b95-ba597f3b67ea,0,0,0
7,2,0.0,0.0,,,41.3900518183907,0.0032800068596,-26.3677141888937,0.0043600763193,0.3873887500744,0.0378696270714,0.0,0.0,0.0,0.0,0.0,0.0,0.0,0.0,0,0,0,8031779b-f63b-417c-a97a-899d67a95dd1,0,0,0
7,8,0.0,0.0,,,40.3202372747714,0.0018320771992,-28.6328858343333,0.0021878649739,0.6999312694143,0.0375474322418,0.0,0.0,0.0,0.0,0.0,0.0,0.0,0.0,0,0,0,58b321cd-663f-4c93-bea5-db8eb07a0e38,0,0,0
7,9,0.0,0.0,,,38.5559062727962,0.001518890674,-27.4093254927955,0.0020415735933,0.5322671184792,0.0272249484476,0.0,0.0,0.0,0.0,0.0,0.0,0.0,0.0,0,0,0,d2b5bed0-616e-4605-9d4a-dc76f2f3745d,0,0,0
7,15,0.0,0.0,,,40.4742595419466,0.0019070855563,-28.6642419049602,0.0021445614193,0.491774684882,0.0376360342479,0.0,0.0,0.0,0.0,0.0,0.0,0.0,0.0,0,0,0,58e53b4e-858e-4cee-9fde-f742f7f875c3,0,0,0
7,21,0.0,0.0,,,39.7053278725435,0.0020699397457,-27.6217549009453,0.002320814004,0.5854472171448,0.0325525770128,0.0,0.0,0.0,0.0,0.0,0.0,0.0,0.0,0,0,0,7c670de5-f0ee-447b-ad7f-7d07b2c295e8,0,0,0
7,25,0.0,0.0,,,40.4234365914591,0.0018516582075,-28.6521070534332,0.0020419647844,0.5321512469626,0.0347949296086,0.0,0.0,0.0,0.0,0.0,0.0,0.0,0.0,0,0,0,a837502c-307e-4e07-a7e9-49582d41bc3f,0,0,0
7,26,0.0,0.0,,,39.6045205817889,0.0030132588442,-27.9786309848123,0.0032599926318,0.3754457365996,0.0325088663469,0.0,0.0,0.0,0.0,0.0,0.0,0.0,0.0,0,0,0,b6fe9ee7-bb07-4c91-8728-cb0a72abd750,0,0,0
7,28,0.0,0.0,,,41.5438481981635,0.0035973364542,-27.5977710043413,0.0034803107506,0.4527090315218,0.0422782096806,0.0,0.0,0.0,0.0,0.0,0.0,0.0,0.0,0,0,0,40285d14-0bc5-43c2-88bb-be40cf09999c,0,0,0
7,29,0.0,0.0,,,40.4530017280228,0.0032260603557,-26.5443996290436,0.0051198254998,0.3043972529904,0.0371208492365,0.0,0.0,0.0,0.0,0.0,0.0,0.0,0.0,0,0,0,806834d4-3614-44fc-90c1-4ec3cc5b27ac,0,0,0
7,30,0.0,0.0,,,38.6894554432012,0.007782758501,-26.994857435712,0.006344133075,0.167413671334,0.0265665660939,0.0,0.0,0.0,0.0,0.0,0.0,0.0,0.0,0,0,0,dd5153d8-e415-4d41-859e-61e4ec8de1c1,0,0,0
7,39,0.0,0.0,,,41.6201541745119,0.0059883090643,-29.2836976251475,0.0081916878452,0.286257163573,0.0418050859771,0.0,0.0,0.0,0.0,0.0,0.0,0.0,0.0,0,0,0,1852b130-fcaa-45a4-87e3-63f026b6775b,0,0,0
7,45,0.0,0.0,,,39.7074099969913,0.0013635444359,-27.4510498456506,0.001717196614,0.7740070897878,0.0321547794826,0.0,0.0,0.0,0.0,0.0,0.0,0.0,0.0,0,0,0,8df2182b-b6cf-4d4b-b337-a0ae8cfb2b0d,0,0,0
7,46,0.0,0.0,,,40.2915391196803,0.0027931481949,-28.3827391336812,0.0033789103159,0.4586018382417,0.0372597165789,0.0,0.0,0.0,0.0,0.0,0.0,0.0,0.0,0,0,0,2bc2c27b-e3b9-4c4b-bcbc-422feeb3445c,0,0,0
7,52,0.0,0.0,,,38.6470646788438,0.0065734749056,-27.0838642960359,0.0076891146773,0.2041596074707,0.0292427817788,0.0,0.0,0.0,0.0,0.0,0.0,0.0,0.0,0,0,0,1424bd7c-9991-4132-8d1a-29596fb47613,0,0,0
7,53,0.0,0.0,,,41.8988302606465,0.0057329291351,-27.7371254673374,0.0091270613794,0.29093752038,0.0494939026723,0.0,0.0,0.0,0.0,0.0,0.0,0.0,0.0,0,0,0,70f7b65d-ab06-4ff7-8591-d54d3caf6290,0,0,0
7,54,0.0,0.0,,,37.1861579412165,0.0024922606854,-29.8665602832509,0.0029487631658,0.3999358446977,0.0275422456487,0.0,0.0,0.0,0.0,0.0,0.0,0.0,0.0,0,0,0,bc5d2532-31e1-4902-a130-7e6c1bc3bd35,0,0,0
7,59,0.0,0.0,,,38.6707787887997,0.0018381988435,-27.2677910577895,0.0022479875005,0.4956237837525,0.0280616089021,0.0,0.0,0.0,0.0,0.0,0.0,0.0,0.0,0,0,0,811eb005-ea63-4be1-9ef7-a97080a26cde,0,0,0
7,60,0.0,0.0,,,40.3553474895382,0.002665601298,-28.29130250388,0.0039173340313,0.4471270384205,0.0327463950148,0.0,0.0,0.0,0.0,0.0,0.0,0.0,0.0,0,0,0,67457136-f34f-4b37-b7ec-c974544cd296,0,0,0
7,61,0.0,0.0,,,41.340675148473,0.0031204428957,-29.6432601463791,0.0033473453451,0.4498503731827,0.0456277814566,0.0,0.0,0.0,0.0,0.0,0.0,0.0,0.0,0,0,0,67317fc2-0bd8-4be1-b4c2-9fa54e1609d0,0,0,0
7,64,0.0,0.0,,,40.787374604437,0.0019761535891,-27.5126171919743,0.0019906234633,0.7364623777088,0.0420344807648,0.0,0.0,0.0,0.0,0.0,0.0,0.0,0.0,0,0,0,78569cda-d0c4-4323-8edf-56a100ab312b,0,0,0
7,67,0.0,0.0,,,41.6309545837546,0.0075512807715,-29.3247978980069,0.0076690341546,0.3186877663634,0.0421788528597,0.0,0.0,0.0,0.0,0.0,0.0,0.0,0.0,0,0,0,51163d9d-4db5-4f5c-b327-33d7c1438a7c,0,0,0
7,69,0.0,0.0,,,41.7274042481699,0.004152427391,-27.5840674549115,0.0144262311868,0.1648072132312,0.0427945732743,0.0,0.0,0.0,0.0,0.0,0.0,0.0,0.0,0,0,0,d27f5170-9404-452f-a598-e8448c6588a3,0,0,0
7,74,0.0,0.0,,,38.3018803932372,0.0008472651969,-29.9494781859922,0.0010921718288,1.176308655117,0.032181772777,0.0,0.0,0.0,0.0,0.0,0.0,0.0,0.0,0,0,0,27c97ee5-50b8-448b-86cf-166296bfeca1,0,0,0
7,75,0.0,0.0,,,37.651092117068,0.0060680311955,-27.0805113102857,0.0078868211541,0.1951901781358,0.0288183053762,0.0,0.0,0.0,0.0,0.0,0.0,0.0,0.0,0,0,0,cd22e592-3962-4f5a-ba04-50ea23ca4e33,0,0,0
7,76,0.0,0.0,,,40.4066103914762,0.0024829923347,-26.3966501405837,0.0044769416343,0.418720367129,0.0328448454852,0.0,0.0,0.0,0.0,0.0,0.0,0.0,0.0,0,0,0,82c0bc49-d097-4ab1-af09-59e6dfd3c1fc,0,0,0
7,79,0.0,0.0,,,41.9956711579955,0.0047353638706,-27.8479634417479,0.0083125241861,0.2326844687166,0.0443786965834,0.0,0.0,0.0,0.0,0.0,0.0,0.0,0.0,0,0,0,7b4ce78c-8d2e-4cba-8583-8758cb18bc04,0,0,0
7,80,0.0,0.0,,,37.1422141273122,0.0018205821867,-29.7615771090496,0.0022721982583,0.515658793099,0.0286210297583,0.0,0.0,0.0,0.0,0.0,0.0,0.0,0.0,0,0,0,8dc6ee7e-707b-4cc5-8fee-f139d0bda871,0,0,0
7,86,0.0,0.0,,,37.7282362231204,0.0058003621287,-27.0531386266659,0.0080276103045,0.1520621196268,0.0279975827789,0.0,0.0,0.0,0.0,0.0,0.0,0.0,0.0,0,0,0,ae127729-b723-4b69-9bda-0d1873552400,0,0,0
7,88,0.0,0.0,,,41.3788473154925,0.0031092769001,-29.6883462743402,0.0046677406686,0.4202474015923,0.0408356721174,0.0,0.0,0.0,0.0,0.0,0.0,0.0,0.0,0,0,0,9478fb01-adb9-48c3-9804-a10b5e1ea093,0,0,0
7,92,0.0,0.0,,,39.7589437097932,0.0042312847335,-27.9215047907631,0.0055073882089,0.2364386742617,0.0309536029611,0.0,0.0,0.0,0.0,0.0,0.0,0.0,0.0,0,0,0,a21d45bb-8b05-4c4b-85f3-c0dac6bb84bf,0,0,0
7,93,0.0,0.0,,,41.3331585507002,0.0047600078122,-26.1917212360338,0.0055417185862,0.300956273535,0.0350415880468,0.0,0.0,0.0,0.0,0.0,0.0,0.0,0.0,0,0,0,bd02cbbd-b719-44c0-85b3-f03f3cd19012,0,0,0
8,1,0.0,0.0,,,37.2144804552671,0.0024382407783,-29.7923318676386,0.0029859383718,0.3594958073871,0.0287793351045,0.0,0.0,0.0,0.0,0.0,0.0,0.0,0.0,0,0,0,9ec52800-841c-424b-9be3-88cf3a4be601,0,0,0
8,2,0.0,0.0,,,40.2528215543882,0.0028427161635,-28.2579779791597,0.0034266947308,0.3850387136154,0.0332173471379,0.0,0.0,0.0,0.0,0.0,0.0,0.0,0.0,0,0,0,c38a2835-ff86-4f98-8067-7dc093d8961f,0,0,0
8,4,0.0,0.0,,,40.3365868684564,0.001808428717,-28.6149422227558,0.0020755494492,0.7651807655058,0.0389920005909,0.0,0.0,0.0,0.0,0.0,0.0,0.0,0.0,0,0,0,beac7ff2-553d-41f4-b53a-dec3df79f05f,0,0,0
8,7,0.0,0.0,,,39.718239697777,0.0019963390763,-27.6202023680879,0.0023072719654,0.5081497057446,0.0318765543046,0.0,0.0,0.0,0.0,0.0,0.0,0.0,0.0,0,0,0,dd4c083c-5781-4282-98c8-5804cbb456e2,0,0,0
8,8,0.0,0.0,,,37.7319826670955,0.0057544059051,-27.0132993617421,0.008032889897,0.1851622670416,0.0278327934244,0.0,0.0,0.0,0.0,0.0,0.0,0.0,0.0,0,0,0,cfbec362-a6b0-4a92-ba0a-608d38c94a21,0,0,0
8,14,0.0,0.0,,,38.7015613930314,0.0014943448128,-27.4794515880362,0.0020565614778,0.567443286748,0.0298031415435,0.0,0.0,0.0,0.0,0.0,0.0,0.0,0.0,0,0,0,e7bced14-2f88-462a-8473-aad64b2bcb72,0,0,0
8,23,0.0,0.0,,,38.7150857519603,0.0079018319913,-27.0372075591923,0.0063731986153,0.1769373343234,0.027916959719,0.0,0.0,0.0,0.0,0.0,0.0,0.0,0.0,0,0,0,e9911c00-8b9e-46d2-bc86-659813f7517d,0,0,0
8,24,0.0,0.0,,,41.624479867687,0.0062727570042,-29.3398633289336,0.0084604099252,0.2560312096541,0.0458455159494,0.0,0.0,0.0,0.0,0.0,0.0,0.0,0.0,0,0,0,fb7324ae-bf74-41d1-bde7-f6a6d4c98b1e,0,0,0
8,40,0.0,0.0,,,40.4549907234389,0.0018583075616,-28.6574775452088,0.0020514304644,0.5016923080272,0.0351986715001,0.0,0.0,0.0,0.0,0.0,0.0,0.0,0.0,0,0,0,8d4d1f28-5887-4346-bb02-021e3cb41062,0,0,0
8,41,0.0,0.0,,,40.3941486976047,0.0031497006241,-26.5065328890594,0.0052097613642,0.2730385987094,0.0359944706384,0.0,0.0,0.0,0.0,0.0,0.0,0.0,0.0,0,0,0,dd1de710-0f2c-4844-9d79-b0f62e52de62,0,0,0
8,43,0.0,0.0,,,37.1348738904224,0.0017182753008,-29.7548045744979,0.0021970667924,0.4655731044004,0.0269021960876,0.0,0.0,0.0,0.0,0.0,0.0,0.0,0.0,0,0,0,66006977-1df8-43c7-a0b3-981c90b673f0,0,0,0
8,44,0.0,0.0,,,38.6209712068126,0.001790910382,-27.3168172158243,0.0022915162126,0.5295713196754,0.0298817776358,0.0,0.0,0.0,0.0,0.0,0.0,0.0,0.0,0,0,0,a723471d-525b-4563-a398-2f53a1f6a938,0,0,0
8,45,0.0,0.0,,,41.9131462052471,0.0055547046686,-27.8245155752984,0.0091618381642,0.2476800694421,0.0389668609622,0.0,0.0,0.0,0.0,0.0,0.0,0.0,0.0,0,0,0,a139bd6e-29ff-471d-83d5-13a02d1f94f5,0,0,0
8,47,0.0,0.0,,,42.0265532810002,0.0047556048297,-27.8099347457357,0.0082334719268,0.3470951248347,0.0435506125059,0.0,0.0,0.0,0.0,0.0,0.0,0.0,0.0,0,0,0,79b3b63b-3078-48d3-a405-23145e617d67,0,0,0
8,50,0.0,0.0,,,40.5023973389099,0.0018295895485,-28.6487668222836,0.0021510425191,0.4873094523051,0.0361719823986,0.0,0.0,0.0,0.0,0.0,0.0,0.0,0.0,0,0,0,b6c8b3f0-c273-46d3-8625-e67108cdafc6,0,0,0
8,54,0.0,0.0,,,41.760893261576,0.0041232409355,-27.5048480903599,0.0142142527553,0.2438421625136,0.0415241925865,0.0,0.0,0.0,0.0,0.0,0.0,0.0,0.0,0,0,0,05c8be4e-c519-42c8-af44-4a1ac53e2ab4,0,0,0
8,55,0.0,0.0,,,39.8279374415467,0.0043884273461,-27.8670104828644,0.0055905990497,0.2794344029967,0.0320147829636,0.0,0.0,0.0,0.0,0.0,0.0,0.0,0.0,0,0,0,ffd378f6-7d45-468d-bb2a-045a25e34b36,0,0,0
8,57,0.0,0.0,,,40.3947158413997,0.0023009544817,-26.3941074706436,0.0045937277319,0.3651313884154,0.0374049635979,0.0,0.0,0.0,0.0,0.0,0.0,0.0,0.0,0,0,0,25228711-9fe6-47c2-b472-b3d75a0d068c,0,0,0
8,60,0.0,0.0,,,40.7668416596462,0.0019217725847,-27.4468719903112,0.0020396648812,0.8189460054914,0.0367553421028,0.0,0.0,0.0,0.0,0.0,0.0,0.0,0.0,0,0,0,2929b15f-6374-4181-8c26-1b420e258e30,0,0,0
8,63,0.0,0.0,,,41.3686779548709,0.0029824562623,-29.6424822302834,0.0034340593632,0.4847055114725,0.0425718709775,0.0,0.0,0.0,0.0,0.0,0.0,0.0,0.0,0,0,0,0f28f28e-4d3a-4348-8078-2093ed6bea66,0,0,0
8,66,0.0,0.0,,,37.6285653204994,0.0059056741835,-27.1504880574768,0.0079155663989,0.1396503569778,0.0290076286874,0.0,0.0,0.0,0.0,0.0,0.0,0.0,0.0,0,0,0,0269340a-547c-48a3-b240-63dc910b8e60,0,0,0
8,71,0.0,0.0,,,39.6711520734069,0.0031701711319,-27.858737363083,0.0034711744709,0.4026188100466,0.0323471263686,0.0,0.0,0.0,0.0,0.0,0.0,0.0,0.0,0,0,0,5e738733-219a-470d-aa88-a2d3114eb755,0,0,0
8,77,0.0,0.0,,,41.3574999238057,0.003238740289,-26.3826579134042,0.0043726240221,0.3567039328309,0.0365873042521,0.0,0.0,0.0,0.0,0.0,0.0,0.0,0.0,0,0,0,c5b187d7-ef8a-4b27-bb5a-1120d378a539,0,0,0
8,78,0.0,0.0,,,39.7463246223337,0.0014468098279,-27.488219619961,0.0017813536903,0.7731340592941,0.0300947278246,0.0,0.0,0.0,0.0,0.0,0.0,0.0,0.0,0,0,0,d92e1112-7a9c-44f8-b8bc-447b3b4107cf,0,0,0
8,81,0.0,0.0,,,41.7642427261511,0.007193245979,-29.3448337471282,0.0077487924629,0.3382925339874,0.0483505555972,0.0,0.0,0.0,0.0,0.0,0.0,0.0,0.0,0,0,0,6987fec8-901d-482a-abf9-c84ecd6ce423,0,0,0
8,84,0.0,0.0,,,41.5876892132858,0.0037617112169,-27.5168889391617,0.003538130751,0.4128055555071,0.0423562562644,0.0,0.0,0.0,0.0,0.0,0.0,0.0,0.0,0,0,0,0c688347-e44d-49c9-b542-a84e1c09c513,0,0,0
8,87,0.0,0.0,,,38.3290074139698,0.0008196851687,-29.9438265817439,0.001132386485,1.1681701265152,0.031264774822,0.0,0.0,0.0,0.0,0.0,0.0,0.0,0.0,0,0,0,6d3c9016-84d8-4965-85c6-23efe0dac8cb,0,0,0
8,88,0.0,0.0,,,38.5457098239616,0.0063500672176,-27.0143378795905,0.0077262012154,0.1590744775031,0.0278910929175,0.0,0.0,0.0,0.0,0.0,0.0,0.0,0.0,0,0,0,1a5e0c47-5937-4761-843b-539f37712894,0,0,0
8,90,0.0,0.0,,,41.4072485111123,0.0032749838375,-29.7016993174384,0.0045572134876,0.3998095700852,0.0425385425687,0.0,0.0,0.0,0.0,0.0,0.0,0.0,0.0,0,0,0,6297d76f-8c3b-4ce7-ad3e-ee96d0fecb1f,0,0,0
8,94,0.0,0.0,,,41.3792594537442,0.0045849597066,-26.3067608137315,0.0055909553659,0.3506915241149,0.0354055400837,0.0,0.0,0.0,0.0,0.0,0.0,0.0,0.0,0,0,0,276d01e4-2d58-474e-b4b8-67aa1176829d,0,0,0
8,95,0.0,0.0,,,40.287521733243,0.0027858384365,-28.4040551042004,0.0037091828372,0.4307389278317,0.0304185653736,0.0,0.0,0.0,0.0,0.0,0.0,0.0,0.0,0,0,0,86c9a824-4e99-4005-8cc4-29914d96bf09,0,0,0
9,1,0.0,0.0,,,41.4177808497201,0.0030825687648,-29.6887585667571,0.0046046449471,0.3503985853739,0.044504580957,0.0,0.0,0.0,0.0,0.0,0.0,0.0,0.0,0,0,0,e4034e97-3004-4e29-b37b-e0555ceb8fdb,0,0,0
9,6,0.0,0.0,,,37.60327168851,0.005873926129,-27.135491716268,0.0082333132619,0.2019514736004,0.0275874718167,0.0,0.0,0.0,0.0,0.0,0.0,0.0,0.0,0,0,0,4f5d183d-7af2-4bbb-b456-678920a92f82,0,0,0
9,7,0.0,0.0,,,40.2460061452178,0.0028965655706,-28.3628025686177,0.0033534100934,0.4776850736368,0.0375361908722,0.0,0.0,0.0,0.0,0.0,0.0,0.0,0.0,0,0,0,2ef52efc-3c56-4376-98ca-1068e4cfadfa,0,0,0
9,15,0.0,0.0,,,39.7527206020276,0.004096382102,-27.8057357973747,0.005668796104,0.2588894220144,0.0322108774499,0.0,0.0,0.0,0.0,0.0,0.0,0.0,0.0,0,0,0,6e5a6557-2a27-4e80-b05e-017c0d9a92b4,0,0,0
9,16,0.0,0.0,,,41.3114665457217,0.0031069514919,-29.6483887295284,0.0033873170701,0.5392751256067,0.0454663874201,0.0,0.0,0.0,0.0,0.0,0.0,0.0,0.0,0,0,0,aab2dc6a-7511-42e8-a1bb-7372e9d1408e,0,0,0
9,17,0.0,0.0,,,40.4697732262968,0.001828267173,-28.6561874096482,0.0021539534056,0.4603056744785,0.0339533596241,0.0,0.0,0.0,0.0,0.0,0.0,0.0,0.0,0,0,0,d7078108-bf45-4f3a-b5a1-080eafe36427,0,0,0
9,18,0.0,0.0,,,41.2843416266581,0.004823455726,-26.2957493482402,0.0055867911956,0.3528997018767,0.0359311752962,0.0,0.0,0.0,0.0,0.0,0.0,0.0,0.0,0,0,0,fcc92572-7100-41d4-b362-f332556c92b2,0,0,0
9,19,0.0,0.0,,,39.7698770640336,0.002132562913,-27.5547936609008,0.0022695151143,0.4957152464942,0.032145739582,0.0,0.0,0.0,0.0,0.0,0.0,0.0,0.0,0,0,0,3bafd9ce-6c81-47e9-92dd-7414003cdc14,0,0,0
9,26,0.0,0.0,,,37.1631773404502,0.0018936578009,-29.8092972600326,0.0021978167222,0.4939698105935,0.0294924338739,0.0,0.0,0.0,0.0,0.0,0.0,0.0,0.0,0,0,0,56db9cfb-c98f-4818-b5df-7d8f28855c07,0,0,0
9,32,0.0,0.0,,,39.6135493367058,0.0030393309019,-27.8557174308315,0.0035076676219,0.3544167964914,0.0341416474929,0.0,0.0,0.0,0.0,0.0,0.0,0.0,0.0,0,0,0,6fb6e717-2f57-4ba0-a170-0739b450a0d0,0,0,0
9,35,0.0,0.0,,,41.319328897497,0.0033159637969,-26.4541709230863,0.004552689109,0.4510373374611,0.0387384183705,0.0,0.0,0.0,0.0,0.0,0.0,0.0,0.0,0,0,0,3454fdac-c2e5-41c1-9203-f8721ddab449,0,0,0
9,36,0.0,0.0,,,40.3528562637263,0.0028466968592,-28.452198825388,0.0038388976624,0.4317420920697,0.0333911623535,0.0,0.0,0.0,0.0,0.0,0.0,0.0,0.0,0,0,0,b6e34fc6-6f1d-4177-b69c-798b8cd690a3,0,0,0
9,41,0.0,0.0,,,38.4862922717537,0.0062878370765,-27.0071191494444,0.0078471000185,0.1506453521437,0.0282308396877,0.0,0.0,0.0,0.0,0.0,0.0,0.0,0.0,0,0,0,10f9c9ac-f7b4-4a7e-b573-42bd5d14ac51,0,0,0
9,47,0.0,0.0,,,41.5827964187359,0.003560711674,-27.5066043638468,0.0035507270016,0.4991652595582,0.0425651681644,0.0,0.0,0.0,0.0,0.0,0.0,0.0,0.0,0,0,0,7169ce55-c128-4bc0-b821-1f2b54ac29e2,0,0,0
9,50,0.0,0.0,,,40.3752317793267,0.0023126786328,-26.3708311393676,0.0043625403053,0.4142625220668,0.0361844719309,0.0,0.0,0.0,0.0,0.0,0.0,0.0,0.0,0,0,0,d8454e0b-8904-4e4b-a8ac-70101f2cd169,0,0,0
9,56,0.0,0.0,,,38.7249860110935,0.0073222568047,-27.0993341272825,0.0064601062801,0.197741286728,0.0281808653969,0.0,0.0,0.0,0.0,0.0,0.0,0.0,0.0,0,0,0,09222914-cc09-46f3-858e-531024340e63,0,0,0
9,57,0.0,0.0,,,37.248269534735,0.0024359782537,-29.853654744504,0.0029938973413,0.3592899111826,0.0297506021504,0.0,0.0,0.0,0.0,0.0,0.0,0.0,0.0,0,0,0,ef8f4c6f-3bf6-4165-a229-51cd6fd172d8,0,0,0
9,65,0.0,0.0,,,41.7241705826678,0.0075165423245,-29.2713304192391,0.008322852416,0.2002831422816,0.0519929970274,0.0,0.0,0.0,0.0,0.0,0.0,0.0,0.0,0,0,0,29a106ab-1277-420e-9ae6-3089aba176aa,0,0,0
9,67,0.0,0.0,,,37.6558780392991,0.0059370487696,-27.082179301442,0.0078508837074,0.1530605336425,0.028145527181,0.0,0.0,0.0,0.0,0.0,0.0,0.0,0.0,0,0,0,7e094e8e-9d36-45f0-9b88-449e105a5bbe,0,0,0
9,68,0.0,0.0,,,40.4297899287166,0.0032819852533,-26.46730743466,0.0052873059203,0.2446428689025,0.0339554992449,0.0,0.0,0.0,0.0,0.0,0.0,0.0,0.0,0,0,0,09dd0b33-ffad-4e33-88be-54b3bd3934eb,0,0,0
9,70,0.0,0.0,,,38.3875694342354,0.0008166176453,-30.0006178815937,0.0010881067719,1.1271133065222,0.0323337496213,0.0,0.0,0.0,0.0,0.0,0.0,0.0,0.0,0,0,0,af544f06-fa2a-407a-8006-11b11c1a3197,0,0,0
9,72,0.0,0.0,,,40.3494066501914,0.0019113319455,-28.6545304183923,0.002141787875,0.7761182645359,0.0353089056311,0.0,0.0,0.0,0.0,0.0,0.0,0.0,0.0,0,0,0,2a87b9bc-4df2-4429-94ca-0faa1d759c29,0,0,0
9,74,0.0,0.0,,,38.6423059203623,0.0015681815475,-27.4399882980523,0.0020302372969,0.587126254523,0.0274038282226,0.0,0.0,0.0,0.0,0.0,0.0,0.0,0.0,0,0,0,63f9ff22-191d-4998-8830-8742aa5d2a73,0,0,0
9,80,0.0,0.0,,,39.6862921278726,0.0014767689868,-27.4544215651759,0.0017811150263,0.7246216815711,0.0352926784051,0.0,0.0,0.0,0.0,0.0,0.0,0.0,0.0,0,0,0,bf1cbd73-03ff-4a3a-aadf-0d56128a18e4,0,0,0
9,83,0.0,0.0,,,41.7358713082597,0.0060956783663,-29.3594362931926,0.0085225267443,0.2716332562168,0.0381725675828,0.0,0.0,0.0,0.0,0.0,0.0,0.0,0.0,0,0,0,01c468d3-a06e-4f13-a77e-053f4b47ed71,0,0,0
9,84,0.0,0.0,,,41.8813015890503,0.0055499265956,-27.723649002054,0.0089155414573,0.2474179254597,0.047218496241,0.0,0.0,0.0,0.0,0.0,0.0,0.0,0.0,0,0,0,3bf8e2a6-ea0d-4136-9274-cfc065cd8244,0,0,0
9,87,0.0,0.0,,,38.6571959990906,0.0018562002908,-27.3398812624706,0.0022467863102,0.5253477933111,0.0271480944669,0.0,0.0,0.0,0.0,0.0,0.0,0.0,0.0,0,0,0,e0357976-7258-48ad-974d-a9ef680f7aa2,0,0,0
9,92,0.0,0.0,,,40.8797692754055,0.0020577930901,-27.522269755259,0.0019648946878,0.7785109037909,0.0398213634613,0.0,0.0,0.0,0.0,0.0,0.0,0.0,0.0,0,0,0,607a4eac-d64f-429b-9f99-71fe610aef9f,0,0,0
9,96,0.0,0.0,,,41.7837594387011,0.0043144181026,-27.509296168696,0.0151740630673,0.2738171482025,0.0438954301038,0.0,0.0,0.0,0.0,0.0,0.0,0.0,0.0,0,0,0,7bd281d0-ef0d-40cb-831d-0bad3509482d,0,0,0
9,97,0.0,0.0,,,42.0271151781932,0.0045615253065,-27.9011148701406,0.0081059326113,0.2614193434079,0.0455378378744,0.0,0.0,0.0,0.0,0.0,0.0,0.0,0.0,0,0,0,713f952f-198e-4aba-a188-48ce9888a83c,0,0,0
9,98,0.0,0.0,,,40.4842802186901,0.0018349515758,-28.6488079380734,0.0020980378266,0.4890132724949,0.0352177660135,0.0,0.0,0.0,0.0,0.0,0.0,0.0,0.0,0,0,0,95f925be-a1a1-4673-9501-4eae646e6c2e,0,0,0
