island,source,background,local_rms,ra_str,dec_str,ra,err_ra,dec,err_dec,peak_flux,err_peak_flux,int_flux,err_int_flux,a,err_a,b,err_b,pa,err_pa,flags,residual_mean,residual_std,uuid,psf_a,psf_b,psf_pa
0,13,0.0,0.0,,,39.2493938066679,0.0010304377704,-28.4822119765379,0.0015129575334,1.0109698790796,0.0326702222456,0.0,0.0,0.0,0.0,0.0,0.0,0.0,0.0,0,0,0,4f458e3b-3915-4ca1-acc9-99733eb2e438,0,0,0
1,48,0.0,0.0,,,39.3258894601056,0.0010694238923,-28.5561435693062,0.0015356599207,0.9911833080104,0.0297697674394,0.0,0.0,0.0,0.0,0.0,0.0,0.0,0.0,0,0,0,ae156fd0-701c-4471-92d6-a791cdf2c720,0,0,0
2,58,0.0,0.0,,,39.3493372413276,0.0010456720831,-28.610653559353,0.0016414774165,1.0157160675894,0.0313518427294,0.0,0.0,0.0,0.0,0.0,0.0,0.0,0.0,0,0,0,51ba9d00-a470-459a-b33b-964d91ec5aff,0,0,0
3,4,0.0,0.0,,,39.2181645551035,0.0010446693454,-28.5067642817518,0.0015187236261,0.9255195848607,0.0323102874566,0.0,0.0,0.0,0.0,0.0,0.0,0.0,0.0,0,0,0,e41c676e-9e2e-42e7-bf1f-d9b9353a407c,0,0,0
4,19,0.0,0.0,,,39.2270418525955,0.0010210523582,-28.5821500027234,0.0015806591626,0.9582328486902,0.0309069902007,0.0,0.0,0.0,0.0,0.0,0.0,0.0,0.0,0,0,0,838d1269-3ab9-4b84-9a0e-b129fce7cfcd,0,0,0
5,80,0.0,0.0,,,39.231321094811,0.0010340829883,-28.6018441123742,0.001473209006,0.9604808719662,0.0306884795307,0.0,0.0,0.0,0.0,0.0,0.0,0.0,0.0,0,0,0,055f6226-f6e1-4a4a-ad91-8de42d7ccc73,0,0,0
6,0,0.0,0.0,,,39.1642859545058,0.0010089348307,-28.5897309684253,0.0015262387171,1.0505230666845,0.0304002376715,0.0,0.0,0.0,0.0,0.0,0.0,0.0,0.0,0,0,0,80c5fb91-7c55-43bb-a423-48fa953f8db0,0,0,0
7,50,0.0,0.0,,,39.2277382621457,0.0010596752247,-28.6393065469568,0.0015691196069,0.9859081830803,0.032006522684,0.0,0.0,0.0,0.0,0.0,0.0,0.0,0.0,0,0,0,4ebd68bd-725f-41e2-9956-6849e9aeb276,0,0,0
8,89,0.0,0.0,,,39.2485080595805,0.0010661388184,-28.5766218850161,0.0015436573248,0.9954473763181,0.0320366817187,0.0,0.0,0.0,0.0,0.0,0.0,0.0,0.0,0,0,0,59baf7e2-3e0b-4b14-a3fd-796d95b65fba,0,0,0
9,90,0.0,0.0,,,39.2921738425156,0.0010732572367,-28.5631638600061,0.0015526858291,0.9832604359853,0.031213867297,0.0,0.0,0.0,0.0,0.0,0.0,0.0,0.0,0,0,0,df99f6b1-c472-4a42-87a4-f3af7000fcd7,0,0,0
10,59,0.0,0.0,,,39.2886783793342,0.0010901253725,-28.611119696882,0.0015864238954,1.0053454155529,0.0287010309558,0.0,0.0,0.0,0.0,0.0,0.0,0.0,0.0,0,0,0,336f2d5a-a0d1-425f-b5ab-3c9576ec23b4,0,0,0
11,48,0.0,0.0,,,39.2250765742885,0.0010590858595,-28.5942644577814,0.0015595420881,0.9421339620965,0.0299617984069,0.0,0.0,0.0,0.0,0.0,0.0,0.0,0.0,0,0,0,2ddeb4c7-f463-433e-82c4-d0fca77b2383,0,0,0
12,38,0.0,0.0,,,39.2386860448868,0.0010420197274,-28.5411270814103,0.0015694104314,0.9454388744135,0.0331329742881,0.0,0.0,0.0,0.0,0.0,0.0,0.0,0.0,0,0,0,728026a5-f908-46ec-9bd6-da72e27be96e,0,0,0
13,78,0.0,0.0,,,39.2689322984154,0.0010808695516,-28.5782574374437,0.0015740157682,1.0400422842481,0.0337622186129,0.0,0.0,0.0,0.0,0.0,0.0,0.0,0.0,0,0,0,54f04af0-4f62-405e-b9d1-a06fa31ae553,0,0,0
14,42,0.0,0.0,,,39.3063930031802,0.001013490211,-28.5282990672617,0.0015640031854,0.9643505009996,0.0295704516652,0.0,0.0,0.0,0.0,0.0,0.0,0.0,0.0,0,0,0,fe31863e-e257-41a3-88d3-c9c669204d15,0,0,0
15,50,0.0,0.0,,,39.2693614703329,0.001033774531,-28.6425558016781,0.001517958783,0.9894850869758,0.0300878703323,0.0,0.0,0.0,0.0,0.0,0.0,0.0,0.0,0,0,0,7dd57e2a-8d54-4864-b9b2-bdef8d1cac9f,0,0,0
16,8,0.0,0.0,,,39.2386744022251,0.0010401860604,-28.5842556387814,0.0015311542603,0.9964488080678,0.0297685667678,0.0,0.0,0.0,0.0,0.0,0.0,0.0,0.0,0,0,0,66566c2e-d022-47eb-995a-035338d21058,0,0,0
17,71,0.0,0.0,,,39.2046612862977,0.0010722125073,-28.5843978773991,0.0015399187481,0.9627492273583,0.0314103923386,0.0,0.0,0.0,0.0,0.0,0.0,0.0,0.0,0,0,0,1b6f7da8-d811-417d-9979-ba0815c62a54,0,0,0
18,92,0.0,0.0,,,39.3107251357041,0.0010409105154,-28.5529434449989,0.0015104221512,1.0263863926808,0.0289904436128,0.0,0.0,0.0,0.0,0.0,0.0,0.0,0.0,0,0,0,195c16cf-a3b3-4615-ad7c-54de009b89a6,0,0,0
19,81,0.0,0.0,,,39.242500815179,0.0010261921642,-28.6011206363261,0.0015487342179,1.0232688507237,0.0285212560462,0.0,0.0,0.0,0.0,0.0,0.0,0.0,0.0,0,0,0,2b748335-a8cb-4fc0-8071-89ad1afa3560,0,0,0
20,30,0.0,0.0,,,39.3066748818481,0.0010499797726,-28.6046492748839,0.0015337904436,1.030534964567,0.0295330944434,0.0,0.0,0.0,0.0,0.0,0.0,0.0,0.0,0,0,0,c2d2e2b1-721d-4fb1-8fa7-b6c22ede76e2,0,0,0
21,84,0.0,0.0,,,39.2532257923893,0.0010653991965,-28.629743913179,0.0015927100732,0.9810059594458,0.0322569945434,0.0,0.0,0.0,0.0,0.0,0.0,0.0,0.0,0,0,0,71c77311-61b8-4a01-89d2-17d5ff9a0e12,0,0,0
22,1,0.0,0.0,,,39.3006116719285,0.0010143584319,-28.5731842367852,0.0015962685436,0.995254469529,0.0289225870253,0.0,0.0,0.0,0.0,0.0,0.0,0.0,0.0,0,0,0,fd9b052c-21f6-46f4-b280-faf3d0fd512e,0,0,0
23,20,0.0,0.0,,,39.2752643551678,0.0010607860712,-28.6059453655651,0.0015412051545,0.9464871419427,0.0323976903415,0.0,0.0,0.0,0.0,0.0,0.0,0.0,0.0,0,0,0,d5c3687b-be43-47de-b892-014afed6da70,0,0,0
24,97,0.0,0.0,,,39.3289135381059,0.0010488004359,-28.6120461971625,0.0015531315858,0.9964465098976,0.03238158287,0.0,0.0,0.0,0.0,0.0,0.0,0.0,0.0,0,0,0,879dc586-8e02-4842-a2dc-4e33bb0cac57,0,0,0
25,68,0.0,0.0,,,39.2330788964383,0.0009957584426,-28.5943268161176,0.0016206022554,0.9593111283466,0.0312676436075,0.0,0.0,0.0,0.0,0.0,0.0,0.0,0.0,0,0,0,26928c8a-0189-48fb-8a2c-f221637b4041,0,0,0
26,64,0.0,0.0,,,39.3178138844187,0.0009968848965,-28.5352628578336,0.0015601560817,0.9747798077332,0.0299047139204,0.0,0.0,0.0,0.0,0.0,0.0,0.0,0.0,0,0,0,214dda84-4da5-498d-92b9-1a7e5fc6e70f,0,0,0
27,7,0.0,0.0,,,39.3001109914713,0.0010236943736,-28.5630834075087,0.0016041151258,0.9408880209288,0.0320890305706,0.0,0.0,0.0,0.0,0.0,0.0,0.0,0.0,0,0,0,b6575639-1c3d-452d-a385-a475f67f7641,0,0,0
28,2,0.0,0.0,,,39.3424419443879,0.0010114195655,-28.5825020913341,0.001542830994,1.0228881427085,0.0318672809091,0.0,0.0,0.0,0.0,0.0,0.0,0.0,0.0,0,0,0,72222314-2bdc-479c-a655-9cf897362d86,0,0,0
29,46,0.0,0.0,,,39.2896859944569,0.0010723223473,-28.5780128644237,0.001583992224,1.0411085981421,0.0320714487414,0.0,0.0,0.0,0.0,0.0,0.0,0.0,0.0,0,0,0,50ecb4c2-727d-4a07-9bed-c597e630f241,0,0,0
30,81,0.0,0.0,,,39.3548907115412,0.001036107578,-28.5865438904524,0.0015745488464,0.9932777328835,0.0293049281854,0.0,0.0,0.0,0.0,0.0,0.0,0.0,0.0,0,0,0,0e5afa9e-c7dd-45f9-9bc5-182f309f5882,0,0,0
31,88,0.0,0.0,,,39.3086222246083,0.0010328792046,-28.5755991304274,0.0015378783803,1.0207551421332,0.0344280742861,0.0,0.0,0.0,0.0,0.0,0.0,0.0,0.0,0,0,0,951957b0-4aff-4ec4-8a15-9478cb227359,0,0,0
32,86,0.0,0.0,,,39.2926976194562,0.0010716996924,-28.566883897588,0.0015688267694,0.9102759332993,0.0310117821476,0.0,0.0,0.0,0.0,0.0,0.0,0.0,0.0,0,0,0,23ab6313-c2f3-43e6-8622-9ff31125267c,0,0,0
33,82,0.0,0.0,,,39.2646861761869,0.0010017030833,-28.5175440800129,0.0015292763443,1.0003562059523,0.0319691902779,0.0,0.0,0.0,0.0,0.0,0.0,0.0,0.0,0,0,0,03b991f1-710b-4196-bce4-5c98f051b298,0,0,0
34,20,0.0,0.0,,,39.2557791173872,0.0010701682551,-28.5721810972937,0.0014742477287,0.9577813245134,0.0314152960129,0.0,0.0,0.0,0.0,0.0,0.0,0.0,0.0,0,0,0,f71d962c-e9f1-4639-907c-1c7832791c7c,0,0,0
35,49,0.0,0.0,,,39.2384398474175,0.0010152194546,-28.5903367769241,0.0015074228163,1.0320925038586,0.0332507264634,0.0,0.0,0.0,0.0,0.0,0.0,0.0,0.0,0,0,0,0793e877-406a-4152-b21b-49edb0d31c85,0,0,0
36,27,0.0,0.0,,,39.2648848658735,0.0010109879311,-28.6108494945684,0.0015355104056,1.0324035823231,0.0342639885275,0.0,0.0,0.0,0.0,0.0,0.0,0.0,0.0,0,0,0,efcc08fe-1915-46f3-995f-d88408fb38cc,0,0,0
37,46,0.0,0.0,,,39.2853821062414,0.0010201859642,-28.671984774059,0.001582205421,0.9218311422076,0.0313686357988,0.0,0.0,0.0,0.0,0.0,0.0,0.0,0.0,0,0,0,ad257765-8a42-460e-be4d-f2dfb32630d3,0,0,0
38,20,0.0,0.0,,,39.3018293109684,0.0010614190823,-28.6020155191803,0.0015590091276,0.9315556176803,0.0318384325592,0.0,0.0,0.0,0.0,0.0,0.0,0.0,0.0,0,0,0,f088e6b2-524d-457b-9653-f7ba84a954c8,0,0,0
39,96,0.0,0.0,,,39.2697669699741,0.0010651070627,-28.637082334246,0.0015137366075,0.9741611115912,0.0329405113933,0.0,0.0,0.0,0.0,0.0,0.0,0.0,0.0,0,0,0,db9f2ba8-d6c5-4bed-9e6b-f095290bab28,0,0,0
40,85,0.0,0.0,,,39.3795070518327,0.001078923762,-28.6181256411011,0.001516844385,0.9897898459706,0.030009495822,0.0,0.0,0.0,0.0,0.0,0.0,0.0,0.0,0,0,0,c2b63ccd-ceb3-4704-883e-6863c4ee75a3,0,0,0
41,3,0.0,0.0,,,39.2300684404303,0.0010086571553,-28.6691670662504,0.0014843929122,0.9929499237688,0.0311974859114,0.0,0.0,0.0,0.0,0.0,0.0,0.0,0.0,0,0,0,82435bb6-b07c-4674-adfa-3b6b0cb96d6c,0,0,0
42,49,0.0,0.0,,,39.2792392500259,0.0010389944015,-28.5925322363684,0.0015158382694,0.965514597843,0.033918460151,0.0,0.0,0.0,0.0,0.0,0.0,0.0,0.0,0,0,0,3edb5920-cc7f-42cd-ab6e-de21b7d2854c,0,0,0
43,9,0.0,0.0,,,39.2412407265431,0.0010457241192,-28.5565059426289,0.0015812097725,0.9341959014849,0.0315867189243,0.0,0.0,0.0,0.0,0.0,0.0,0.0,0.0,0,0,0,48069cce-83c2-42ec-8a46-a2bfde2f11b2,0,0,0
44,1,0.0,0.0,,,39.2743447406247,0.0010598177715,-28.583933317341,0.0016214210584,0.9425003623408,0.0340582053628,0.0,0.0,0.0,0.0,0.0,0.0,0.0,0.0,0,0,0,f5b79767-1c26-4910-b3d8-1bc408dc2b4d,0,0,0
45,35,0.0,0.0,,,39.2686513279911,0.0010184108482,-28.5931212871497,0.0015889792916,0.9606149223364,0.030637182399,0.0,0.0,0.0,0.0,0.0,0.0,0.0,0.0,0,0,0,1d59a96a-7762-4182-9f7e-2fd1551c122f,0,0,0
46,39,0.0,0.0,,,39.2446711641286,0.0010060089108,-28.6422845605851,0.0014916829701,0.9496382781438,0.0321392700923,0.0,0.0,0.0,0.0,0.0,0.0,0.0,0.0,0,0,0,aebe78fb-f888-43b2-8ec0-934354b83b22,0,0,0
47,34,0.0,0.0,,,39.2760692633944,0.0010281525945,-28.5103108613486,0.0015731473087,1.0209776582796,0.0325854884378,0.0,0.0,0.0,0.0,0.0,0.0,0.0,0.0,0,0,0,5b6df204-d5d3-481c-aad4-d2312969ce6b,0,0,0
48,71,0.0,0.0,,,39.2148399679944,0.0010440382655,-28.5932525286531,0.0015700143618,1.0042910020976,0.0311626212716,0.0,0.0,0.0,0.0,0.0,0.0,0.0,0.0,0,0,0,5691cea2-628b-4fe8-b8e2-4ea02af8e05a,0,0,0
49,92,0.0,0.0,,,39.2718751662324,0.0010540753113,-28.4972170645908,0.0015284771896,0.9536470764827,0.0313794810689,0.0,0.0,0.0,0.0,0.0,0.0,0.0,0.0,0,0,0,568637b2-8759-44ea-85a6-9458d46fd1aa,0,0,0
0,18,0.0,0.0,,,38.4785055885176,0.000694920059,-29.7438170366062,0.0008164628136,1.4546264949165,0.0290143476506,0.0,0.0,0.0,0.0,0.0,0.0,0.0,0.0,0,0,0,05f7540e-77a3-42ee-a4b1-4e5d805d81d2,0,0,0
1,12,0.0,0.0,,,38.4562435266216,0.0006703505486,-29.715709009614,0.0008685431968,1.5432958401351,0.0312444232841,0.0,0.0,0.0,0.0,0.0,0.0,0.0,0.0,0,0,0,0d912ac7-fa2c-4595-b3a4-80a204dacbb5,0,0,0
2,15,0.0,0.0,,,38.4701870020902,0.0007040174796,-29.6868035763813,0.0008556224555,1.4763191851062,0.0324546606759,0.0,0.0,0.0,0.0,0.0,0.0,0.0,0.0,0,0,0,33c61c1e-2849-4165-ba74-b6f19ee492bc,0,0,0
3,17,0.0,0.0,,,38.5614484705261,0.0006785228721,-29.6632454341809,0.0008392062431,1.502539822435,0.029080693797,0.0,0.0,0.0,0.0,0.0,0.0,0.0,0.0,0,0,0,dedb54c3-b4bf-48a3-bd2f-f54857c07a9d,0,0,0
4,35,0.0,0.0,,,38.5090229521981,0.0006650178542,-29.7235273796511,0.0008404192499,1.5250611616038,0.0307682458075,0.0,0.0,0.0,0.0,0.0,0.0,0.0,0.0,0,0,0,5acea649-2ccb-43a6-8036-41f1f0593706,0,0,0
5,16,0.0,0.0,,,38.483768953918,0.0006737872285,-29.7495311527646,0.0008543384754,1.4434841989396,0.0309131809566,0.0,0.0,0.0,0.0,0.0,0.0,0.0,0.0,0,0,0,4e474428-8b22-4b5a-ab70-105d101a18fa,0,0,0
6,94,0.0,0.0,,,38.5367008940803,0.0006851654781,-29.6923999138296,0.0008468081389,1.5134574376492,0.0309792412348,0.0,0.0,0.0,0.0,0.0,0.0,0.0,0.0,0,0,0,5b05b651-4dc7-4b30-8b2b-9d6a4a9a1796,0,0,0
7,36,0.0,0.0,,,38.4960660454335,0.0006938291725,-29.7160716142804,0.0008391722627,1.5037171524478,0.0330480951952,0.0,0.0,0.0,0.0,0.0,0.0,0.0,0.0,0,0,0,26524156-c1b1-426b-807c-175c651eaed2,0,0,0
8,26,0.0,0.0,,,38.5232645639549,0.0006599947935,-29.7196116519114,0.0008341467903,1.4301288499575,0.0304868541874,0.0,0.0,0.0,0.0,0.0,0.0,0.0,0.0,0,0,0,b4aec5fe-0974-4e7a-a072-c85d716d344c,0,0,0
9,39,0.0,0.0,,,38.5706566867022,0.000690934337,-29.7595280098514,0.000800502618,1.5051680757405,0.0343129753244,0.0,0.0,0.0,0.0,0.0,0.0,0.0,0.0,0,0,0,45f75d63-29a8-463c-aab8-062600475292,0,0,0
10,19,0.0,0.0,,,38.4715604346067,0.0006621548844,-29.7780815489563,0.0008321171827,1.5093408920198,0.0305139584398,0.0,0.0,0.0,0.0,0.0,0.0,0.0,0.0,0,0,0,59274f54-a2b2-4929-a6ff-7f97f4eb432e,0,0,0
11,85,0.0,0.0,,,38.6228623974797,0.0006982016753,-29.7079471784066,0.0008421023928,1.5392520252036,0.0297143543596,0.0,0.0,0.0,0.0,0.0,0.0,0.0,0.0,0,0,0,8ef3a0c8-e619-4cac-8d7f-3424e9587e22,0,0,0
12,9,0.0,0.0,,,38.5351192879688,0.0006952323591,-29.652541320572,0.000864889046,1.5198342650695,0.030833030097,0.0,0.0,0.0,0.0,0.0,0.0,0.0,0.0,0,0,0,4ac8e844-3756-4a0e-ba33-9f3b1b7e4ea3,0,0,0
13,1,0.0,0.0,,,38.4836943498921,0.0006645891625,-29.7068337311109,0.0008412983597,1.5052543638564,0.0341288142083,0.0,0.0,0.0,0.0,0.0,0.0,0.0,0.0,0,0,0,81b61551-9b69-4197-b1c2-7f433efda50e,0,0,0
14,22,0.0,0.0,,,38.4752354333972,0.0006856029776,-29.6942040517752,0.0008550369672,1.4849439969165,0.0309120714352,0.0,0.0,0.0,0.0,0.0,0.0,0.0,0.0,0,0,0,bf3e13e4-21a1-4655-8b8a-509244e4ea9f,0,0,0
15,26,0.0,0.0,,,38.5287527383284,0.0006956431567,-29.7050082793041,0.0008795632134,1.5266443373277,0.0308454092974,0.0,0.0,0.0,0.0,0.0,0.0,0.0,0.0,0,0,0,93395c0d-c823-4020-9f17-87be94b9cf62,0,0,0
16,6,0.0,0.0,,,38.5539844672362,0.0006911141031,-29.6978482833606,0.0008160245653,1.5748817971896,0.0334677350179,0.0,0.0,0.0,0.0,0.0,0.0,0.0,0.0,0,0,0,22617e16-0ee5-4bba-9135-21342a7021e8,0,0,0
17,65,0.0,0.0,,,38.4413853545495,0.0006909480126,-29.7798581186036,0.0008223528607,1.5318372972434,0.0310390067162,0.0,0.0,0.0,0.0,0.0,0.0,0.0,0.0,0,0,0,5b8b5797-5387-407d-a309-1858e6ed393a,0,0,0
18,58,0.0,0.0,,,38.529789360716,0.0006798366359,-29.7207284023507,0.0008193209607,1.5321623128692,0.0295389795666,0.0,0.0,0.0,0.0,0.0,0.0,0.0,0.0,0,0,0,a8eb861c-7a72-4d7f-b6d6-fc62eb5b5d2b,0,0,0
19,12,0.0,0.0,,,38.5172765232091,0.0006822885688,-29.7006991206172,0.0008089331598,1.4448352264298,0.0254647662053,0.0,0.0,0.0,0.0,0.0,0.0,0.0,0.0,0,0,0,539f3866-8eb7-4a0c-a8d1-7162da2e5704,0,0,0
20,0,0.0,0.0,,,38.5004110697605,0.0006550119318,-29.6998520571665,0.0008139466988,1.5237934209365,0.0263473775392,0.0,0.0,0.0,0.0,0.0,0.0,0.0,0.0,0,0,0,3b08dedc-1610-4464-8c55-457d6eecabe3,0,0,0
21,8,0.0,0.0,,,38.4778381081448,0.0007106684818,-29.6991466549846,0.0008305951835,1.4795387993283,0.0278847350447,0.0,0.0,0.0,0.0,0.0,0.0,0.0,0.0,0,0,0,9c1f765b-ea12-427e-9523-78d6c96e84df,0,0,0
22,24,0.0,0.0,,,38.4632621893066,0.0006945883541,-29.7107408435548,0.0008548993616,1.4947909483916,0.0288610552016,0.0,0.0,0.0,0.0,0.0,0.0,0.0,0.0,0,0,0,b6040df1-7055-4b0e-8e8a-5eb5ebec9e1a,0,0,0
23,52,0.0,0.0,,,38.5138643111508,0.0006976349522,-29.7725917876957,0.0008584284957,1.5394661437202,0.0300061298941,0.0,0.0,0.0,0.0,0.0,0.0,0.0,0.0,0,0,0,b5b25425-6ff7-4b8c-9b59-e20ad1fb5cf7,0,0,0
24,65,0.0,0.0,,,38.5229408979722,0.0007109799028,-29.6464448456515,0.00085129262,1.5720670025771,0.0305652492848,0.0,0.0,0.0,0.0,0.0,0.0,0.0,0.0,0,0,0,a46a3910-3649-4c69-9492-5b4e3e4231e9,0,0,0
25,64,0.0,0.0,,,38.4480062904108,0.0006849161436,-29.7178070939301,0.0008230005507,1.5499608065486,0.0302033441094,0.0,0.0,0.0,0.0,0.0,0.0,0.0,0.0,0,0,0,1de3e5ef-9280-4764-9a96-1e98495dfdee,0,0,0
26,88,0.0,0.0,,,38.5259840833161,0.0006716244238,-29.7305454242449,0.0008563424059,1.5496461428939,0.0284326484691,0.0,0.0,0.0,0.0,0.0,0.0,0.0,0.0,0,0,0,42025960-87d8-4162-8192-e9e7ccc825a5,0,0,0
27,5,0.0,0.0,,,38.5064302886074,0.000676535579,-29.6627006383044,0.0008232023171,1.4895972944771,0.0313239154303,0.0,0.0,0.0,0.0,0.0,0.0,0.0,0.0,0,0,0,1e1818fd-56cd-488f-a3cd-0313fb2b0eb3,0,0,0
28,78,0.0,0.0,,,38.505412019151,0.0006920275648,-29.6751786009476,0.0008341075287,1.482601078707,0.0283246774094,0.0,0.0,0.0,0.0,0.0,0.0,0.0,0.0,0,0,0,09755a8c-f73d-49e3-9e6f-f80d64d3db57,0,0,0
29,33,0.0,0.0,,,38.5732612101532,0.0007283286627,-29.6913145786246,0.0008307538704,1.4833213704104,0.03101426173,0.0,0.0,0.0,0.0,0.0,0.0,0.0,0.0,0,0,0,da413b8c-b118-434e-bfdf-6ba7f65c423d,0,0,0
30,85,0.0,0.0,,,38.5326500162875,0.0007111807585,-29.6733863301064,0.0008485687227,1.5387464931695,0.0305118246154,0.0,0.0,0.0,0.0,0.0,0.0,0.0,0.0,0,0,0,9a39c016-0c0d-4050-be9a-d99ef11cf274,0,0,0
31,72,0.0,0.0,,,38.467045033884,0.0006634913188,-29.7467322221615,0.000843761548,1.5219742886053,0.0312512651112,0.0,0.0,0.0,0.0,0.0,0.0,0.0,0.0,0,0,0,5549ed07-3859-4761-a138-618faaf124b3,0,0,0
32,58,0.0,0.0,,,38.5474117382538,0.0006886277411,-29.6966528832051,0.0008424432875,1.517430782206,0.0295088055263,0.0,0.0,0.0,0.0,0.0,0.0,0.0,0.0,0,0,0,4712058a-0777-41ef-a021-bbd625546a61,0,0,0
33,61,0.0,0.0,,,38.5176400470382,0.00072450811,-29.613657495789,0.0008363978958,1.6063856659094,0.0316149320547,0.0,0.0,0.0,0.0,0.0,0.0,0.0,0.0,0,0,0,c9c28c61-b877-4dcc-83a7-27122d44ae88,0,0,0
34,61,0.0,0.0,,,38.4613785460336,0.0006998476497,-29.7570207845854,0.0008381494074,1.516133254606,0.0306526998956,0.0,0.0,0.0,0.0,0.0,0.0,0.0,0.0,0,0,0,6cbb8ae2-276e-4981-9644-840905e0e729,0,0,0
35,41,0.0,0.0,,,38.4817534589254,0.0006794229009,-29.7105983844363,0.0008422477383,1.4924833991035,0.0300959136219,0.0,0.0,0.0,0.0,0.0,0.0,0.0,0.0,0,0,0,9d6a4f46-7b24-4efb-8107-11ce99b7d7e4,0,0,0
36,63,0.0,0.0,,,38.4838083249602,0.0007099076638,-29.6325584863163,0.0008076692577,1.5203169482764,0.0280574005999,0.0,0.0,0.0,0.0,0.0,0.0,0.0,0.0,0,0,0,e0ae5512-b1f9-426c-99e0-8a942b34d637,0,0,0
37,58,0.0,0.0,,,38.5691729435633,0.0007020582597,-29.7772778873651,0.0008100760878,1.5476378291537,0.0323362424921,0.0,0.0,0.0,0.0,0.0,0.0,0.0,0.0,0,0,0,99ab0722-9df5-4403-a75a-bd584db7fc26,0,0,0
38,10,0.0,0.0,,,38.5424426049915,0.0006903788232,-29.7822051900351,0.0008272051717,1.5105223784972,0.0307292090659,0.0,0.0,0.0,0.0,0.0,0.0,0.0,0.0,0,0,0,926debb1-efb4-4fed-895c-29e73b6baffe,0,0,0
39,93,0.0,0.0,,,38.5224387400395,0.0006934096509,-29.6858477922589,0.0008495686003,1.5603862867023,0.0318524016772,0.0,0.0,0.0,0.0,0.0,0.0,0.0,0.0,0,0,0,1773643d-335c-4370-9f6e-93aa2ac19424,0,0,0
40,68,0.0,0.0,,,38.5149357242601,0.0007085539321,-29.658988238979,0.0008328829733,1.5207997631639,0.031050938206,0.0,0.0,0.0,0.0,0.0,0.0,0.0,0.0,0,0,0,e5c4fd92-cf78-4a2d-8745-928dedba7eb1,0,0,0
41,81,0.0,0.0,,,38.4968285227773,0.000684752102,-29.6918810412638,0.0008502949122,1.5162858277174,0.0316092134748,0.0,0.0,0.0,0.0,0.0,0.0,0.0,0.0,0,0,0,b1881bd3-a610-46e0-b7da-4dd597924d10,0,0,0
42,31,0.0,0.0,,,38.4916155738195,0.0006833765221,-29.7460799924649,0.0008527882304,1.5514892453508,0.0292400102385,0.0,0.0,0.0,0.0,0.0,0.0,0.0,0.0,0,0,0,d5d6c32e-faeb-4aad-9208-1060827b4c60,0,0,0
43,71,0.0,0.0,,,38.5472976342602,0.0006896185897,-29.681090487992,0.000847176753,1.4950025661235,0.0301055270485,0.0,0.0,0.0,0.0,0.0,0.0,0.0,0.0,0,0,0,3641d039-89b2-47c2-9a9f-11e50348f172,0,0,0
44,70,0.0,0.0,,,38.5061204572165,0.0006827612864,-29.6500176791329,0.0008574014541,1.4868398154722,0.0311267686122,0.0,0.0,0.0,0.0,0.0,0.0,0.0,0.0,0,0,0,e4952039-c860-46ef-a35c-d5f03ad6812d,0,0,0
45,76,0.0,0.0,,,38.4745391495186,0.0006848614292,-29.7027128532065,0.0008465203012,1.5493134722684,0.0302701922429,0.0,0.0,0.0,0.0,0.0,0.0,0.0,0.0,0,0,0,dbcf365d-262c-4150-937c-0f5533834fdb,0,0,0
46,15,0.0,0.0,,,38.4926925330699,0.0006960335884,-29.7317198804398,0.0008448329481,1.5257197610905,0.0311902865833,0.0,0.0,0.0,0.0,0.0,0.0,0.0,0.0,0,0,0,7899ab98-6733-45d2-8f08-d3a287601cf3,0,0,0
47,3,0.0,0.0,,,38.4833603127304,0.0006946709905,-29.699250903009,0.0008496272404,1.4997973028477,0.0315999146219,0.0,0.0,0.0,0.0,0.0,0.0,0.0,0.0,0,0,0,53c21fb7-da8b-4bec-8d35-51f9e53a41bd,0,0,0
48,28,0.0,0.0,,,38.5096234672521,0.0006957754766,-29.6713074949418,0.0008264350642,1.5122031342287,0.0322001156916,0.0,0.0,0.0,0.0,0.0,0.0,0.0,0.0,0,0,0,969c8c79-0ab1-44d0-9805-32f09b681504,0,0,0
49,34,0.0,0.0,,,38.4698457107916,0.0006921146286,-29.7187651483666,0.0008120431707,1.5053736712021,0.0326894185711,0.0,0.0,0.0,0.0,0.0,0.0,0.0,0.0,0,0,0,f78a7228-26d5-4697-8f92-cffed3b04b5d,0,0,0
0,26,0.0,0.0,,,40.8132042557603,0.0019156959149,-27.502433590623,0.0020321605092,0.7861676786199,0.0373509580769,0.0,0.0,0.0,0.0,0.0,0.0,0.0,0.0,0,0,0,391b442e-b84e-40e7-86c8-d8af75caab6c,0,0,0
1,29,0.0,0.0,,,40.6920520304832,0.0019199620484,-27.5221423507074,0.0020017324034,0.830407899705,0.0385379008115,0.0,0.0,0.0,0.0,0.0,0.0,0.0,0.0,0,0,0,41656c6b-dabf-4acd-8dfa-61b08ad89847,0,0,0
2,81,0.0,0.0,,,40.796259521264,0.001957804896,-27.4290393262888,0.0019684556888,0.7108044429147,0.0379422499007,0.0,0.0,0.0,0.0,0.0,0.0,0.0,0.0,0,0,0,09cc70a0-b00b-4b38-8243-eef852e5d8e3,0,0,0
3,77,0.0,0.0,,,40.7757818081036,0.0020563221898,-27.4306289877513,0.0019797220692,0.786640063419,0.0395070864808,0.0,0.0,0.0,0.0,0.0,0.0,0.0,0.0,0,0,0,98beb223-005c-4fd0-a27f-c94c8140ab97,0,0,0
4,56,0.0,0.0,,,40.738077750962,0.0019889900969,-27.4385763066511,0.0019299238157,0.7504128324968,0.0371134846175,0.0,0.0,0.0,0.0,0.0,0.0,0.0,0.0,0,0,0,01dbcef5-64b0-4edd-9852-eb28ec5545dc,0,0,0
5,77,0.0,0.0,,,40.8272940383576,0.001979974294,-27.4797303847637,0.0019592830925,0.803547908173,0.0379633217934,0.0,0.0,0.0,0.0,0.0,0.0,0.0,0.0,0,0,0,480c9480-2bda-46f5-a4d1-c96aae5d05e2,0,0,0
6,9,0.0,0.0,,,40.8087800463536,0.00196437372,-27.5156887984489,0.0019428186827,0.7269207446447,0.0347814603942,0.0,0.0,0.0,0.0,0.0,0.0,0.0,0.0,0,0,0,046bc684-6be8-465b-9d45-00908daf0822,0,0,0
7,64,0.0,0.0,,,40.787374604437,0.0019761535891,-27.5126171919743,0.0019906234633,0.7364623777088,0.0420344807648,0.0,0.0,0.0,0.0,0.0,0.0,0.0,0.0,0,0,0,6f732e44-8f4b-4a0a-9cd8-b0de43645b67,0,0,0
8,60,0.0,0.0,,,40.7668416596462,0.0019217725847,-27.4468719903112,0.0020396648812,0.8189460054914,0.0367553421028,0.0,0.0,0.0,0.0,0.0,0.0,0.0,0.0,0,0,0,23da5d9e-ea23-49c3-9b34-c0e071077b31,0,0,0
9,92,0.0,0.0,,,40.8797692754055,0.0020577930901,-27.522269755259,0.0019648946878,0.7785109037909,0.0398213634613,0.0,0.0,0.0,0.0,0.0,0.0,0.0,0.0,0,0,0,15fd4ad1-6ee4-4439-b2cc-b9c8f937fee2,0,0,0
10,30,0.0,0.0,,,40.8139224785786,0.0019966481602,-27.5206765758916,0.0020250461386,0.7799580462794,0.0364114060417,0.0,0.0,0.0,0.0,0.0,0.0,0.0,0.0,0,0,0,1960bc42-303c-4ea0-abb9-131748faa711,0,0,0
11,36,0.0,0.0,,,40.8355132293193,0.0019205337695,-27.4782035452509,0.0019583096158,0.7613785824147,0.0372798925269,0.0,0.0,0.0,0.0,0.0,0.0,0.0,0.0,0,0,0,f9f0c5bd-eb3b-4303-b0ec-d481e119d0b2,0,0,0
12,55,0.0,0.0,,,40.7892227244556,0.0019362958075,-27.468337147137,0.0020445655105,0.7731445978746,0.0383251406262,0.0,0.0,0.0,0.0,0.0,0.0,0.0,0.0,0,0,0,8e2dff7c-d203-4bee-9e27-6b0c318e5141,0,0,0
13,9,0.0,0.0,,,40.7681271437072,0.0020336614315,-27.4778337029247,0.0019344468735,0.7212412981194,0.0367447070689,0.0,0.0,0.0,0.0,0.0,0.0,0.0,0.0,0,0,0,a7c4f95f-c823-4504-b598-21aa1d10d0a2,0,0,0
14,86,0.0,0.0,,,40.8598907298499,0.0020118770329,-27.4593751416986,0.0019591010326,0.7887646253462,0.0390417196478,0.0,0.0,0.0,0.0,0.0,0.0,0.0,0.0,0,0,0,0527c317-7026-442b-88c4-37a44405953b,0,0,0
15,77,0.0,0.0,,,40.8190390218611,0.0020389952054,-27.4683228220138,0.0020676657085,0.7410764143677,0.0413213814572,0.0,0.0,0.0,0.0,0.0,0.0,0.0,0.0,0,0,0,6ae049e9-3bbb-4021-a194-06f84adbd520,0,0,0
16,40,0.0,0.0,,,40.7982086459952,0.0019779508869,-27.5318203349535,0.0019815806241,0.7588626677437,0.0351611705945,0.0,0.0,0.0,0.0,0.0,0.0,0.0,0.0,0,0,0,f1d77e03-c57b-400a-a4b6-7672706d9bbd,0,0,0
17,23,0.0,0.0,,,40.8732471919865,0.0019309830219,-27.4899015696157,0.0020631854489,0.7489183888998,0.0381628678124,0.0,0.0,0.0,0.0,0.0,0.0,0.0,0.0,0,0,0,3f6aa5ce-4564-4f07-a483-d122923a8ccf,0,0,0
18,45,0.0,0.0,,,40.7846228621142,0.0019942113171,-27.4829300102485,0.0020012237508,0.756440495853,0.0353624780234,0.0,0.0,0.0,0.0,0.0,0.0,0.0,0.0,0,0,0,f80526d2-6bce-4bd8-89bf-3eb19143f56e,0,0,0
19,33,0.0,0.0,,,40.8299290440302,0.0020216867724,-27.5240890493434,0.002026275732,0.7219621994788,0.0363409830284,0.0,0.0,0.0,0.0,0.0,0.0,0.0,0.0,0,0,0,44ad4ce0-764c-4d89-bed9-bae5faccaaa5,0,0,0
20,87,0.0,0.0,,,40.7959420550815,0.0020404665006,-27.4222317608452,0.0020438540387,0.7700985712326,0.0347979929641,0.0,0.0,0.0,0.0,0.0,0.0,0.0,0.0,0,0,0,81f47fee-a051-49bf-b59e-d9ad57650e61,0,0,0
21,32,0.0,0.0,,,40.8992534591754,0.002050349802,-27.5495073737881,0.0019439759206,0.7485132176324,0.0401021383253,0.0,0.0,0.0,0.0,0.0,0.0,0.0,0.0,0,0,0,cd590b8f-792c-466c-a4d0-eb2c811349d7,0,0,0
22,30,0.0,0.0,,,40.7377373290739,0.0020256153836,-27.4404193270466,0.0020567152941,0.7205285884072,0.0359951005978,0.0,0.0,0.0,0.0,0.0,0.0,0.0,0.0,0,0,0,74a1d91b-c3fd-4486-b884-7e0137b0fe86,0,0,0
23,46,0.0,0.0,,,40.8505581032279,0.0019364529854,-27.4678304692464,0.0020408621744,0.8086333282636,0.038814690766,0.0,0.0,0.0,0.0,0.0,0.0,0.0,0.0,0,0,0,699ccc32-5773-40ef-85b9-2285acb131dd,0,0,0
24,79,0.0,0.0,,,40.8222424170929,0.0019213149326,-27.6063031604886,0.002075618927,0.7912766988779,0.0371922945956,0.0,0.0,0.0,0.0,0.0,0.0,0.0,0.0,0,0,0,8f9df128-a902-4a86-9a3d-ffe1cdac87aa,0,0,0
25,82,0.0,0.0,,,40.8339284018133,0.001959219451,-27.4986283130551,0.0020514388945,0.7897186268356,0.034993624482,0.0,0.0,0.0,0.0,0.0,0.0,0.0,0.0,0,0,0,7be9e138-0590-4324-8d52-cba6d53b8907,0,0,0
26,50,0.0,0.0,,,40.7782598936727,0.0020303455548,-27.4520319111746,0.002039559794,0.7151573680519,0.0391674630013,0.0,0.0,0.0,0.0,0.0,0.0,0.0,0.0,0,0,0,6541f947-5f7c-4ee1-920d-3c873d22c594,0,0,0
27,49,0.0,0.0,,,40.7856205574363,0.0019639235378,-27.5243956842639,0.0020287771841,0.7171808849438,0.0367405535423,0.0,0.0,0.0,0.0,0.0,0.0,0.0,0.0,0,0,0,8715fb90-7153-4eb7-8fbb-5762fa0cd696,0,0,0
28,23,0.0,0.0,,,40.8223727208225,0.0019376260355,-27.631149577051,0.0020803550179,0.67792131769,0.0386377585997,0.0,0.0,0.0,0.0,0.0,0.0,0.0,0.0,0,0,0,acd162e1-7793-48df-a0cc-35abf50073c8,0,0,0
29,62,0.0,0.0,,,40.82858207557,0.0018994532805,-27.4945174901463,0.0020798037669,0.7967579901949,0.0373965700399,0.0,0.0,0.0,0.0,0.0,0.0,0.0,0.0,0,0,0,b585efb2-91ec-4e9b-b46e-fb225559a08d,0,0,0
30,44,0.0,0.0,,,40.7828271630427,0.0019348445265,-27.4481758500754,0.0020214665413,0.7698625885297,0.0352680902188,0.0,0.0,0.0,0.0,0.0,0.0,0.0,0.0,0,0,0,d0a89a56-c9d2-49e8-a204-185983a18d04,0,0,0
31,52,0.0,0.0,,,40.8108598609466,0.0019741339621,-27.5299677651128,0.0019862706295,0.7206356500698,0.0382916785582,0.0,0.0,0.0,0.0,0.0,0.0,0.0,0.0,0,0,0,59a617e8-21ae-4a22-8552-0fd29af62c8b,0,0,0
32,83,0.0,0.0,,,40.839408659548,0.0019428244921,-27.5147346456276,0.0020424310545,0.7827223132406,0.0338765027321,0.0,0.0,0.0,0.0,0.0,0.0,0.0,0.0,0,0,0,bb92a107-d166-4bea-ab0c-6e3664286232,0,0,0
33,0,0.0,0.0,,,40.7735135673668,0.0019670805976,-27.4824258743633,0.0019730991263,0.7670282441204,0.0372203139717,0.0,0.0,0.0,0.0,0.0,0.0,0.0,0.0,0,0,0,db44507e-8353-4a7e-a318-46f43285d288,0,0,0
34,21,0.0,0.0,,,40.8628548622708,0.0019961076091,-27.4638126483617,0.0020261037785,0.7969575394389,0.0406922550072,0.0,0.0,0.0,0.0,0.0,0.0,0.0,0.0,0,0,0,b54ccddb-92b0-4df7-9101-c2c9afe2d227,0,0,0
35,73,0.0,0.0,,,40.8123955766726,0.001973064876,-27.4566952916612,0.0019803797328,0.6853623299352,0.0355010294371,0.0,0.0,0.0,0.0,0.0,0.0,0.0,0.0,0,0,0,9492c06c-294c-43e0-944a-092a78a51dbf,0,0,0
36,33,0.0,0.0,,,40.7616599753485,0.0020182509005,-27.4495163787174,0.0020021970359,0.7999776691168,0.0385531851731,0.0,0.0,0.0,0.0,0.0,0.0,0.0,0.0,0,0,0,d7187cee-8a47-446a-9a11-3fd68296997a,0,0,0
37,81,0.0,0.0,,,40.7912129544021,0.0020336659669,-27.4976209409549,0.0020000374929,0.8031654866378,0.0397302251183,0.0,0.0,0.0,0.0,0.0,0.0,0.0,0.0,0,0,0,71f96aa0-245d-44cb-95c0-cfb0e378f455,0,0,0
38,6,0.0,0.0,,,40.7527973967156,0.0019981961429,-27.4941850823069,0.0019505307564,0.6745427261003,0.034692490166,0.0,0.0,0.0,0.0,0.0,0.0,0.0,0.0,0,0,0,ba191e50-7734-4e82-af3f-29d49501288a,0,0,0
39,97,0.0,0.0,,,40.6923223534134,0.0019004577651,-27.4660206766905,0.0020336545599,0.6949978312257,0.033911794155,0.0,0.0,0.0,0.0,0.0,0.0,0.0,0.0,0,0,0,db5b2921-3a6f-43db-8e80-939f078ec404,0,0,0
40,7,0.0,0.0,,,40.8395419390565,0.0019713498626,-27.4703982981279,0.0020769056828,0.7844714466462,0.0362820190289,0.0,0.0,0.0,0.0,0.0,0.0,0.0,0.0,0,0,0,1215de30-32ce-494f-a63f-2118a50ba924,0,0,0
41,25,0.0,0.0,,,40.7356190193009,0.0019875255917,-27.4665976737011,0.0019453285091,0.7222815925842,0.0348281380526,0.0,0.0,0.0,0.0,0.0,0.0,0.0,0.0,0,0,0,2fc7ad70-2bee-4787-96ec-e143b0a8c5d9,0,0,0
42,39,0.0,0.0,,,40.8165391872447,0.0020968595732,-27.4782181689687,0.0020135072296,0.7186732492639,0.0371260480718,0.0,0.0,0.0,0.0,0.0,0.0,0.0,0.0,0,0,0,6b324462-4a36-4eb6-bc6e-1d5dd3a1c6aa,0,0,0
43,31,0.0,0.0,,,40.8005212704068,0.0020319071274,-27.4641534084314,0.0019415037804,0.7776384598279,0.0376455248244,0.0,0.0,0.0,0.0,0.0,0.0,0.0,0.0,0,0,0,7cd8fb5b-7a5f-42b1-83f6-8d22dd27a2cf,0,0,0
44,25,0.0,0.0,,,40.7832842601888,0.0020413654903,-27.5405987178522,0.0019424848313,0.7352590272105,0.0371760860022,0.0,0.0,0.0,0.0,0.0,0.0,0.0,0.0,0,0,0,6a438380-33f6-41a5-87c6-d7f6cac2673d,0,0,0
45,1,0.0,0.0,,,40.7856712550036,0.0019792460874,-27.5188016978987,0.0020128857829,0.71441332963,0.036604307957,0.0,0.0,0.0,0.0,0.0,0.0,0.0,0.0,0,0,0,d2bf6d7e-16bd-411b-b4a7-c31fa7660f59,0,0,0
46,84,0.0,0.0,,,40.7876287839879,0.0020364449959,-27.4495042315371,0.0020763903294,0.7885007881189,0.0370730221962,0.0,0.0,0.0,0.0,0.0,0.0,0.0,0.0,0,0,0,293ff3c5-937f-4613-96b4-4f659bae5b89,0,0,0
47,40,0.0,0.0,,,40.8836329683957,0.0019836160141,-27.4872293035517,0.0019811716753,0.7203338496638,0.0385335976243,0.0,0.0,0.0,0.0,0.0,0.0,0.0,0.0,0,0,0,96777ce8-f7f4-4a0e-9ccb-42adfb408a0b,0,0,0
48,67,0.0,0.0,,,40.7560779124831,0.0020413349129,-27.4458420072732,0.0020821171191,0.712066997014,0.0382519005665,0.0,0.0,0.0,0.0,0.0,0.0,0.0,0.0,0,0,0,ce838548-a178-47bc-b7be-1dad4f275caa,0,0,0
49,86,0.0,0.0,,,40.81932921571,0.0019606174112,-27.5516073157512,0.0020282836991,0.7702688213874,0.0378610028821,0.0,0.0,0.0,0.0,0.0,0.0,0.0,0.0,0,0,0,7b0857b0-74e5-4967-82b7-5692c8eb195e,0,0,0
0,42,0.0,0.0,,,39.0243273260408,0.0003100352295,-28.7910096901827,0.0003886732835,3.437683765416,0.0332647741247,0.0,0.0,0.0,0.0,0.0,0.0,0.0,0.0,0,0,0,a183ecc0-0edc-4581-ad81-b5cd8cb51587,0,0,0
1,82,0.0,0.0,,,39.0125181170743,0.000316773541,-28.7944969263672,0.0003835355548,3.4653926957472,0.0326935553953,0.0,0.0,0.0,0.0,0.0,0.0,0.0,0.0,0,0,0,a7e866ab-502a-4b0d-948e-5d3859265374,0,0,0
2,68,0.0,0.0,,,39.0613412637784,0.0002935119518,-28.8524260601156,0.0003903423038,3.4902940107731,0.0312586002448,0.0,0.0,0.0,0.0,0.0,0.0,0.0,0.0,0,0,0,3bc9a6bb-e517-4eb4-bc81-6a980bd45fd2,0,0,0
3,70,0.0,0.0,,,38.9881875462545,0.0003012404321,-28.8307065853214,0.0003800436177,3.4493597804312,0.0312748107683,0.0,0.0,0.0,0.0,0.0,0.0,0.0,0.0,0,0,0,716bd435-18a9-448a-95da-94fa56e395b0,0,0,0
4,22,0.0,0.0,,,38.994867969444,0.0003151130698,-28.8762721867875,0.0003881470712,3.4604659919335,0.0327866484992,0.0,0.0,0.0,0.0,0.0,0.0,0.0,0.0,0,0,0,4cc12520-0f13-47f2-aeaf-713fce7a74db,0,0,0
5,91,0.0,0.0,,,39.1239196682663,0.0003139453212,-28.8201166034458,0.0004030953792,3.4799700073234,0.0326784853018,0.0,0.0,0.0,0.0,0.0,0.0,0.0,0.0,0,0,0,5a90baad-198e-4831-9e3f-f19c1b74b2be,0,0,0
6,84,0.0,0.0,,,38.9400281235369,0.0003211431323,-28.8683342355436,0.000392589151,3.46653688029,0.032908176267,0.0,0.0,0.0,0.0,0.0,0.0,0.0,0.0,0,0,0,d1598330-e196-45a4-a0c5-0dfa5571020f,0,0,0
7,99,0.0,0.0,,,38.9992402264588,0.0003103620495,-28.9004878636844,0.0003832399479,3.5006573738026,0.0341325223121,0.0,0.0,0.0,0.0,0.0,0.0,0.0,0.0,0,0,0,c5e7bbc5-3d24-4e86-9cd0-dd16d105b1aa,0,0,0
8,83,0.0,0.0,,,39.026400903248,0.0003029304903,-28.8121006681697,0.000379490042,3.5475614953048,0.0318285523505,0.0,0.0,0.0,0.0,0.0,0.0,0.0,0.0,0,0,0,c9eeb961-23d6-4f1b-8dd7-c06c1f5aa248,0,0,0
9,69,0.0,0.0,,,38.9978812959571,0.0002991699799,-28.8352828592163,0.0003905313539,3.4160958173409,0.0337804275762,0.0,0.0,0.0,0.0,0.0,0.0,0.0,0.0,0,0,0,263661dd-600d-44da-a2d8-812e95321574,0,0,0
10,48,0.0,0.0,,,38.9161414153246,0.0003086282121,-28.8712555011188,0.0003779703877,3.5074794064687,0.0347029821054,0.0,0.0,0.0,0.0,0.0,0.0,0.0,0.0,0,0,0,51b5cc89-ad5d-4a2e-8184-6f5cbe292a20,0,0,0
11,39,0.0,0.0,,,38.9322319833413,0.0003182565913,-28.8141591007783,0.0003994627302,3.456737780916,0.035446886367,0.0,0.0,0.0,0.0,0.0,0.0,0.0,0.0,0,0,0,5f7dd0fe-d26d-4bf3-b533-d50347054c0c,0,0,0
12,52,0.0,0.0,,,38.9536562166477,0.0003022596685,-28.8506112715077,0.0004031172865,3.4855283292415,0.0329371615321,0.0,0.0,0.0,0.0,0.0,0.0,0.0,0.0,0,0,0,edd71583-fa07-4d92-80a0-6e25a8d57f7c,0,0,0
13,42,0.0,0.0,,,39.0471447470178,0.0003105435722,-28.8701264251304,0.0003976955346,3.4670311685767,0.0345264527391,0.0,0.0,0.0,0.0,0.0,0.0,0.0,0.0,0,0,0,30565074-846e-4621-8816-c5ad46cb8a96,0,0,0
14,77,0.0,0.0,,,38.9301615754722,0.0003153621063,-28.9061740902003,0.0004192289388,3.4912500968936,0.0319574589641,0.0,0.0,0.0,0.0,0.0,0.0,0.0,0.0,0,0,0,7328bf9c-a875-409c-ab5c-8eb6ba5cf5d3,0,0,0
15,38,0.0,0.0,,,38.9834533014089,0.0003131970719,-28.8453022120688,0.0003786859991,3.460757204132,0.0321069535969,0.0,0.0,0.0,0.0,0.0,0.0,0.0,0.0,0,0,0,c4fd429d-0206-4381-b45d-7729cc0cb9ef,0,0,0
16,67,0.0,0.0,,,39.0583140244255,0.0002907429525,-28.8457280676094,0.0003911958166,3.4822544920071,0.0320395470574,0.0,0.0,0.0,0.0,0.0,0.0,0.0,0.0,0,0,0,e89a7570-4839-4379-bfd8-359c33e90ea0,0,0,0
17,58,0.0,0.0,,,38.9719375900366,0.0003210217896,-28.7751144647722,0.0003917998217,3.4806339149868,0.0340183131716,0.0,0.0,0.0,0.0,0.0,0.0,0.0,0.0,0,0,0,6aa76138-1f71-42af-a475-524a190cf3d1,0,0,0
18,87,0.0,0.0,,,39.0413276635873,0.0003156774317,-28.8306075502945,0.0003796138998,3.4691330315146,0.0343958042158,0.0,0.0,0.0,0.0,0.0,0.0,0.0,0.0,0,0,0,735f28bf-0820-4296-9de1-1526c1a0d922,0,0,0
19,17,0.0,0.0,,,39.0160579676413,0.0003083217098,-28.8247625321001,0.000399719238,3.4483004821019,0.0323810743856,0.0,0.0,0.0,0.0,0.0,0.0,0.0,0.0,0,0,0,a4470b08-9522-4c1b-a085-1514d1e41b9e,0,0,0
20,44,0.0,0.0,,,39.0301031497759,0.0003032878325,-28.8003005110503,0.000389642462,3.4429626889903,0.0326727417368,0.0,0.0,0.0,0.0,0.0,0.0,0.0,0.0,0,0,0,bbf5ca88-ab86-4588-a1ff-825a6e30cf4b,0,0,0
21,82,0.0,0.0,,,38.993882759033,0.0002995575501,-28.8738521506126,0.0003755251516,3.4805872928501,0.0335264425578,0.0,0.0,0.0,0.0,0.0,0.0,0.0,0.0,0,0,0,e8557f6f-a473-40a4-b4a6-d6a706ff6d07,0,0,0
22,42,0.0,0.0,,,39.028205437655,0.0003160376065,-28.872923371712,0.0003891571258,3.4849174599196,0.0361246175259,0.0,0.0,0.0,0.0,0.0,0.0,0.0,0.0,0,0,0,e8df83d7-7d5a-4f01-b704-7a7ca9608d0f,0,0,0
23,66,0.0,0.0,,,38.9997263566785,0.0003189131324,-28.7829106753116,0.000398074661,3.4706763590175,0.0354463636351,0.0,0.0,0.0,0.0,0.0,0.0,0.0,0.0,0,0,0,f634fb63-eb40-4d1c-b4f6-814cbda55647,0,0,0
24,47,0.0,0.0,,,38.9775922691952,0.0003042000628,-28.8468594142962,0.0003898165332,3.4521556529238,0.0317544400506,0.0,0.0,0.0,0.0,0.0,0.0,0.0,0.0,0,0,0,0d263081-9209-4be5-8050-a832e9f2cba1,0,0,0
25,8,0.0,0.0,,,38.9686432171976,0.0003073038688,-28.7931267198569,0.0003988730654,3.478291915588,0.0340443786117,0.0,0.0,0.0,0.0,0.0,0.0,0.0,0.0,0,0,0,cfd45ad8-2240-4c74-b7d3-7c2b73dfb220,0,0,0
26,10,0.0,0.0,,,39.04938542841,0.0003106092496,-28.8419712032779,0.0003921071723,3.4645554600146,0.0324751202666,0.0,0.0,0.0,0.0,0.0,0.0,0.0,0.0,0,0,0,6938e653-d18b-415b-babb-e570e4601a00,0,0,0
27,94,0.0,0.0,,,39.0212842374865,0.0002978327505,-28.7853295492484,0.0003972236388,3.4586865515047,0.034871123705,0.0,0.0,0.0,0.0,0.0,0.0,0.0,0.0,0,0,0,41aeb7a4-22f7-4a5a-ac01-3b8817edb107,0,0,0
28,20,0.0,0.0,,,38.9691401486142,0.0003056171381,-28.8377659460224,0.0003899513304,3.4525239475613,0.0319846166659,0.0,0.0,0.0,0.0,0.0,0.0,0.0,0.0,0,0,0,95768e3c-b8d0-4345-972f-f32668b0eb0d,0,0,0
29,55,0.0,0.0,,,39.0131645136924,0.0003098277204,-28.8557155188106,0.0004068611046,3.4884030393176,0.0298921262713,0.0,0.0,0.0,0.0,0.0,0.0,0.0,0.0,0,0,0,8d8e8b46-b516-4d7c-8ff8-9baed49c61cb,0,0,0
30,27,0.0,0.0,,,38.987034523975,0.0003087191198,-28.8936664690642,0.0003971285605,3.4962216699959,0.0327989187906,0.0,0.0,0.0,0.0,0.0,0.0,0.0,0.0,0,0,0,fbe4aabf-952e-4767-b5c4-8d3bab005ad5,0,0,0
31,75,0.0,0.0,,,39.0440773363761,0.0003187526063,-28.8736304638706,0.0003919059578,3.5078436131226,0.0325169254027,0.0,0.0,0.0,0.0,0.0,0.0,0.0,0.0,0,0,0,8e129370-9719-46a3-892f-9a5406cf1206,0,0,0
32,61,0.0,0.0,,,39.0440925105093,0.0003067399521,-28.7794657088151,0.0004022832405,3.4860436908304,0.030373634306,0.0,0.0,0.0,0.0,0.0,0.0,0.0,0.0,0,0,0,40b1a93b-862b-448c-8dd1-de716ec254c9,0,0,0
33,89,0.0,0.0,,,38.9979198945346,0.0003143795062,-28.8458448105162,0.0003914281287,3.5258599781169,0.0355071571616,0.0,0.0,0.0,0.0,0.0,0.0,0.0,0.0,0,0,0,8cb260f1-bd09-449d-ac9a-041b0da637fd,0,0,0
34,33,0.0,0.0,,,38.9496528594894,0.000309193438,-28.8918791997998,0.0003987554334,3.4864556259741,0.0335817611892,0.0,0.0,0.0,0.0,0.0,0.0,0.0,0.0,0,0,0,49d66e2c-7cd1-40b6-9828-f7ae0ea8cf47,0,0,0
35,71,0.0,0.0,,,38.9800439851189,0.0003288630615,-28.9007923425277,0.0003884989564,3.4781236695777,0.0323264451057,0.0,0.0,0.0,0.0,0.0,0.0,0.0,0.0,0,0,0,524e8575-d4e0-4948-85de-7be5fc7e48da,0,0,0
36,91,0.0,0.0,,,38.9786862626729,0.0003226578567,-28.9186826427197,0.0003874363075,3.4438398410102,0.0339388880948,0.0,0.0,0.0,0.0,0.0,0.0,0.0,0.0,0,0,0,d3c8f0a5-716b-4990-9794-db25ac7f2510,0,0,0
37,27,0.0,0.0,,,38.9866298776656,0.0003193906534,-28.8511537660968,0.0003964539652,3.4505181927134,0.0343157304894,0.0,0.0,0.0,0.0,0.0,0.0,0.0,0.0,0,0,0,4b1c1880-a4bf-4436-99a7-97c8840679f9,0,0,0
38,93,0.0,0.0,,,38.9744573409666,0.0003132235415,-28.8057128002409,0.000399006691,3.5138714500037,0.03377946156,0.0,0.0,0.0,0.0,0.0,0.0,0.0,0.0,0,0,0,a0e7a0a3-e5c4-4a38-abe5-c1c5edcba384,0,0,0
39,14,0.0,0.0,,,39.0121843345671,0.0003189428964,-28.8381492036141,0.0003939271057,3.4296259389094,0.0336890469349,0.0,0.0,0.0,0.0,0.0,0.0,0.0,0.0,0,0,0,5d05fccf-30bd-4254-8687-2bc4ade7843f,0,0,0
40,41,0.0,0.0,,,39.0110259766361,0.000315067316,-28.8634188642296,0.0004015016446,3.4136918073013,0.0356305293334,0.0,0.0,0.0,0.0,0.0,0.0,0.0,0.0,0,0,0,107d278b-9f7a-46bc-8930-74c43226b8bd,0,0,0
41,44,0.0,0.0,,,39.0316201638189,0.0003053068813,-28.9031992842523,0.0003923106033,3.4519821332477,0.0322898248048,0.0,0.0,0.0,0.0,0.0,0.0,0.0,0.0,0,0,0,bd614e9a-ec7e-40ce-959b-d54ea0198fc3,0,0,0
42,99,0.0,0.0,,,39.0368715447088,0.0003157665059,-28.8562481835369,0.0003981051549,3.4135579543356,0.0339771383633,0.0,0.0,0.0,0.0,0.0,0.0,0.0,0.0,0,0,0,e4629b00-4edd-4aac-8f69-c1fa292e38c8,0,0,0
43,34,0.0,0.0,,,39.0336141556403,0.0003185265703,-28.9005113901217,0.000388136395,3.4668970660539,0.0335371397702,0.0,0.0,0.0,0.0,0.0,0.0,0.0,0.0,0,0,0,37b5a27e-4935-4d16-8db5-eabb9609f830,0,0,0
44,79,0.0,0.0,,,38.9856890335187,0.0003078164359,-28.8920154986368,0.0003921521853,3.4491327753581,0.0334892621333,0.0,0.0,0.0,0.0,0.0,0.0,0.0,0.0,0,0,0,c1846bef-8c3e-4933-9c7c-78321fad3363,0,0,0
45,49,0.0,0.0,,,39.0347684880326,0.0003060435816,-28.7971993153914,0.0004073571943,3.4543434592607,0.0340089852168,0.0,0.0,0.0,0.0,0.0,0.0,0.0,0.0,0,0,0,e03361ec-ee15-4898-a63b-941255813f88,0,0,0
46,62,0.0,0.0,,,39.0660111431359,0.0003179908834,-28.8382099232497,0.0003970974963,3.4257469623295,0.0293752566599,0.0,0.0,0.0,0.0,0.0,0.0,0.0,0.0,0,0,0,5dd9d414-4ca6-4558-bef1-344d96a1b0c6,0,0,0
47,49,0.0,0.0,,,39.0199959722611,0.0003146632897,-28.7885822015643,0.0003780149073,3.4650371615114,0.0318320375071,0.0,0.0,0.0,0.0,0.0,0.0,0.0,0.0,0,0,0,7c91f2be-c7f3-4c63-a16b-bf6c2e9d202f,0,0,0
48,18,0.0,0.0,,,38.9677229697889,0.0003130140533,-28.863026221073,0.0003988078124,3.5051438003349,0.0360380694318,0.0,0.0,0.0,0.0,0.0,0.0,0.0,0.0,0,0,0,d37ad83d-743a-4835-ba48-1afb4d775889,0,0,0
49,0,0.0,0.0,,,38.9724189224434,0.0003180136817,-28.8561681017321,0.000388616557,3.5159148482785,0.035674357543,0.0,0.0,0.0,0.0,0.0,0.0,0.0,0.0,0,0,0,0e0825d2-3a86-4389-acc5-75684d07c904,0,0,0
0,47,0.0,0.0,,,37.074583986374,0.0004720327743,-29.0491627244383,0.0005977438313,1.8966438989967,0.0281444430869,0.0,0.0,0.0,0.0,0.0,0.0,0.0,0.0,0,0,0,0b3d1e02-4f44-4bd3-8bf9-0e497fffa6f6,0,0,0
1,84,0.0,0.0,,,36.995835720964,0.0004735536767,-29.1049966104304,0.0006036531535,1.9285762003144,0.0276487374414,0.0,0.0,0.0,0.0,0.0,0.0,0.0,0.0,0,0,0,acb97fdb-0e65-4f92-95aa-4829591a6a24,0,0,0
2,94,0.0,0.0,,,37.0339675457799,0.0004729993706,-29.1083963921248,0.0005883136593,1.911693458333,0.0255802270079,0.0,0.0,0.0,0.0,0.0,0.0,0.0,0.0,0,0,0,01751b31-5727-4ba8-89da-603c4783735f,0,0,0
3,41,0.0,0.0,,,37.034127648935,0.000471490094,-29.0780688577826,0.0005816296511,1.8862040647937,0.028108659724,0.0,0.0,0.0,0.0,0.0,0.0,0.0,0.0,0,0,0,7e37f32d-4ee4-40e6-939f-67b09e7beae3,0,0,0
4,65,0.0,0.0,,,36.9897876479523,0.0004753432228,-29.0275549051031,0.0005862737354,1.9290261189488,0.0298473589234,0.0,0.0,0.0,0.0,0.0,0.0,0.0,0.0,0,0,0,80661b85-20a7-4362-84ff-2b25add713ac,0,0,0
5,38,0.0,0.0,,,37.115181977199,0.0004666450507,-29.1179982758009,0.0006068035385,1.928136604302,0.027339979779,0.0,0.0,0.0,0.0,0.0,0.0,0.0,0.0,0,0,0,2c3ce0e5-c969-4c6a-8f8f-48eb81f723a2,0,0,0
6,77,0.0,0.0,,,37.0588309902311,0.0004772708054,-29.1214929650332,0.0006085849918,1.8760180756575,0.0282457049708,0.0,0.0,0.0,0.0,0.0,0.0,0.0,0.0,0,0,0,87366f83-dfa8-4278-893f-14a1634c264c,0,0,0
7,90,0.0,0.0,,,37.0776996908009,0.0004766419685,-29.0296618487983,0.0005931476328,1.9118187280462,0.0284122303802,0.0,0.0,0.0,0.0,0.0,0.0,0.0,0.0,0,0,0,75cd02c8-b7c2-484e-abc2-82620105c3e2,0,0,0
8,52,0.0,0.0,,,37.1251923015316,0.0004658059862,-29.0636792502634,0.0005735652298,1.9200362563002,0.0284636068583,0.0,0.0,0.0,0.0,0.0,0.0,0.0,0.0,0,0,0,66c756f1-9d1a-454f-ad14-d3fee58b71cf,0,0,0
9,77,0.0,0.0,,,37.0583792788761,0.0004756597215,-29.0803797590205,0.0005928561991,1.9838430281955,0.0292579462066,0.0,0.0,0.0,0.0,0.0,0.0,0.0,0.0,0,0,0,3a3e0548-d06c-4f4f-b426-ce350062dcc0,0,0,0
10,75,0.0,0.0,,,37.0746073006894,0.0004745313989,-29.0670071007227,0.0005969867377,1.9638368685196,0.0289900684792,0.0,0.0,0.0,0.0,0.0,0.0,0.0,0.0,0,0,0,67c7308d-6706-476c-8225-4b940acc88b6,0,0,0
11,16,0.0,0.0,,,37.070537493399,0.0004744677858,-29.1023501076503,0.0005864886866,1.9439434966317,0.0286315382867,0.0,0.0,0.0,0.0,0.0,0.0,0.0,0.0,0,0,0,70222d0e-a064-48cf-9ee8-2665723dd88b,0,0,0
12,6,0.0,0.0,,,37.0868589928478,0.0004721880183,-29.1156845260029,0.0005975819242,1.9647634815034,0.028847764242,0.0,0.0,0.0,0.0,0.0,0.0,0.0,0.0,0,0,0,2c60e379-9915-4bcc-8881-fd4a3cc33582,0,0,0
13,80,0.0,0.0,,,37.0433479878269,0.000472414601,-29.0500871141161,0.0005776831574,1.8906137990398,0.0275944786829,0.0,0.0,0.0,0.0,0.0,0.0,0.0,0.0,0,0,0,e410a815-dd86-4762-8e69-65454f274e41,0,0,0
14,99,0.0,0.0,,,37.0684013918688,0.0004699549331,-29.0807503265477,0.0005926484019,1.9361850136263,0.0299089560052,0.0,0.0,0.0,0.0,0.0,0.0,0.0,0.0,0,0,0,98007947-c23d-411a-8c3c-eb917ab14834,0,0,0
15,23,0.0,0.0,,,37.0469458649357,0.0004589109333,-29.0169018669064,0.0006128152242,1.9731718529708,0.0298601909958,0.0,0.0,0.0,0.0,0.0,0.0,0.0,0.0,0,0,0,d6fbcb94-5f8c-40f1-ae58-b9dd1643e2a7,0,0,0
16,16,0.0,0.0,,,37.093522327096,0.0004642788855,-29.0319225386594,0.0005928240709,1.932445116664,0.0275103954122,0.0,0.0,0.0,0.0,0.0,0.0,0.0,0.0,0,0,0,39cfec2f-e09e-4c86-aab7-40b562879359,0,0,0
17,77,0.0,0.0,,,37.0763688904509,0.0004648322128,-29.0616102000034,0.0006084286673,1.9846884085184,0.0284207725694,0.0,0.0,0.0,0.0,0.0,0.0,0.0,0.0,0,0,0,ca6c882c-576d-49f0-b39a-97aef5c76847,0,0,0
18,40,0.0,0.0,,,37.0690237870365,0.000463111396,-29.1266665342555,0.0005910813248,1.9382687609106,0.0289488082881,0.0,0.0,0.0,0.0,0.0,0.0,0.0,0.0,0,0,0,11a3f4e5-e65e-4f9d-b555-684662c0bbd3,0,0,0
19,28,0.0,0.0,,,37.0210910349134,0.0004629124174,-29.1135864732588,0.000590583454,1.9854562205305,0.0263746675542,0.0,0.0,0.0,0.0,0.0,0.0,0.0,0.0,0,0,0,dfc332e8-6e26-43f7-9118-9750b87c66bd,0,0,0
20,47,0.0,0.0,,,37.0355694923524,0.000468752424,-29.0210815895117,0.0005939099219,1.9411909740499,0.0247496521299,0.0,0.0,0.0,0.0,0.0,0.0,0.0,0.0,0,0,0,9e23fda2-4de7-4ba5-820b-9faaa8623be1,0,0,0
21,31,0.0,0.0,,,37.0586708973935,0.0004498382328,-29.0693505628099,0.0006157378166,1.8932399810702,0.0269190829483,0.0,0.0,0.0,0.0,0.0,0.0,0.0,0.0,0,0,0,31e1fae6-7dd6-464b-858b-8a9ef456112c,0,0,0
22,34,0.0,0.0,,,37.05525522846,0.0004508526135,-29.0232518948592,0.0005876593146,1.8929174189217,0.0277026187756,0.0,0.0,0.0,0.0,0.0,0.0,0.0,0.0,0,0,0,1a24c3ae-0889-4d01-b458-b01d74a86724,0,0,0
23,18,0.0,0.0,,,37.0840360899651,0.0004809910397,-29.0916708104616,0.000595451983,1.9280461056761,0.0255053220725,0.0,0.0,0.0,0.0,0.0,0.0,0.0,0.0,0,0,0,835a50c8-fdb0-4d91-a081-43907095857b,0,0,0
24,54,0.0,0.0,,,37.0554988395754,0.0004764843857,-29.0803954973331,0.0005724448225,1.9628154633526,0.0280028269585,0.0,0.0,0.0,0.0,0.0,0.0,0.0,0.0,0,0,0,aba20a71-f897-4393-a54e-de57809aa73a,0,0,0
25,70,0.0,0.0,,,37.0952711518895,0.0004718514514,-29.0386353501527,0.0005890182785,1.9245025615472,0.0292202586183,0.0,0.0,0.0,0.0,0.0,0.0,0.0,0.0,0,0,0,f28feb65-62ec-47b5-acf9-38c499a97b15,0,0,0
26,16,0.0,0.0,,,37.1060978701661,0.0004376108448,-29.1246161877308,0.0005999083531,1.972957260503,0.027480129721,0.0,0.0,0.0,0.0,0.0,0.0,0.0,0.0,0,0,0,8689bf6b-2d82-4632-8e57-dc3f4944319e,0,0,0
27,19,0.0,0.0,,,37.0484874768426,0.0005004030758,-29.1043441476639,0.0006167050507,1.9762299450907,0.0274885535329,0.0,0.0,0.0,0.0,0.0,0.0,0.0,0.0,0,0,0,a422be2e-4552-4d40-b3d6-020fff1742e3,0,0,0
28,83,0.0,0.0,,,37.0543494066951,0.000462067268,-29.0437054009444,0.0005762080612,1.9632807050415,0.028046447872,0.0,0.0,0.0,0.0,0.0,0.0,0.0,0.0,0,0,0,67a95876-f451-4f4b-9196-f59d894e0c40,0,0,0
29,41,0.0,0.0,,,37.0800770612679,0.0004526607717,-29.1405172198444,0.0006012035828,1.9233089543735,0.0302951852786,0.0,0.0,0.0,0.0,0.0,0.0,0.0,0.0,0,0,0,2a9c407c-0457-4be9-8d48-032266354894,0,0,0
30,55,0.0,0.0,,,37.052310365919,0.0004766342167,-29.0923463074796,0.0005990970491,1.9525164748157,0.0272661925473,0.0,0.0,0.0,0.0,0.0,0.0,0.0,0.0,0,0,0,608da33a-d006-4377-bb19-b745572c77f5,0,0,0
31,66,0.0,0.0,,,37.1002147688079,0.0004675872894,-29.1167869162527,0.000576530705,1.9950067600644,0.0304544542523,0.0,0.0,0.0,0.0,0.0,0.0,0.0,0.0,0,0,0,feef8cd2-9ae5-487e-8cf7-4ecabf235cfe,0,0,0
32,22,0.0,0.0,,,37.1087895826557,0.0004640034453,-29.1523084756163,0.0005891583703,1.9150439930338,0.0279259641391,0.0,0.0,0.0,0.0,0.0,0.0,0.0,0.0,0,0,0,ef3a2139-cc1e-4e8c-84ef-e25a8257cd57,0,0,0
33,27,0.0,0.0,,,37.1097573374227,0.000464774489,-29.121247695911,0.0006144773614,1.9107404777949,0.0266086454112,0.0,0.0,0.0,0.0,0.0,0.0,0.0,0.0,0,0,0,6a24d6d8-517b-4caf-b934-4a3db009a1ed,0,0,0
34,64,0.0,0.0,,,37.1068788501139,0.000452582301,-29.0506368012906,0.0006043876875,1.9340353755332,0.0273761691828,0.0,0.0,0.0,0.0,0.0,0.0,0.0,0.0,0,0,0,8338416b-e70f-459b-9c4d-984e49d8a678,0,0,0
35,32,0.0,0.0,,,37.0170736545809,0.000484974937,-29.026978023148,0.0005762385511,1.8864318834621,0.0262067124957,0.0,0.0,0.0,0.0,0.0,0.0,0.0,0.0,0,0,0,ba5fd192-87b6-4963-a18d-7a80af4aabc8,0,0,0
36,18,0.0,0.0,,,37.0449858421365,0.0004747115715,-28.9975182278678,0.0005960079045,1.9004180549295,0.0270958691536,0.0,0.0,0.0,0.0,0.0,0.0,0.0,0.0,0,0,0,c953c3c2-270c-4725-ae64-4588b72ecfb8,0,0,0
37,42,0.0,0.0,,,37.0042786247155,0.0004700958652,-29.0127225771837,0.0006157912891,1.8814479558856,0.0294106536251,0.0,0.0,0.0,0.0,0.0,0.0,0.0,0.0,0,0,0,8e87169e-3dfa-4a56-adac-95fcf48b6fce,0,0,0
38,27,0.0,0.0,,,37.1345703093474,0.0004536375417,-29.1194049451591,0.0005783357581,1.917895113344,0.0269796526946,0.0,0.0,0.0,0.0,0.0,0.0,0.0,0.0,0,0,0,9bca8e46-1ef9-48f1-9379-7c9bb02abff5,0,0,0
39,33,0.0,0.0,,,37.0816875141416,0.0004742037434,-29.1228998745647,0.0005702239298,1.8372341035479,0.0244922797246,0.0,0.0,0.0,0.0,0.0,0.0,0.0,0.0,0,0,0,366bce45-2ebf-4d23-94d7-09d40b5804eb,0,0,0
40,4,0.0,0.0,,,37.082243398315,0.0004524276702,-29.0556391564207,0.0006156108537,1.9518228340845,0.0271019206274,0.0,0.0,0.0,0.0,0.0,0.0,0.0,0.0,0,0,0,60114c27-362b-4ccd-b202-591a34ef21fe,0,0,0
41,18,0.0,0.0,,,37.0747587065143,0.0004460189925,-29.1061289605433,0.0005876811672,1.8698533104784,0.0276779554954,0.0,0.0,0.0,0.0,0.0,0.0,0.0,0.0,0,0,0,d909ae2e-2017-4029-91b2-1b3cee172ccf,0,0,0
42,69,0.0,0.0,,,37.1379829642941,0.0004511877765,-29.1002588316511,0.0005986985628,1.9686114087938,0.0285444062349,0.0,0.0,0.0,0.0,0.0,0.0,0.0,0.0,0,0,0,fe6fc48b-b5c1-447c-98ca-d492e11f7d3d,0,0,0
43,69,0.0,0.0,,,37.0365477936854,0.0004550410068,-29.1125748160007,0.0005894621968,1.9534253309854,0.0254720989681,0.0,0.0,0.0,0.0,0.0,0.0,0.0,0.0,0,0,0,8e2d54b4-ca35-481b-87d2-275bda4a9077,0,0,0
44,14,0.0,0.0,,,37.1012185505753,0.0004659348142,-29.1010622592965,0.0005968492952,1.9253745254056,0.0244352970101,0.0,0.0,0.0,0.0,0.0,0.0,0.0,0.0,0,0,0,63a93bc2-0ef7-4272-9b0f-5dbdfc93c501,0,0,0
45,16,0.0,0.0,,,37.0148620817455,0.0004838410921,-29.07769844067,0.00062308068,1.9208836660085,0.0260097578683,0.0,0.0,0.0,0.0,0.0,0.0,0.0,0.0,0,0,0,3cdd2033-58fa-40a4-af17-ebd57d4e8f25,0,0,0
46,4,0.0,0.0,,,37.0739024862247,0.0004767790479,-29.0688717022333,0.0006042544575,1.9141508418148,0.0288826146353,0.0,0.0,0.0,0.0,0.0,0.0,0.0,0.0,0,0,0,d70dbd58-0735-43c8-a517-dd380c343d82,0,0,0
47,30,0.0,0.0,,,37.0637837626283,0.0004673803689,-29.0420465732851,0.0005878722707,1.9032239161808,0.0293066846519,0.0,0.0,0.0,0.0,0.0,0.0,0.0,0.0,0,0,0,691921e2-9aa8-44c6-95bc-288b28977fea,0,0,0
48,50,0.0,0.0,,,37.0466996967679,0.0004848445978,-29.1157716740145,0.0006004087038,1.9332935555902,0.0275310375589,0.0,0.0,0.0,0.0,0.0,0.0,0.0,0.0,0,0,0,679bce2a-cd22-49e9-b083-ca6bbd0bc8d7,0,0,0
49,9,0.0,0.0,,,37.0509554744335,0.0004801210853,-29.0901141458493,0.0005943588245,1.9120451182125,0.0294076474581,0.0,0.0,0.0,0.0,0.0,0.0,0.0,0.0,0,0,0,5e556225-1f12-4a55-8c32-3cf7d20c961f,0,0,0
0,69,0.0,0.0,,,40.5672487698897,0.0008303035788,-27.966447782434,0.0009492243819,1.5593297452747,0.0341275391974,0.0,0.0,0.0,0.0,0.0,0.0,0.0,0.0,0,0,0,103ba17f-8735-4429-8eb5-2760c76f8820,0,0,0
1,28,0.0,0.0,,,40.5468928169232,0.000823308156,-27.8555438000871,0.0009944304615,1.5220634295098,0.0373331135869,0.0,0.0,0.0,0.0,0.0,0.0,0.0,0.0,0,0,0,2f867d96-9a0d-44c8-8aa5-8e4afc7fe608,0,0,0
2,97,0.0,0.0,,,40.4841669461636,0.0007879992196,-27.9509956538534,0.000965212435,1.4822958213309,0.0402702710847,0.0,0.0,0.0,0.0,0.0,0.0,0.0,0.0,0,0,0,17525a33-3b73-4fcc-80d9-1b546d8ce24c,0,0,0
3,69,0.0,0.0,,,40.5289201332601,0.0008043040636,-27.9527310209398,0.0009752554694,1.5303642800876,0.0362619239666,0.0,0.0,0.0,0.0,0.0,0.0,0.0,0.0,0,0,0,ce34f38f-248e-44e8-9db1-47d8cb1aa253,0,0,0
4,64,0.0,0.0,,,40.5363456586637,0.0008197110633,-27.9665845391759,0.0009906023613,1.6137677195732,0.0398016773779,0.0,0.0,0.0,0.0,0.0,0.0,0.0,0.0,0,0,0,42307c0e-856d-4aaa-b33b-ca0bed3e1a09,0,0,0
5,54,0.0,0.0,,,40.5682307064489,0.0007979564999,-27.9556312074294,0.0009786943461,1.5195192779578,0.0348267624998,0.0,0.0,0.0,0.0,0.0,0.0,0.0,0.0,0,0,0,55d9d906-4cff-48a7-8d1c-b5873d139d19,0,0,0
6,74,0.0,0.0,,,40.5741405571995,0.0008001441072,-27.9130807399593,0.0009678178016,1.5049523322786,0.0345235610477,0.0,0.0,0.0,0.0,0.0,0.0,0.0,0.0,0,0,0,f30bd5b2-fa45-4af7-be85-d500ba5c18cc,0,0,0
7,77,0.0,0.0,,,40.5718909943893,0.0008037997177,-27.9198791087318,0.0009769768833,1.5267060006757,0.0379226278931,0.0,0.0,0.0,0.0,0.0,0.0,0.0,0.0,0,0,0,19eb56ef-7f71-4d2f-807f-68ff6fc4b220,0,0,0
8,67,0.0,0.0,,,40.4869159975523,0.0008600732173,-27.9647271945709,0.0009417641061,1.5462922021321,0.0401183806877,0.0,0.0,0.0,0.0,0.0,0.0,0.0,0.0,0,0,0,995e6f77-6c00-45e6-b805-bd1e63dea989,0,0,0
9,95,0.0,0.0,,,40.5906209253338,0.0008388550851,-27.9255503660282,0.0009546973776,1.4672038115578,0.0356285861945,0.0,0.0,0.0,0.0,0.0,0.0,0.0,0.0,0,0,0,ce75cd65-dda9-4ef0-ab8c-bf276e5dd12d,0,0,0
10,45,0.0,0.0,,,40.5157254213525,0.0008035429121,-27.893042564634,0.0009488699737,1.5552794724044,0.0374381048661,0.0,0.0,0.0,0.0,0.0,0.0,0.0,0.0,0,0,0,2b50aa0e-7c83-49cd-9665-71ea0c902909,0,0,0
11,96,0.0,0.0,,,40.5296070096929,0.0008141459525,-27.9179982383855,0.0009949419105,1.4992555279792,0.0384101082704,0.0,0.0,0.0,0.0,0.0,0.0,0.0,0.0,0,0,0,013d473d-5394-48f1-98b9-cb43a4aacf2b,0,0,0
12,42,0.0,0.0,,,40.5103363510104,0.0007994024302,-27.8428898201659,0.0009782352101,1.4553489554238,0.0353957521934,0.0,0.0,0.0,0.0,0.0,0.0,0.0,0.0,0,0,0,f831adc6-d2d5-42de-8a43-e611a35514b8,0,0,0
13,77,0.0,0.0,,,40.5156127847594,0.0008087628942,-27.9792476340057,0.0009353659238,1.5666113725845,0.0386055161309,0.0,0.0,0.0,0.0,0.0,0.0,0.0,0.0,0,0,0,2e6ab3ab-967c-42ef-8db2-e515960b4ac7,0,0,0
14,48,0.0,0.0,,,40.5321777303372,0.0008439511751,-27.9418127551261,0.0010101467042,1.5099328473584,0.0395407235186,0.0,0.0,0.0,0.0,0.0,0.0,0.0,0.0,0,0,0,131ccf56-b9a9-4dd4-b443-1bfc0f8dc0d2,0,0,0
15,79,0.0,0.0,,,40.5583333611623,0.000831169108,-27.8498143750272,0.0010012725266,1.4526333942418,0.0360514319955,0.0,0.0,0.0,0.0,0.0,0.0,0.0,0.0,0,0,0,1db8ea48-3605-4312-bde4-3eae3af63666,0,0,0
16,77,0.0,0.0,,,40.563552152861,0.0008234096918,-27.9272680189114,0.0009235057992,1.4756134968422,0.0354272615561,0.0,0.0,0.0,0.0,0.0,0.0,0.0,0.0,0,0,0,e0d9fa6d-8c57-41a6-897c-a90f9559b9c0,0,0,0
17,36,0.0,0.0,,,40.5202224685786,0.0008323731584,-27.9255527218178,0.0009674102719,1.5205323041011,0.0348049831529,0.0,0.0,0.0,0.0,0.0,0.0,0.0,0.0,0,0,0,ece6d688-dab5-4a71-ba7a-e8708bf6bbbe,0,0,0
18,29,0.0,0.0,,,40.4952640202753,0.0008261013711,-27.9278850959463,0.0010148215121,1.4776806051771,0.0380505449042,0.0,0.0,0.0,0.0,0.0,0.0,0.0,0.0,0,0,0,b81d7240-d00b-4a93-abc6-efe386044204,0,0,0
19,1,0.0,0.0,,,40.5509637486682,0.0007861615932,-27.9131550680186,0.000980596458,1.4909008160983,0.0372016799772,0.0,0.0,0.0,0.0,0.0,0.0,0.0,0.0,0,0,0,b16b622c-7cd9-45cf-859d-bfdc18c03f10,0,0,0
20,18,0.0,0.0,,,40.5284253137749,0.0008124226373,-27.8832524795078,0.000976768722,1.5103674807759,0.0368917671523,0.0,0.0,0.0,0.0,0.0,0.0,0.0,0.0,0,0,0,7b35c434-a9ad-4707-bf5a-55c09701f529,0,0,0
21,88,0.0,0.0,,,40.5104310115706,0.0008326736448,-27.9364492398896,0.0009482508518,1.5306291215922,0.0358681919509,0.0,0.0,0.0,0.0,0.0,0.0,0.0,0.0,0,0,0,e24031ae-7705-4a06-8a52-c4e198680254,0,0,0
22,5,0.0,0.0,,,40.5251280623333,0.0007688360108,-27.9968709706505,0.0009916657094,1.5628478983331,0.0394629999412,0.0,0.0,0.0,0.0,0.0,0.0,0.0,0.0,0,0,0,89ed5fdf-1652-411f-a8bf-35681626cc9b,0,0,0
23,89,0.0,0.0,,,40.5593239020357,0.0008282877528,-27.900506457816,0.0009874552456,1.5264104149611,0.0385452758726,0.0,0.0,0.0,0.0,0.0,0.0,0.0,0.0,0,0,0,6eec02d2-1b02-4e18-966f-9b5afdc458f0,0,0,0
24,73,0.0,0.0,,,40.5362432189201,0.0008141838587,-27.9549158959866,0.0010103560357,1.4798088729099,0.0380178363874,0.0,0.0,0.0,0.0,0.0,0.0,0.0,0.0,0,0,0,cb85ecdd-273d-40ef-bae8-90daef04788b,0,0,0
25,11,0.0,0.0,,,40.5091472428703,0.0007949058253,-27.9574737485737,0.0009516889269,1.5674480395803,0.0370776867655,0.0,0.0,0.0,0.0,0.0,0.0,0.0,0.0,0,0,0,12fc725e-567a-4720-b353-24e41d2945d3,0,0,0
26,26,0.0,0.0,,,40.5161199143655,0.0008044956535,-27.8430314868024,0.0009985438764,1.5161604915127,0.0364661864694,0.0,0.0,0.0,0.0,0.0,0.0,0.0,0.0,0,0,0,ab49ba92-f622-4bbc-9485-8a8d486fe842,0,0,0
27,30,0.0,0.0,,,40.5655601817606,0.000828628482,-27.9105356312638,0.0009744739125,1.5592911191233,0.034916441825,0.0,0.0,0.0,0.0,0.0,0.0,0.0,0.0,0,0,0,8c474ce7-5627-4266-a5f3-09d2c5b96eca,0,0,0
28,59,0.0,0.0,,,40.5151870645116,0.0008047497819,-27.98518069002,0.0009687715486,1.4766145917249,0.0370439235184,0.0,0.0,0.0,0.0,0.0,0.0,0.0,0.0,0,0,0,3738d296-d708-4457-bc38-9431349ae7d7,0,0,0
29,77,0.0,0.0,,,40.5146965573806,0.0008058205245,-27.8802565576154,0.0009330787298,1.5033529872597,0.0358153886887,0.0,0.0,0.0,0.0,0.0,0.0,0.0,0.0,0,0,0,f73d8443-a01a-4219-a5a0-a194ebbf915f,0,0,0
30,24,0.0,0.0,,,40.5711051258178,0.0008275553643,-27.9151192680159,0.0009795579689,1.5387335582315,0.0375736773013,0.0,0.0,0.0,0.0,0.0,0.0,0.0,0.0,0,0,0,f1f1a0cd-1512-4037-bff6-8e731d7ace35,0,0,0
31,62,0.0,0.0,,,40.5398965264921,0.0007974989821,-27.9322166200338,0.0009462665327,1.4957015128543,0.036934423791,0.0,0.0,0.0,0.0,0.0,0.0,0.0,0.0,0,0,0,69fdb11b-bd40-41eb-8a43-8a31c4918f97,0,0,0
32,19,0.0,0.0,,,40.5064778414926,0.0008240402613,-28.0661074592851,0.0009935873926,1.5305944319043,0.0379637906637,0.0,0.0,0.0,0.0,0.0,0.0,0.0,0.0,0,0,0,17afc216-2d8a-4190-b69c-9bc6da778f55,0,0,0
33,21,0.0,0.0,,,40.5199333368612,0.0008238315595,-27.9269304292902,0.0009271981003,1.5354539456525,0.0338738805158,0.0,0.0,0.0,0.0,0.0,0.0,0.0,0.0,0,0,0,3c6b66b2-043c-4e06-bc1d-cc75151f5264,0,0,0
34,74,0.0,0.0,,,40.5269835201744,0.0007923995135,-27.92505494372,0.0010028582873,1.5557431672968,0.0354103202045,0.0,0.0,0.0,0.0,0.0,0.0,0.0,0.0,0,0,0,a6753dfe-8060-4d75-b1c6-3097a913d105,0,0,0
35,99,0.0,0.0,,,40.5170866983442,0.0008283277097,-27.8934217098285,0.0009867735577,1.5567691665686,0.0368045773226,0.0,0.0,0.0,0.0,0.0,0.0,0.0,0.0,0,0,0,e6e5a69c-5d2d-4605-ad8c-c7937482bd6a,0,0,0
36,22,0.0,0.0,,,40.4809102392989,0.0007876071951,-27.9739036720409,0.0009580412541,1.5515061560698,0.0365387781122,0.0,0.0,0.0,0.0,0.0,0.0,0.0,0.0,0,0,0,77888fbb-f07f-4aa4-99f7-d333c6382097,0,0,0
37,76,0.0,0.0,,,40.4748068052462,0.0008266392221,-27.9545091184658,0.0009875274223,1.5055100494815,0.0385195698433,0.0,0.0,0.0,0.0,0.0,0.0,0.0,0.0,0,0,0,c2e8506a-378d-4086-ba09-4094bc49eb54,0,0,0
38,79,0.0,0.0,,,40.531896351888,0.0007829670555,-27.9595736444837,0.0009793968343,1.499491792866,0.036108039982,0.0,0.0,0.0,0.0,0.0,0.0,0.0,0.0,0,0,0,c0044fa2-bf2f-4fc4-ad90-fa57167e7a6b,0,0,0
39,82,0.0,0.0,,,40.5131496693251,0.0008025546045,-27.9763304042608,0.0009349354393,1.4978973511803,0.0357030076412,0.0,0.0,0.0,0.0,0.0,0.0,0.0,0.0,0,0,0,079025a5-36eb-44c3-b3d7-e5b848c57015,0,0,0
40,91,0.0,0.0,,,40.5715820385467,0.000791627946,-27.9798599257147,0.0010011517422,1.5103902496479,0.0371620253983,0.0,0.0,0.0,0.0,0.0,0.0,0.0,0.0,0,0,0,35aa961e-a7ef-4a1c-856c-5ec724ea0481,0,0,0
41,1,0.0,0.0,,,40.5226320251093,0.0008320836664,-27.9247703974554,0.0009338623972,1.5120400762363,0.0360366674594,0.0,0.0,0.0,0.0,0.0,0.0,0.0,0.0,0,0,0,abae7744-c604-4872-b658-c8d286e2c079,0,0,0
42,4,0.0,0.0,,,40.4622498218184,0.0008027407223,-27.9605843831663,0.0010191344279,1.5337354247579,0.0343263492279,0.0,0.0,0.0,0.0,0.0,0.0,0.0,0.0,0,0,0,a2c6f4dc-9a8c-4af8-a35f-55ca05e7cabc,0,0,0
43,10,0.0,0.0,,,40.5596788508308,0.0007954583075,-27.8377594213601,0.0009561940608,1.5255888262053,0.0346134050336,0.0,0.0,0.0,0.0,0.0,0.0,0.0,0.0,0,0,0,2918087e-a63e-498d-b445-9524a85fbf68,0,0,0
44,97,0.0,0.0,,,40.4916812930053,0.000782174581,-27.9570618555597,0.0009966642608,1.5787352140359,0.0357811914594,0.0,0.0,0.0,0.0,0.0,0.0,0.0,0.0,0,0,0,a9eb3f90-870f-4e65-b25f-99ecda0e711b,0,0,0
45,69,0.0,0.0,,,40.4920581254503,0.0008451545684,-27.9640189501225,0.0009839397056,1.5377295035069,0.0374849435246,0.0,0.0,0.0,0.0,0.0,0.0,0.0,0.0,0,0,0,780d6389-6d10-4e11-af47-f69553dc996b,0,0,0
46,55,0.0,0.0,,,40.5450704792817,0.0008042780403,-27.9109245640987,0.0009771413314,1.5551424515886,0.038729398675,0.0,0.0,0.0,0.0,0.0,0.0,0.0,0.0,0,0,0,561cfa35-731c-4d04-9218-7bba1c935964,0,0,0
47,80,0.0,0.0,,,40.4818119504863,0.0008185113923,-27.9415016109265,0.00096843983,1.4933670279219,0.0343899137325,0.0,0.0,0.0,0.0,0.0,0.0,0.0,0.0,0,0,0,bd7da79a-de50-45db-9198-cdd3f518b67f,0,0,0
48,24,0.0,0.0,,,40.5129977691775,0.0008331631052,-27.8952324057854,0.0009349148727,1.586173291918,0.0402716934434,0.0,0.0,0.0,0.0,0.0,0.0,0.0,0.0,0,0,0,c8beb63b-e81e-489c-8d10-8f2ce8f6b568,0,0,0
49,7,0.0,0.0,,,40.545514885766,0.0008262586876,-27.9478775194715,0.0009815805039,1.5224507856338,0.0369911576161,0.0,0.0,0.0,0.0,0.0,0.0,0.0,0.0,0,0,0,3974d85a-3a32-49c5-9c15-5f19e9450db4,0,0,0
0,74,0.0,0.0,,,38.7015946512435,0.0037615942729,-26.4052830505215,0.0045078554829,0.221323916848,0.0293098542212,0.0,0.0,0.0,0.0,0.0,0.0,0.0,0.0,0,0,0,1a9fd8a6-57d7-453f-88e1-59da22013dda,0,0,0
1,45,0.0,0.0,,,38.6756984238748,0.0038519296961,-26.3494901772629,0.0044191460709,0.2372885316886,0.0281052673801,0.0,0.0,0.0,0.0,0.0,0.0,0.0,0.0,0,0,0,8577ba6a-14b5-4ef6-9fe5-2f462dc792b3,0,0,0
2,76,0.0,0.0,,,38.6503297974871,0.0037872907326,-26.3617384087993,0.0044189113538,0.2269190103459,0.0274263296179,0.0,0.0,0.0,0.0,0.0,0.0,0.0,0.0,0,0,0,fb6a7547-ac6a-4dec-a34c-b6bfabe03a44,0,0,0
3,93,0.0,0.0,,,38.6683176411146,0.0038937553987,-26.4016191895705,0.0042901246884,0.2440823567081,0.0285958467224,0.0,0.0,0.0,0.0,0.0,0.0,0.0,0.0,0,0,0,98ce1d9c-1e22-4167-a56b-a74826dac40e,0,0,0
4,96,0.0,0.0,,,38.6780000126033,0.0038456773967,-26.3404988269536,0.0042872915013,0.213996744575,0.0287660004549,0.0,0.0,0.0,0.0,0.0,0.0,0.0,0.0,0,0,0,c6b2d884-31fb-4983-b033-f7b07815aeab,0,0,0
5,96,0.0,0.0,,,38.7361011203345,0.0039521845876,-26.3754438338314,0.0044417458928,0.2937648978916,0.0305883486752,0.0,0.0,0.0,0.0,0.0,0.0,0.0,0.0,0,0,0,4d55ea51-8ec9-46bf-88a7-63d3844813e2,0,0,0
6,76,0.0,0.0,,,38.7202905325807,0.0039201903267,-26.3315995943367,0.0044524564209,0.2048590956697,0.0292782979325,0.0,0.0,0.0,0.0,0.0,0.0,0.0,0.0,0,0,0,e3afaf00-f361-4178-8b63-55124da339a2,0,0,0
7,14,0.0,0.0,,,38.6738197533886,0.0038681508188,-26.2974798346989,0.0043934440586,0.3246471408168,0.028619406963,0.0,0.0,0.0,0.0,0.0,0.0,0.0,0.0,0,0,0,d6cb5ea0-3311-40bd-83f1-291eed5903e0,0,0,0
8,5,0.0,0.0,,,38.6636523163348,0.0037373572298,-26.3177725869472,0.004399910895,0.2654729226391,0.0269321016734,0.0,0.0,0.0,0.0,0.0,0.0,0.0,0.0,0,0,0,733b194b-0874-40c6-b69a-b15b7c450194,0,0,0
9,11,0.0,0.0,,,38.6517350215399,0.0037018480579,-26.3394040038161,0.0043388256153,0.2472469604935,0.0280920512435,0.0,0.0,0.0,0.0,0.0,0.0,0.0,0.0,0,0,0,98abc662-ed35-4f73-a721-ac63fe9a530c,0,0,0
10,78,0.0,0.0,,,38.6283287863938,0.003877882746,-26.3437938875834,0.0043781976227,0.2156835973761,0.0293828497146,0.0,0.0,0.0,0.0,0.0,0.0,0.0,0.0,0,0,0,7b01a098-cf5e-4867-a727-d331e0c6c57b,0,0,0
11,37,0.0,0.0,,,38.6657094440864,0.0037590021149,-26.31602369143,0.0045052482198,0.2254775222541,0.027562468449,0.0,0.0,0.0,0.0,0.0,0.0,0.0,0.0,0,0,0,02b95454-264e-4fb2-a2e6-18385b7eb0d8,0,0,0
12,4,0.0,0.0,,,38.6806054907262,0.0038135775371,-26.3870225832918,0.0045244278626,0.2556395699532,0.0286855598194,0.0,0.0,0.0,0.0,0.0,0.0,0.0,0.0,0,0,0,b39cae46-dfc3-42a8-a614-58dbc6afe375,0,0,0
13,95,0.0,0.0,,,38.7546101456186,0.0038115948089,-26.3559952993638,0.0043283587922,0.3053872094748,0.0285283802226,0.0,0.0,0.0,0.0,0.0,0.0,0.0,0.0,0,0,0,93771721-edef-41d0-b746-f57927d7041a,0,0,0
14,50,0.0,0.0,,,38.7179777342711,0.0038812214547,-26.3112035261353,0.0045625656027,0.2333297274929,0.0281020888701,0.0,0.0,0.0,0.0,0.0,0.0,0.0,0.0,0,0,0,c09792f2-d33e-424f-b0de-0fed4356e749,0,0,0
15,67,0.0,0.0,,,38.643648425619,0.003952396698,-26.3211445575656,0.0043942701384,0.2760011862567,0.0312909824116,0.0,0.0,0.0,0.0,0.0,0.0,0.0,0.0,0,0,0,c505417c-426a-468c-ac1d-8388ff1f68db,0,0,0
16,100,0.0,0.0,,,38.7408271252754,0.0038544698734,-26.3184621075342,0.0044347393013,0.2280169394057,0.0268360192265,0.0,0.0,0.0,0.0,0.0,0.0,0.0,0.0,0,0,0,8c103a70-ccc0-43b9-94db-8a74edc79b69,0,0,0
17,97,0.0,0.0,,,38.7283703189707,0.0039472462673,-26.4003529022563,0.0045104401404,0.2344462794013,0.0277640056409,0.0,0.0,0.0,0.0,0.0,0.0,0.0,0.0,0,0,0,2f77b365-8881-42fc-8897-ba574ae38d5b,0,0,0
18,41,0.0,0.0,,,38.6985672199644,0.0039107932999,-26.3990027731887,0.0044515101978,0.3008995727082,0.0282823375209,0.0,0.0,0.0,0.0,0.0,0.0,0.0,0.0,0,0,0,c1698016-b5c2-48b3-8c5e-7c7ec05261aa,0,0,0
19,75,0.0,0.0,,,38.7383282936045,0.0038420073135,-26.3175698054238,0.0043264614065,0.2195118351673,0.0296127577802,0.0,0.0,0.0,0.0,0.0,0.0,0.0,0.0,0,0,0,ca91f891-2c9e-4544-8b9f-0636dd1bbf2a,0,0,0
20,41,0.0,0.0,,,38.7160572550043,0.0037932985255,-26.3134458188276,0.0045374069461,0.2893074256851,0.0259037081698,0.0,0.0,0.0,0.0,0.0,0.0,0.0,0.0,0,0,0,b4a01097-22b5-4eaa-a57c-0cca65592306,0,0,0
21,43,0.0,0.0,,,38.7502939697309,0.0038916312063,-26.3245815794904,0.0042850849854,0.2646518330697,0.0296319810356,0.0,0.0,0.0,0.0,0.0,0.0,0.0,0.0,0,0,0,57f79c04-5892-439a-a4f6-aa37bcd14b57,0,0,0
22,66,0.0,0.0,,,38.6713101258805,0.0037316506797,-26.3657107948355,0.0045280357987,0.2831714948132,0.0256750661695,0.0,0.0,0.0,0.0,0.0,0.0,0.0,0.0,0,0,0,10520814-7074-4c48-83d3-d8d79d7ca1f2,0,0,0
23,17,0.0,0.0,,,38.7157751278189,0.0039944252107,-26.3239291013161,0.004386264343,0.2492768314349,0.0291637748915,0.0,0.0,0.0,0.0,0.0,0.0,0.0,0.0,0,0,0,1024a42b-7da1-44a0-951b-70b3058eed7e,0,0,0
24,100,0.0,0.0,,,38.6365174225484,0.0038728190802,-26.3102481061375,0.0045076185512,0.234820557883,0.0250364899609,0.0,0.0,0.0,0.0,0.0,0.0,0.0,0.0,0,0,0,729e5ae0-b394-4b3e-ab1b-e4102bb23c32,0,0,0
25,93,0.0,0.0,,,38.7163051644936,0.0037983365359,-26.3795978961839,0.0044428614178,0.2800127795478,0.0278525686726,0.0,0.0,0.0,0.0,0.0,0.0,0.0,0.0,0,0,0,dd7b6e75-cfe4-4aa4-9863-5a4d7705060b,0,0,0
26,46,0.0,0.0,,,38.6685091221278,0.0038178350757,-26.3407794043231,0.0045647032809,0.2238251469118,0.0299061513831,0.0,0.0,0.0,0.0,0.0,0.0,0.0,0.0,0,0,0,0808e1a7-5dae-4bd4-b6ea-d468db47eb7c,0,0,0
27,81,0.0,0.0,,,38.7066285676378,0.0040724932195,-26.3824430539718,0.0042453159878,0.2360912347232,0.0259602414911,0.0,0.0,0.0,0.0,0.0,0.0,0.0,0.0,0,0,0,056ec40e-7dcd-4eab-ad07-39103be8e681,0,0,0
28,42,0.0,0.0,,,38.7167828076095,0.0038520655718,-26.3117253692929,0.0044926646696,0.2712865557118,0.0278048333287,0.0,0.0,0.0,0.0,0.0,0.0,0.0,0.0,0,0,0,c213e98e-6115-418b-bb82-3c8651bbf532,0,0,0
29,26,0.0,0.0,,,38.6673221593762,0.0038765827583,-26.3667728601913,0.0043625030268,0.27151127252,0.027170330336,0.0,0.0,0.0,0.0,0.0,0.0,0.0,0.0,0,0,0,110454e7-33a0-4fd8-972c-a1c2cff31cd9,0,0,0
30,18,0.0,0.0,,,38.6608356000595,0.003921394804,-26.3061640202633,0.0044680673849,0.2920510321675,0.0271687735974,0.0,0.0,0.0,0.0,0.0,0.0,0.0,0.0,0,0,0,09acb8ea-443b-47e5-9b41-7312aaa5dfb1,0,0,0
31,5,0.0,0.0,,,38.7214224645201,0.0039445800907,-26.3187506272604,0.0041699451642,0.2293666852018,0.0283643577383,0.0,0.0,0.0,0.0,0.0,0.0,0.0,0.0,0,0,0,3ecaca71-a1bb-4c2d-ad22-8faede44c7f2,0,0,0
32,79,0.0,0.0,,,38.7764781263104,0.0038384207283,-26.3237920963809,0.0044596998919,0.2589417999406,0.0278030546555,0.0,0.0,0.0,0.0,0.0,0.0,0.0,0.0,0,0,0,83ead14d-e30c-434e-ab1b-a2baae95a16b,0,0,0
33,72,0.0,0.0,,,38.6551329524445,0.0036662513949,-26.3644283028066,0.0044667504605,0.2656034104614,0.0286153134868,0.0,0.0,0.0,0.0,0.0,0.0,0.0,0.0,0,0,0,2ab32a7c-e7c1-4b53-afb2-d01e393704d5,0,0,0
34,6,0.0,0.0,,,38.6592452313101,0.0038785676077,-26.346679499153,0.0043294451087,0.2363472310724,0.0256915354358,0.0,0.0,0.0,0.0,0.0,0.0,0.0,0.0,0,0,0,8b57168d-ab41-4882-8e5a-b1036bf774cd,0,0,0
35,37,0.0,0.0,,,38.7394036025213,0.0040307467148,-26.3333658678659,0.004440421958,0.2385378374911,0.0276369406182,0.0,0.0,0.0,0.0,0.0,0.0,0.0,0.0,0,0,0,edfe2bf3-d3a5-45cd-bb9b-96110f613630,0,0,0
36,49,0.0,0.0,,,38.6780801273939,0.0038013658918,-26.4036765891493,0.0044594166327,0.2911604594741,0.0287749927588,0.0,0.0,0.0,0.0,0.0,0.0,0.0,0.0,0,0,0,ba1716af-737c-4590-8ac3-4cac125113e4,0,0,0
37,83,0.0,0.0,,,38.7090064281914,0.0037645292834,-26.309271674864,0.0043496266563,0.2842884234427,0.0273706347785,0.0,0.0,0.0,0.0,0.0,0.0,0.0,0.0,0,0,0,847503e0-bf01-49c2-944e-fe35d3800c8c,0,0,0
38,36,0.0,0.0,,,38.5793171894323,0.0038171829454,-26.3571717593897,0.004423577864,0.3030453362713,0.0287134425045,0.0,0.0,0.0,0.0,0.0,0.0,0.0,0.0,0,0,0,1774a129-430b-49b2-9d9b-477666e9284b,0,0,0
39,79,0.0,0.0,,,38.6159340280306,0.0039335430867,-26.3161636525387,0.0043259327123,0.2494101930161,0.0266873966059,0.0,0.0,0.0,0.0,0.0,0.0,0.0,0.0,0,0,0,af646084-7aaf-4974-a78e-9e54e6886bca,0,0,0
40,89,0.0,0.0,,,38.6794496958561,0.0039014174183,-26.3398046370152,0.0043554931133,0.2833967961454,0.026151553661,0.0,0.0,0.0,0.0,0.0,0.0,0.0,0.0,0,0,0,0a16095f-5328-4af5-ad9f-26bf48e36ac0,0,0,0
41,47,0.0,0.0,,,38.7503451081233,0.0037523647853,-26.3389948290641,0.0044893052574,0.2270033457053,0.0293078928857,0.0,0.0,0.0,0.0,0.0,0.0,0.0,0.0,0,0,0,3a12e752-4092-4401-a0fd-9dbb4d2f022c,0,0,0
42,20,0.0,0.0,,,38.6766014897405,0.0039364951764,-26.4069415770396,0.0043263111639,0.2821940540769,0.0304780683833,0.0,0.0,0.0,0.0,0.0,0.0,0.0,0.0,0,0,0,5ab6d271-eb40-449b-a076-c18a0b5efc95,0,0,0
43,86,0.0,0.0,,,38.7630039047272,0.0039627003006,-26.3962826605478,0.0045432398094,0.2348252004178,0.0282308779496,0.0,0.0,0.0,0.0,0.0,0.0,0.0,0.0,0,0,0,429a354e-b69a-4050-9ead-a1ee37b196be,0,0,0
44,5,0.0,0.0,,,38.6994593267221,0.0038398081585,-26.3197116157536,0.0043929239139,0.2877898442242,0.0264231383359,0.0,0.0,0.0,0.0,0.0,0.0,0.0,0.0,0,0,0,2aa5214d-a423-4318-bc19-6c21bcb47c47,0,0,0
45,92,0.0,0.0,,,38.7198160901115,0.0040324888005,-26.3482679959739,0.0044359383985,0.283591446526,0.0273092513862,0.0,0.0,0.0,0.0,0.0,0.0,0.0,0.0,0,0,0,f261f105-aa49-430e-a0fc-b68a9f096ce7,0,0,0
46,82,0.0,0.0,,,38.7186458401976,0.0038592074296,-26.3075217839609,0.0044219856643,0.2135994909977,0.0281698024102,0.0,0.0,0.0,0.0,0.0,0.0,0.0,0.0,0,0,0,76aee355-1a02-4cfa-b517-62456d09e6a3,0,0,0
47,56,0.0,0.0,,,38.6974181775562,0.0038766975789,-26.3522238059686,0.0044730993741,0.279404081309,0.0267140818875,0.0,0.0,0.0,0.0,0.0,0.0,0.0,0.0,0,0,0,ffabdc31-7d91-43d9-9341-ac478e9e371c,0,0,0
48,91,0.0,0.0,,,38.6988196828754,0.0038494291512,-26.3834020821087,0.0045469253525,0.2728424668086,0.0286267891968,0.0,0.0,0.0,0.0,0.0,0.0,0.0,0.0,0,0,0,05bfbcc5-9a15-4b14-9b95-d37126188898,0,0,0
49,94,0.0,0.0,,,38.6972434677755,0.0039193621047,-26.3724153458925,0.0043712756925,0.2598444086974,0.0265909095465,0.0,0.0,0.0,0.0,0.0,0.0,0.0,0.0,0,0,0,702c1422-918a-4e6f-839c-7fb53c195ac9,0,0,0
0,80,0.0,0.0,,,41.9737974738991,0.0012680054185,-26.1845514008233,0.0014769556839,1.181993568989,0.040704783376,0.0,0.0,0.0,0.0,0.0,0.0,0.0,0.0,0,0,0,924cebd8-2bd6-495d-9623-0a25759f23e1,0,0,0
1,96,0.0,0.0,,,41.9689805489791,0.001256470824,-26.1506137435667,0.0014202044642,1.1861595488501,0.0425276588673,0.0,0.0,0.0,0.0,0.0,0.0,0.0,0.0,0,0,0,23491493-aa27-4007-8445-5a90c6d2aa05,0,0,0
2,49,0.0,0.0,,,41.9499509681551,0.0012219555134,-26.1642069440764,0.0014238772376,1.1431946650055,0.0387626634216,0.0,0.0,0.0,0.0,0.0,0.0,0.0,0.0,0,0,0,3cdb24aa-133d-4e0c-91db-5a8353f17fd2,0,0,0
3,40,0.0,0.0,,,41.9703761803279,0.0012834529389,-26.1235846052441,0.0014531501396,1.1797842574809,0.0408739263385,0.0,0.0,0.0,0.0,0.0,0.0,0.0,0.0,0,0,0,54adc5f1-6cc5-474e-baf0-a6f30ea1d2e4,0,0,0
4,99,0.0,0.0,,,41.9416570669259,0.0011492149078,-26.1673974798991,0.0014167104449,1.1769107713264,0.0393357748887,0.0,0.0,0.0,0.0,0.0,0.0,0.0,0.0,0,0,0,bd4c6dff-3aa6-4c3e-b775-f90700b902db,0,0,0
5,27,0.0,0.0,,,41.9443090991692,0.0012409253139,-26.181588169493,0.0014177088744,1.0645953487484,0.0457421218503,0.0,0.0,0.0,0.0,0.0,0.0,0.0,0.0,0,0,0,c6de9456-b428-4e94-9cf3-45b521785499,0,0,0
6,60,0.0,0.0,,,41.9247977436542,0.001236665192,-26.1394369366969,0.0013871558973,1.1792812860507,0.0428913933957,0.0,0.0,0.0,0.0,0.0,0.0,0.0,0.0,0,0,0,cac5e1eb-4d11-4713-aa1b-e5a11e6cc74e,0,0,0
7,100,0.0,0.0,,,41.9533679922708,0.0012953891182,-26.1931199868259,0.0014142334097,1.1581920594595,0.0421017076385,0.0,0.0,0.0,0.0,0.0,0.0,0.0,0.0,0,0,0,feb34e1a-366b-46f4-a414-fcd85f3a4503,0,0,0
8,68,0.0,0.0,,,41.9542772182659,0.0012809754326,-26.137812438581,0.0014680698391,1.180913712943,0.042641571705,0.0,0.0,0.0,0.0,0.0,0.0,0.0,0.0,0,0,0,6649395a-60c3-407b-9e88-7811fcadec31,0,0,0
9,34,0.0,0.0,,,41.9764686583231,0.0012684882509,-26.2283679821769,0.0014152259223,1.0747885730614,0.0443026996533,0.0,0.0,0.0,0.0,0.0,0.0,0.0,0.0,0,0,0,8c3168d8-2ff8-40fe-b4c9-cdce447a9926,0,0,0
10,80,0.0,0.0,,,41.9480709117412,0.0012582959124,-26.1472257004728,0.0014288929193,1.1826204122882,0.0411637626916,0.0,0.0,0.0,0.0,0.0,0.0,0.0,0.0,0,0,0,c33c3028-5c50-4d7f-9118-59b1edb4d7c3,0,0,0
11,31,0.0,0.0,,,41.9739099441075,0.0012619328738,-26.1803281528522,0.0014582256405,1.1391800792128,0.0399035547545,0.0,0.0,0.0,0.0,0.0,0.0,0.0,0.0,0,0,0,2c219501-41ed-41fa-ab91-8825be7ed680,0,0,0
12,43,0.0,0.0,,,41.9881710887639,0.0012258410361,-26.1410695684045,0.0014342174742,1.1159147992971,0.0395773509678,0.0,0.0,0.0,0.0,0.0,0.0,0.0,0.0,0,0,0,bf93f680-9863-4184-8111-e54c0398a108,0,0,0
13,22,0.0,0.0,,,41.98623934806,0.0012285589082,-26.2209834944915,0.0014277159208,1.1445089052497,0.0434705461633,0.0,0.0,0.0,0.0,0.0,0.0,0.0,0.0,0,0,0,069983f5-fe6f-4939-9a2f-42a7ce92cffc,0,0,0
14,98,0.0,0.0,,,41.9718588493061,0.0012035598539,-26.1876348889717,0.0014646264764,1.1436468808571,0.0448959473574,0.0,0.0,0.0,0.0,0.0,0.0,0.0,0.0,0,0,0,9223051f-0059-4b8a-b1c4-d75e01024ef0,0,0,0
15,52,0.0,0.0,,,41.8900162399542,0.001248874311,-26.148680134658,0.0014231978222,1.1259375556425,0.0434206353616,0.0,0.0,0.0,0.0,0.0,0.0,0.0,0.0,0,0,0,7559d99d-ff11-44cb-ae30-f2f5d51f7c13,0,0,0
16,91,0.0,0.0,,,41.9610603537245,0.0012342652171,-26.1865683459026,0.0014049263311,1.164537785173,0.0374251137453,0.0,0.0,0.0,0.0,0.0,0.0,0.0,0.0,0,0,0,d84f1e7e-55dd-4e87-ae3e-1e8a80ec1b5e,0,0,0
17,41,0.0,0.0,,,41.9126828458309,0.0013166135322,-26.1496363707751,0.0014746872543,1.1036492196839,0.0436365177305,0.0,0.0,0.0,0.0,0.0,0.0,0.0,0.0,0,0,0,cc7c2011-0aec-466c-91a8-d41a9ce9c0d6,0,0,0
18,30,0.0,0.0,,,41.9683184990172,0.0012173452147,-26.136497331283,0.001347855158,1.171837535359,0.0427276003147,0.0,0.0,0.0,0.0,0.0,0.0,0.0,0.0,0,0,0,fc955c5a-1601-463e-a647-717f79b2d7f2,0,0,0
19,92,0.0,0.0,,,41.9933636076688,0.0012003615979,-26.126991423887,0.001483872523,1.2147193394653,0.0378482574366,0.0,0.0,0.0,0.0,0.0,0.0,0.0,0.0,0,0,0,d65e96cb-60a3-43e3-9e94-2dc9677587af,0,0,0
20,13,0.0,0.0,,,41.9945617985214,0.0013049220995,-26.1270467384162,0.0013590486366,1.1177060058511,0.0425710285085,0.0,0.0,0.0,0.0,0.0,0.0,0.0,0.0,0,0,0,ffac5467-c31d-40d8-be0b-4e63089598cf,0,0,0
21,22,0.0,0.0,,,42.0075967800214,0.001242818728,-26.1431588372496,0.0014121830183,1.2034484677745,0.0393726812819,0.0,0.0,0.0,0.0,0.0,0.0,0.0,0.0,0,0,0,fc3527ae-4175-49a0-afab-2b6e041c7fe6,0,0,0
22,3,0.0,0.0,,,41.9670103513961,0.0011984995669,-26.22426484599,0.0014044428917,1.122345669127,0.0415449457552,0.0,0.0,0.0,0.0,0.0,0.0,0.0,0.0,0,0,0,dd7c50f1-794d-437d-aea7-43aae506a95e,0,0,0
23,68,0.0,0.0,,,41.9295022479453,0.0012509067704,-26.1436962697063,0.001411137825,1.1558023653686,0.0399544496282,0.0,0.0,0.0,0.0,0.0,0.0,0.0,0.0,0,0,0,8a0e0d92-3402-44e5-a671-77e1534c78d9,0,0,0
24,23,0.0,0.0,,,42.0468068010585,0.001281411334,-26.1019492512608,0.0013642778832,1.1716920268953,0.0386686929826,0.0,0.0,0.0,0.0,0.0,0.0,0.0,0.0,0,0,0,341e1cb6-971f-457a-b804-dc6b50df2b92,0,0,0
25,41,0.0,0.0,,,42.021003391079,0.0012805934316,-26.1042082633157,0.0013988023707,1.1579777429357,0.0448712618526,0.0,0.0,0.0,0.0,0.0,0.0,0.0,0.0,0,0,0,663a08a9-1ea3-406a-b710-a38cfd182dda,0,0,0
26,87,0.0,0.0,,,41.9977668166964,0.0012750796995,-26.1339634248166,0.0014383038171,1.1934754674823,0.0427720917803,0.0,0.0,0.0,0.0,0.0,0.0,0.0,0.0,0,0,0,31029bcb-9e6b-4007-aea7-388176407f93,0,0,0
27,50,0.0,0.0,,,41.9323056936195,0.0012840188626,-26.1631471530379,0.0014798288908,1.1657593210913,0.0397847250955,0.0,0.0,0.0,0.0,0.0,0.0,0.0,0.0,0,0,0,2b86cc0b-5c41-4a5f-a2f1-ab83a2c858bc,0,0,0
28,10,0.0,0.0,,,41.9313391846928,0.0012524699494,-26.1658345022252,0.0014495763281,1.2239601473054,0.0430077140278,0.0,0.0,0.0,0.0,0.0,0.0,0.0,0.0,0,0,0,6f16a18e-423a-4805-bbfe-d9ae3b6d1cd6,0,0,0
29,83,0.0,0.0,,,41.9685200189196,0.0012622186124,-26.2387092809271,0.0014613118022,1.1464846135799,0.0420993878358,0.0,0.0,0.0,0.0,0.0,0.0,0.0,0.0,0,0,0,7f93ee9c-9110-42a5-bd96-5e42cdcf3090,0,0,0
30,14,0.0,0.0,,,41.9931405698542,0.0012434124444,-26.1763985734723,0.0014299201561,1.0728214900883,0.0416157938601,0.0,0.0,0.0,0.0,0.0,0.0,0.0,0.0,0,0,0,5760ccfd-0784-42f2-bd3c-dfd2f836effd,0,0,0
31,15,0.0,0.0,,,41.9185124192816,0.0012960581402,-26.1818178215505,0.0014163413725,1.1572374432389,0.0397286682309,0.0,0.0,0.0,0.0,0.0,0.0,0.0,0.0,0,0,0,31d03e57-c456-4cc6-8a7a-f311db047bd2,0,0,0
32,75,0.0,0.0,,,41.9000734556851,0.0012278345757,-26.1443019149221,0.0014664281035,1.1591615554189,0.0425011099447,0.0,0.0,0.0,0.0,0.0,0.0,0.0,0.0,0,0,0,dd73c0c6-5048-4ea6-8108-d1ea4f768da1,0,0,0
33,31,0.0,0.0,,,42.0018758055051,0.0012603301692,-26.1048174701722,0.001393034889,1.1520329218203,0.0420239458565,0.0,0.0,0.0,0.0,0.0,0.0,0.0,0.0,0,0,0,f6ca3c32-60b3-4aea-baef-91e6ebf428f3,0,0,0
34,69,0.0,0.0,,,41.9561030024331,0.0012091080766,-26.1043254464384,0.0014506867972,1.1013065408927,0.0395466107006,0.0,0.0,0.0,0.0,0.0,0.0,0.0,0.0,0,0,0,54791281-4536-4b57-a44a-623753a1d661,0,0,0
35,64,0.0,0.0,,,41.9514206558005,0.0012658211949,-26.1952607408209,0.0013787624012,1.1843320857479,0.0406428265713,0.0,0.0,0.0,0.0,0.0,0.0,0.0,0.0,0,0,0,210f6677-08d6-4734-ac03-1db7f47f2758,0,0,0
36,64,0.0,0.0,,,41.9700215513911,0.001256380862,-26.2288576185168,0.0014409758985,1.1533571608315,0.0417548395987,0.0,0.0,0.0,0.0,0.0,0.0,0.0,0.0,0,0,0,9b030874-3399-4a18-af19-031cdd0b1598,0,0,0
37,36,0.0,0.0,,,41.9441756250278,0.0012731991169,-26.1174365488567,0.0013895373891,1.1888848244995,0.0419836124456,0.0,0.0,0.0,0.0,0.0,0.0,0.0,0.0,0,0,0,0d13950d-cb9e-4dcd-800b-228279fd216d,0,0,0
38,41,0.0,0.0,,,42.0073856989265,0.0012367035256,-26.2032606854598,0.0014351660837,1.1519982637861,0.0421776751608,0.0,0.0,0.0,0.0,0.0,0.0,0.0,0.0,0,0,0,0b9d4fce-df3d-4933-8bf0-2bbc2f2fd62b,0,0,0
39,89,0.0,0.0,,,41.9724347402974,0.0012255253029,-26.0703276898478,0.0014795074041,1.0994906965765,0.038695656143,0.0,0.0,0.0,0.0,0.0,0.0,0.0,0.0,0,0,0,2bfa2bc0-16b6-4412-a91c-9410cdad3869,0,0,0
40,90,0.0,0.0,,,41.8798233927713,0.0012120507613,-26.10566251622,0.0014484942726,1.1712562200707,0.0407317583369,0.0,0.0,0.0,0.0,0.0,0.0,0.0,0.0,0,0,0,f16e62e5-50be-4f00-9cfe-cd8fada4739a,0,0,0
41,96,0.0,0.0,,,41.9549965888024,0.0012642230556,-26.1613873540826,0.0014401367248,1.0853992750087,0.0408453905178,0.0,0.0,0.0,0.0,0.0,0.0,0.0,0.0,0,0,0,db647665-f44b-4049-a16c-901d604cde04,0,0,0
42,18,0.0,0.0,,,41.9441725102938,0.0012225214063,-26.1453456644643,0.0014225313755,1.1213210017426,0.043882498473,0.0,0.0,0.0,0.0,0.0,0.0,0.0,0.0,0,0,0,54d48de4-8c53-4728-96e6-98d6613e354f,0,0,0
43,72,0.0,0.0,,,42.0379131182791,0.0012270853855,-26.1327076374057,0.0014608258019,1.1606112531966,0.0421536405704,0.0,0.0,0.0,0.0,0.0,0.0,0.0,0.0,0,0,0,a7674f6d-78fe-45d7-9942-c511ca81d016,0,0,0
44,69,0.0,0.0,,,41.8662871385653,0.0011598571473,-26.1996642288321,0.0013576341514,1.1819221987783,0.0374251443929,0.0,0.0,0.0,0.0,0.0,0.0,0.0,0.0,0,0,0,3ebad33c-7fc0-4b1f-a5b9-bf619a9f3e21,0,0,0
45,100,0.0,0.0,,,42.0037929113525,0.0013152781407,-26.2196440438217,0.0014986398353,1.2111857761148,0.0409167495376,0.0,0.0,0.0,0.0,0.0,0.0,0.0,0.0,0,0,0,77f36e3b-a99b-4124-91aa-d14a43bbca6e,0,0,0
46,24,0.0,0.0,,,42.0041298769539,0.00121022097,-26.1571260623861,0.0014376777775,1.1596578389989,0.0395169741307,0.0,0.0,0.0,0.0,0.0,0.0,0.0,0.0,0,0,0,6c26f3ac-a7dd-425c-a88b-0aa4c0238f74,0,0,0
47,10,0.0,0.0,,,41.898642531311,0.0012369109648,-26.1237883351871,0.0014461318986,1.1766072086921,0.0417891856011,0.0,0.0,0.0,0.0,0.0,0.0,0.0,0.0,0,0,0,db43e186-7574-4679-a228-64f4a5324107,0,0,0
48,37,0.0,0.0,,,41.9720167874378,0.0012502200813,-26.1502391133706,0.0014230155967,1.164897569488,0.0401398243137,0.0,0.0,0.0,0.0,0.0,0.0,0.0,0.0,0,0,0,0a5de181-4d2c-48f4-a633-332b68705ec2,0,0,0
49,40,0.0,0.0,,,41.9794503105116,0.0012798343757,-26.1925462468476,0.0014333138729,1.1864724274587,0.0429631060716,0.0,0.0,0.0,0.0,0.0,0.0,0.0,0.0,0,0,0,340b382a-8b42-4de2-aaaf-185c8e982676,0,0,0
0,82,0.0,0.0,,,37.1436963739569,0.0004262268238,-28.2601837001693,0.0006157023624,1.9591160057327,0.0266947982165,0.0,0.0,0.0,0.0,0.0,0.0,0.0,0.0,0,0,0,95f445da-eb20-4c75-88e6-7af384a5cc67,0,0,0
1,57,0.0,0.0,,,37.1083046472061,0.0004217207133,-28.2665631329019,0.0006184384179,1.9815676447043,0.0270181386943,0.0,0.0,0.0,0.0,0.0,0.0,0.0,0.0,0,0,0,26a798c6-5791-4621-9a8b-dbd8d24eca3f,0,0,0
2,12,0.0,0.0,,,37.2070135057161,0.0004359103612,-28.2579626680002,0.0006227679232,2.0185686288886,0.0239527839337,0.0,0.0,0.0,0.0,0.0,0.0,0.0,0.0,0,0,0,44a1fd64-fe28-40a3-bd5e-878a6ce120bd,0,0,0
3,1,0.0,0.0,,,37.1470511940583,0.0004261052854,-28.2501918596509,0.0006011283437,1.9830796276507,0.0269750801449,0.0,0.0,0.0,0.0,0.0,0.0,0.0,0.0,0,0,0,a3ab38d5-4d88-43e4-8e77-dd3f5c8ff92f,0,0,0
4,43,0.0,0.0,,,37.0923689043096,0.0004243678322,-28.2586275725103,0.0006167587343,2.0233763422687,0.0257341118725,0.0,0.0,0.0,0.0,0.0,0.0,0.0,0.0,0,0,0,e4371420-eb68-40d5-a17d-b036b14794a8,0,0,0
5,97,0.0,0.0,,,37.1610384471141,0.0004307523645,-28.1821995045938,0.0006454110416,2.0149888894518,0.025367231471,0.0,0.0,0.0,0.0,0.0,0.0,0.0,0.0,0,0,0,7bb33f61-8084-407c-abea-c74d4e88cc20,0,0,0
6,5,0.0,0.0,,,37.0495152321288,0.0004206361209,-28.1818659697255,0.0006211348194,2.0526964002804,0.0271487553513,0.0,0.0,0.0,0.0,0.0,0.0,0.0,0.0,0,0,0,13b1a4ed-2c4c-4348-808a-dfc1c6ca487c,0,0,0
7,42,0.0,0.0,,,37.0148052393013,0.0004310546444,-28.2521520710305,0.0006293626486,1.9432462627703,0.0258092958524,0.0,0.0,0.0,0.0,0.0,0.0,0.0,0.0,0,0,0,b81ac75c-0018-47d7-be47-6523edfa8f1f,0,0,0
8,0,0.0,0.0,,,37.060171284181,0.0004279578164,-28.2448995613868,0.0006367560371,1.9990600635933,0.02321472255,0.0,0.0,0.0,0.0,0.0,0.0,0.0,0.0,0,0,0,083c5a02-c62b-4385-a2dc-feceb3dc43af,0,0,0
9,38,0.0,0.0,,,37.1851245973894,0.0004117544729,-28.2735919308432,0.0006228593842,2.055871293487,0.0271187242865,0.0,0.0,0.0,0.0,0.0,0.0,0.0,0.0,0,0,0,08a612e1-939d-4763-93de-a337303a2c75,0,0,0
10,32,0.0,0.0,,,37.1692691923235,0.0004252485057,-28.2313656044909,0.0006115106505,2.0268793728614,0.0277391518239,0.0,0.0,0.0,0.0,0.0,0.0,0.0,0.0,0,0,0,d800903e-dee8-4569-bc03-1af74330f2c6,0,0,0
11,57,0.0,0.0,,,37.0841097501786,0.0004213683456,-28.1532475339829,0.000620423883,1.9652516435978,0.0273096598818,0.0,0.0,0.0,0.0,0.0,0.0,0.0,0.0,0,0,0,93031671-a5df-4401-bd73-f4c50b72def0,0,0,0
12,17,0.0,0.0,,,37.1527875184578,0.0004292170269,-28.2463537813641,0.0006104020665,2.0028262784712,0.0242784265894,0.0,0.0,0.0,0.0,0.0,0.0,0.0,0.0,0,0,0,7b3bf031-d55d-4c23-b980-cb46b0b524ff,0,0,0
13,99,0.0,0.0,,,37.1757674820226,0.0004295423063,-28.2489172581363,0.0006416380306,2.0480448234349,0.0253323549156,0.0,0.0,0.0,0.0,0.0,0.0,0.0,0.0,0,0,0,1c6c9e15-065b-4535-a133-81eac666ba2f,0,0,0
14,27,0.0,0.0,,,37.138262758084,0.0004086996362,-28.2583665735437,0.000628639016,2.0167082320985,0.0249565467612,0.0,0.0,0.0,0.0,0.0,0.0,0.0,0.0,0,0,0,1530a518-ca4c-4aae-a8a5-1054ad635307,0,0,0
15,95,0.0,0.0,,,37.1528497612374,0.0004389613658,-28.1389139825059,0.0005885193934,2.0222180431795,0.0254370658698,0.0,0.0,0.0,0.0,0.0,0.0,0.0,0.0,0,0,0,6e40e275-d3fc-4a05-9176-a98f0c116d77,0,0,0
16,23,0.0,0.0,,,37.1027562099682,0.0004257638962,-28.1949742513902,0.0006290216598,1.9717941814856,0.026985278115,0.0,0.0,0.0,0.0,0.0,0.0,0.0,0.0,0,0,0,d30afc2c-e864-4427-a5bf-98600d4687e1,0,0,0
17,73,0.0,0.0,,,37.1027369999537,0.000418477031,-28.2366071108659,0.0006282964661,1.9977503582492,0.0270370474077,0.0,0.0,0.0,0.0,0.0,0.0,0.0,0.0,0,0,0,d09b6c3a-3cfc-45e4-9eab-9b6b2b48ad72,0,0,0
18,22,0.0,0.0,,,37.112861249329,0.000416298511,-28.212446585161,0.0006165572228,2.002910352123,0.0271892595087,0.0,0.0,0.0,0.0,0.0,0.0,0.0,0.0,0,0,0,b89550b9-5ebb-4675-80b3-489055d07c3d,0,0,0
19,52,0.0,0.0,,,37.1104072386773,0.0004358252835,-28.2486162459848,0.0006145471934,2.0021493691721,0.0256529402336,0.0,0.0,0.0,0.0,0.0,0.0,0.0,0.0,0,0,0,56be0df0-6731-497a-bf27-98110521ac98,0,0,0
20,42,0.0,0.0,,,37.1251944154487,0.000422658075,-28.1765773592237,0.0006249322711,2.0396769630706,0.0268117313102,0.0,0.0,0.0,0.0,0.0,0.0,0.0,0.0,0,0,0,4e411c97-99c1-40d2-bc07-fe4cf39990de,0,0,0
21,55,0.0,0.0,,,37.0997302924739,0.0004279733063,-28.252720350327,0.0006476167866,2.0178369649957,0.0228961261703,0.0,0.0,0.0,0.0,0.0,0.0,0.0,0.0,0,0,0,9144bba9-288a-4eb2-824a-78694b665c53,0,0,0
22,20,0.0,0.0,,,37.1460316282173,0.0004292301534,-28.236543179317,0.0006064224466,2.0110005611013,0.0247531438764,0.0,0.0,0.0,0.0,0.0,0.0,0.0,0.0,0,0,0,3dc69b4b-38bc-4a20-9845-a9da976f75e3,0,0,0
23,80,0.0,0.0,,,37.1432304911006,0.0004051874964,-28.2650564150546,0.0006220032978,2.0191273925824,0.0268108856805,0.0,0.0,0.0,0.0,0.0,0.0,0.0,0.0,0,0,0,67370cf1-3256-4383-adc5-6f19503f5b1f,0,0,0
24,71,0.0,0.0,,,37.1069440744274,0.0004343953301,-28.1993913070354,0.0006135788053,1.9876277926413,0.0250044892256,0.0,0.0,0.0,0.0,0.0,0.0,0.0,0.0,0,0,0,85f30535-41a9-4ee5-bcd0-9d538c6ef4d5,0,0,0
25,7,0.0,0.0,,,37.0504889813102,0.0004310327346,-28.1855607755672,0.0006102693423,1.9864157852445,0.0253271669356,0.0,0.0,0.0,0.0,0.0,0.0,0.0,0.0,0,0,0,96e3f8af-195c-425f-bcdf-8059443ec731,0,0,0
26,31,0.0,0.0,,,37.1489329590002,0.000417122974,-28.2450430493957,0.0005899467354,2.0446193977136,0.0244487474787,0.0,0.0,0.0,0.0,0.0,0.0,0.0,0.0,0,0,0,8c1a8eba-c4e3-4d2a-aaf1-6328256aee7a,0,0,0
27,15,0.0,0.0,,,37.1462030077601,0.0004319006997,-28.1420779598943,0.0006200366787,1.9916321623891,0.0249291280818,0.0,0.0,0.0,0.0,0.0,0.0,0.0,0.0,0,0,0,a9b99f61-b0c8-4c81-8736-b5dd8e8fbd0a,0,0,0
28,40,0.0,0.0,,,37.0963829068709,0.0004322126217,-28.2798048269004,0.000590107546,1.9700116087438,0.0258426099614,0.0,0.0,0.0,0.0,0.0,0.0,0.0,0.0,0,0,0,420346cd-8f35-4b56-bda1-e0c30b97c529,0,0,0
29,17,0.0,0.0,,,37.124240772476,0.0004174332054,-28.1593604735966,0.0006048179802,1.9712938571042,0.0253468361899,0.0,0.0,0.0,0.0,0.0,0.0,0.0,0.0,0,0,0,94ea8253-b4cf-4e3d-8480-6aa90696de72,0,0,0
30,84,0.0,0.0,,,37.1560609254736,0.0004150338149,-28.2494118653608,0.0006236904851,1.9970482041994,0.026096709371,0.0,0.0,0.0,0.0,0.0,0.0,0.0,0.0,0,0,0,2f09eb46-06bf-4dc7-99e5-9b3aa04d5872,0,0,0
31,87,0.0,0.0,,,37.0905971462282,0.0004121832193,-28.2331645318602,0.0006064535169,1.9860582138496,0.0231282119329,0.0,0.0,0.0,0.0,0.0,0.0,0.0,0.0,0,0,0,dc65f4a2-20c0-4f56-bb8c-34a28fd343fb,0,0,0
32,68,0.0,0.0,,,37.0930789161289,0.000403508647,-28.3005786955555,0.0006188138432,1.9997750176712,0.0257911826674,0.0,0.0,0.0,0.0,0.0,0.0,0.0,0.0,0,0,0,138c8f77-76cd-4f52-895b-73a99b87acdf,0,0,0
33,57,0.0,0.0,,,37.0737318693843,0.0004252941326,-28.1975982105822,0.0006171546205,2.0318718989381,0.0224521195893,0.0,0.0,0.0,0.0,0.0,0.0,0.0,0.0,0,0,0,a71130d7-e5ed-4e53-8db5-6b9e2147b801,0,0,0
34,92,0.0,0.0,,,37.1319768153157,0.0004347781375,-28.2940418756023,0.0006173836654,2.0329520318614,0.0283961683994,0.0,0.0,0.0,0.0,0.0,0.0,0.0,0.0,0,0,0,2d82037c-f445-435f-80fa-931565db7e33,0,0,0
35,51,0.0,0.0,,,37.0554767471212,0.00042617713,-28.2135386805119,0.0006185470094,2.0024942383072,0.0238087441157,0.0,0.0,0.0,0.0,0.0,0.0,0.0,0.0,0,0,0,6422a2df-6bb2-4467-9b71-12f42167e64d,0,0,0
36,43,0.0,0.0,,,37.1037018740795,0.0004204540922,-28.2037980925885,0.0006334418074,2.0235999613639,0.0272260186796,0.0,0.0,0.0,0.0,0.0,0.0,0.0,0.0,0,0,0,bd32028b-b5c9-4b2c-a651-926b1fe31b80,0,0,0
37,55,0.0,0.0,,,37.1360689684586,0.0004279622368,-28.2633072842528,0.000634844921,1.9653295153822,0.0262235512551,0.0,0.0,0.0,0.0,0.0,0.0,0.0,0.0,0,0,0,93ef4dfb-273c-4fd6-b004-f3723c2d8c8d,0,0,0
38,88,0.0,0.0,,,37.1512052085355,0.0003990188418,-28.1930862294159,0.0006013976702,1.9968372035623,0.0237562672245,0.0,0.0,0.0,0.0,0.0,0.0,0.0,0.0,0,0,0,1229b82f-09c4-4648-b7f6-22db922ee705,0,0,0
39,42,0.0,0.0,,,37.0672296249794,0.0004367979702,-28.2361088973447,0.0006148943875,2.0294648928245,0.025617565054,0.0,0.0,0.0,0.0,0.0,0.0,0.0,0.0,0,0,0,f49c9801-a000-4d0a-9727-c66fc49fa34c,0,0,0
40,65,0.0,0.0,,,37.0730042143378,0.0004376096156,-28.1778387825546,0.0006151891737,1.9968951332412,0.0268183275574,0.0,0.0,0.0,0.0,0.0,0.0,0.0,0.0,0,0,0,572cafbf-c426-4c92-abda-bc9b37418eda,0,0,0
41,85,0.0,0.0,,,37.0971776637782,0.0004325714314,-28.2210413983822,0.0006271767281,2.0402877292035,0.0261379692049,0.0,0.0,0.0,0.0,0.0,0.0,0.0,0.0,0,0,0,897c1e09-c75c-485b-aa0c-bdefbfdb4e6c,0,0,0
42,73,0.0,0.0,,,37.1027882618053,0.0004224562017,-28.2669124287236,0.0006546817335,1.9738449420019,0.0254904084347,0.0,0.0,0.0,0.0,0.0,0.0,0.0,0.0,0,0,0,ede38417-5c7d-4d14-8651-cb2802b03b0b,0,0,0
43,89,0.0,0.0,,,37.1029758936253,0.0004347826683,-28.2276024295031,0.0005911309757,2.0316803943256,0.0250443829815,0.0,0.0,0.0,0.0,0.0,0.0,0.0,0.0,0,0,0,8b167a21-993d-4c5e-80a6-b19a3f193967,0,0,0
44,73,0.0,0.0,,,37.1210783125101,0.0004211780286,-28.2181172032025,0.0006270667961,1.9389360399443,0.0242367172732,0.0,0.0,0.0,0.0,0.0,0.0,0.0,0.0,0,0,0,031155c1-b963-46ae-a19e-c20dd347978c,0,0,0
45,38,0.0,0.0,,,37.119388839848,0.0004100854596,-28.1948256040168,0.0006245609226,2.0149310936998,0.0258207228697,0.0,0.0,0.0,0.0,0.0,0.0,0.0,0.0,0,0,0,1dd120e9-8015-478b-9584-78cc8b43c8a6,0,0,0
46,41,0.0,0.0,,,37.0911061988803,0.0004330415109,-28.2018406790696,0.0006338691039,1.9444408606756,0.0268404470116,0.0,0.0,0.0,0.0,0.0,0.0,0.0,0.0,0,0,0,a9ed0849-d1a7-492f-93b0-847466896d36,0,0,0
47,18,0.0,0.0,,,37.0879184853521,0.0004154487428,-28.205013400958,0.0006065228464,2.01705408003,0.0264308715705,0.0,0.0,0.0,0.0,0.0,0.0,0.0,0.0,0,0,0,d397c374-baef-4b92-95dc-4294e382aa4e,0,0,0
48,80,0.0,0.0,,,37.1772638723541,0.0004161781988,-28.2568639669942,0.0006024380178,2.0277792451511,0.0258280826496,0.0,0.0,0.0,0.0,0.0,0.0,0.0,0.0,0,0,0,521abb4d-7687-454a-adcf-e98fa778ce3c,0,0,0
49,96,0.0,0.0,,,37.1170466450569,0.0003960707841,-28.3201029770411,0.0006564231691,1.9994996692988,0.026107016731,0.0,0.0,0.0,0.0,0.0,0.0,0.0,0.0,0,0,0,85f0fa3e-fefa-4a34-ba41-fea66f59140a,0,0,0
