island,source,background,local_rms,ra_str,dec_str,ra,err_ra,dec,err_dec,peak_flux,err_peak_flux,int_flux,err_int_flux,a,err_a,b,err_b,pa,err_pa,flags,residual_mean,residual_std,uuid,psf_a,psf_b,psf_pa
0,11,0.0,0.0,,,41.3770425035687,0.0032059367658,-26.4495918047476,0.0041685431458,0.3559855704933,0.0356769857268,0.0,0.0,0.0,0.0,0.0,0.0,0.0,0.0,0,0,0,b4fae1d4-7d6d-4c92-aba6-6540ca0b923c,0,0,0
1,60,0.0,0.0,,,41.3814390717554,0.0033246920239,-26.3921411484147,0.0043423982913,0.3921046547163,0.0330692853677,0.0,0.0,0.0,0.0,0.0,0.0,0.0,0.0,0,0,0,2ba1255b-8837-4c12-8c51-b7ac49a19ba9,0,0,0
2,62,0.0,0.0,,,41.3712651625683,0.0032667701287,-26.3228238400074,0.0044934639956,0.3741397528604,0.0365897619548,0.0,0.0,0.0,0.0,0.0,0.0,0.0,0.0,0,0,0,f8b611f0-e544-4d5a-809b-4ad04ba6d8a8,0,0,0
3,34,0.0,0.0,,,41.3429679665175,0.0032820622749,-26.4388211356674,0.0041992807542,0.4003371873673,0.0364380195938,0.0,0.0,0.0,0.0,0.0,0.0,0.0,0.0,0,0,0,26c82d83-3fd3-4de3-8182-38cb6f1113c1,0,0,0
4,8,0.0,0.0,,,41.3588932563034,0.0032696440308,-26.4215745791934,0.0043996250759,0.3824222349046,0.0375113329092,0.0,0.0,0.0,0.0,0.0,0.0,0.0,0.0,0,0,0,4f7fb80f-07bc-4b8a-bf29-f8c66292f7fb,0,0,0
5,79,0.0,0.0,,,41.3349036159751,0.0034172308398,-26.4391541098848,0.0044280375604,0.4750393616943,0.0367437634112,0.0,0.0,0.0,0.0,0.0,0.0,0.0,0.0,0,0,0,54d3ec6f-dafd-4beb-8fc0-9ff3054ac5fd,0,0,0
6,69,0.0,0.0,,,41.3457352209912,0.0031629493102,-26.4253247178787,0.0045646580189,0.4155935636781,0.0385228048252,0.0,0.0,0.0,0.0,0.0,0.0,0.0,0.0,0,0,0,7e185f57-b09e-42e0-9c8c-89784fcb9d9c,0,0,0
7,2,0.0,0.0,,,41.3900518183907,0.0032800068596,-26.3677141888937,0.0043600763193,0.3873887500744,0.0378696270714,0.0,0.0,0.0,0.0,0.0,0.0,0.0,0.0,0,0,0,e57ea5b7-4474-4d2c-a193-a90ca2f75d87,0,0,0
8,77,0.0,0.0,,,41.3574999238057,0.003238740289,-26.3826579134042,0.0043726240221,0.3567039328309,0.0365873042521,0.0,0.0,0.0,0.0,0.0,0.0,0.0,0.0,0,0,0,a6b55792-e22f-4486-89b9-363f0fb2b7b2,0,0,0
9,35,0.0,0.0,,,41.319328897497,0.0033159637969,-26.4541709230863,0.004552689109,0.4510373374611,0.0387384183705,0.0,0.0,0.0,0.0,0.0,0.0,0.0,0.0,0,0,0,cb8c318e-0dcd-424b-80ea-f891bc1ef8ae,0,0,0
10,22,0.0,0.0,,,41.3938241043702,0.0032531996332,-26.3807890706662,0.0043946437592,0.38455582406,0.0375057237674,0.0,0.0,0.0,0.0,0.0,0.0,0.0,0.0,0,0,0,7f3e8669-eea6-46d4-8f6b-e6f033dd90b8,0,0,0
11,93,0.0,0.0,,,41.3582677841474,0.0032565947217,-26.3382692746177,0.004593844619,0.3586966475846,0.0327093735451,0.0,0.0,0.0,0.0,0.0,0.0,0.0,0.0,0,0,0,ab019352-d9ae-4d64-8777-624d02449a40,0,0,0
12,54,0.0,0.0,,,41.3025814658822,0.0033785860529,-26.4328353954513,0.0043441009027,0.3936532532996,0.0373805840609,0.0,0.0,0.0,0.0,0.0,0.0,0.0,0.0,0,0,0,f268c492-1c0b-41f5-91ce-6e61c2cfd6fc,0,0,0
13,4,0.0,0.0,,,41.3382690876704,0.0032785852873,-26.4098159490606,0.0042855463428,0.3720543655609,0.033751844931,0.0,0.0,0.0,0.0,0.0,0.0,0.0,0.0,0,0,0,0af98fd7-e084-4fad-8e46-e4c817973b47,0,0,0
14,0,0.0,0.0,,,41.298173597355,0.0030736116953,-26.4550794081486,0.0043203038874,0.3790893977602,0.0375912843108,0.0,0.0,0.0,0.0,0.0,0.0,0.0,0.0,0,0,0,f81c87d9-fd93-4c4d-9593-26f3de3b7c7f,0,0,0
15,58,0.0,0.0,,,41.347638210282,0.0032486035046,-26.3968077395525,0.0042064697288,0.4041460506318,0.0344963385239,0.0,0.0,0.0,0.0,0.0,0.0,0.0,0.0,0,0,0,016641fa-68d1-40cb-a643-91d730c88607,0,0,0
16,11,0.0,0.0,,,41.4049330131865,0.0033637602509,-26.4580813716201,0.0043265484956,0.4033116585826,0.0377675190678,0.0,0.0,0.0,0.0,0.0,0.0,0.0,0.0,0,0,0,682722bc-7315-4312-9990-fff317e36fe3,0,0,0
17,91,0.0,0.0,,,41.4233443515463,0.0032334890264,-26.3449988029938,0.0044393973239,0.4014522498618,0.0360549551897,0.0,0.0,0.0,0.0,0.0,0.0,0.0,0.0,0,0,0,63ed0f65-fb26-4e73-8936-4566a2458f23,0,0,0
19,6,0.0,0.0,,,41.3468336463817,0.0031736096412,-26.4123918470565,0.0043708065399,0.3656465359338,0.0365494079059,0.0,0.0,0.0,0.0,0.0,0.0,0.0,0.0,0,0,0,bb43834a-abd7-4807-81e0-59430d3b56f1,0,0,0
20,49,0.0,0.0,,,41.3614646732637,0.0031166556333,-26.4028105681434,0.004374917641,0.3349204035577,0.0349194791445,0.0,0.0,0.0,0.0,0.0,0.0,0.0,0.0,0,0,0,f689a3cc-d274-49b8-a2a4-9303bbad880a,0,0,0
21,94,0.0,0.0,,,41.4365591708478,0.0032852474988,-26.4390861650993,0.0044589859893,0.328793883094,0.0367404242943,0.0,0.0,0.0,0.0,0.0,0.0,0.0,0.0,0,0,0,564cb2f1-5f90-46e6-b62d-333071048cf7,0,0,0
22,38,0.0,0.0,,,41.3622126506434,0.0031094767368,-26.4445202247022,0.0045145531159,0.3368912482237,0.0388470335276,0.0,0.0,0.0,0.0,0.0,0.0,0.0,0.0,0,0,0,d9b6c997-fabc-48db-ba34-3a246bef6022,0,0,0
23,19,0.0,0.0,,,41.3679726371062,0.0031995393116,-26.4359184883985,0.0043728317794,0.3881915338112,0.0351771876513,0.0,0.0,0.0,0.0,0.0,0.0,0.0,0.0,0,0,0,f0f97357-940b-4b91-9916-2ef7c6689ba4,0,0,0
24,6,0.0,0.0,,,41.294783544558,0.0032089127049,-26.4744723818614,0.0044502631707,0.3965137921623,0.0388579692308,0.0,0.0,0.0,0.0,0.0,0.0,0.0,0.0,0,0,0,1d499404-5910-454f-a617-78c2926bc20d,0,0,0
25,73,0.0,0.0,,,41.4037202019608,0.0032904085631,-26.3907254179558,0.0044118168373,0.3546448961403,0.0377944446259,0.0,0.0,0.0,0.0,0.0,0.0,0.0,0.0,0,0,0,3d546069-a288-4642-ad92-ea1563479460,0,0,0
26,94,0.0,0.0,,,41.4942976621055,0.0032868164926,-26.4032284923401,0.0044754389688,0.366949446845,0.0373757438844,0.0,0.0,0.0,0.0,0.0,0.0,0.0,0.0,0,0,0,935d61a8-f7b7-4755-9ea9-a6a332a72041,0,0,0
27,9,0.0,0.0,,,41.4211760097186,0.003155292541,-26.471470004894,0.0041516913903,0.3805090498914,0.03758585201,0.0,0.0,0.0,0.0,0.0,0.0,0.0,0.0,0,0,0,45a9c798-8fe4-4c35-9f7a-ea2ae423fbb8,0,0,0
28,56,0.0,0.0,,,41.3115562626036,0.0032294966725,-26.4281038828941,0.0043621412504,0.3683619645203,0.0340214712851,0.0,0.0,0.0,0.0,0.0,0.0,0.0,0.0,0,0,0,71a7fdce-8fe3-4bf4-951d-5b179c8f677e,0,0,0
29,80,0.0,0.0,,,41.3139464910317,0.0033922631363,-26.4132698214678,0.0044080455922,0.3207190402709,0.0377662933879,0.0,0.0,0.0,0.0,0.0,0.0,0.0,0.0,0,0,0,c9b48c95-3f13-4a03-90db-69a500f4a000,0,0,0
30,51,0.0,0.0,,,41.4038632346631,0.0031573906317,-26.3905404573554,0.0044166711993,0.382065763293,0.0348828710565,0.0,0.0,0.0,0.0,0.0,0.0,0.0,0.0,0,0,0,cb3e2609-a21d-47ed-81da-521997e75cef,0,0,0
31,6,0.0,0.0,,,41.3779508807719,0.0032440315646,-26.3456082361996,0.0043978280923,0.3765349755122,0.0357337590285,0.0,0.0,0.0,0.0,0.0,0.0,0.0,0.0,0,0,0,7f354a58-c9b7-40a2-b253-05be0e7330c3,0,0,0
32,11,0.0,0.0,,,41.3625523892998,0.0033634757176,-26.4595458248884,0.0043308890332,0.3779788911359,0.034838985615,0.0,0.0,0.0,0.0,0.0,0.0,0.0,0.0,0,0,0,d62a6c26-5522-481e-9882-dc2d4e203d61,0,0,0
32,55,0.0,0.0,,,41.3984401642455,0.0047669405345,-26.3606449467765,0.0054163255178,0.2720554626315,0.0356897202093,0.0,0.0,0.0,0.0,0.0,0.0,0.0,0.0,0,0,0,ebe2f034-4eed-4c6b-bd1a-580f449560a9,0,0,0
33,87,0.0,0.0,,,41.3614935473345,0.0031384370584,-26.4147425924712,0.004445083841,0.3049769088024,0.0343872607063,0.0,0.0,0.0,0.0,0.0,0.0,0.0,0.0,0,0,0,23efb638-2a34-49ce-af5e-770ac8b5f18c,0,0,0
34,9,0.0,0.0,,,41.3038418920735,0.0034849419474,-26.3926957053792,0.0042846247292,0.3642539390583,0.0381095937589,0.0,0.0,0.0,0.0,0.0,0.0,0.0,0.0,0,0,0,32e9d701-575c-4022-bf33-26d09e12d3c7,0,0,0
35,70,0.0,0.0,,,41.2728570302519,0.0032407392644,-26.3847605762075,0.0044544565147,0.3493210812364,0.0384527618214,0.0,0.0,0.0,0.0,0.0,0.0,0.0,0.0,0,0,0,e80632f3-b533-43c1-b12f-3e6608c71bc8,0,0,0
36,50,0.0,0.0,,,41.3581827142351,0.0033290492445,-26.3966536207412,0.0042114600782,0.3673116422344,0.0358508488605,0.0,0.0,0.0,0.0,0.0,0.0,0.0,0.0,0,0,0,575c36c7-d14e-49fd-a4c5-ec256c92f92b,0,0,0
37,17,0.0,0.0,,,41.3546344053679,0.0031544331719,-26.463487991784,0.0046005495075,0.3385389998317,0.0393156907993,0.0,0.0,0.0,0.0,0.0,0.0,0.0,0.0,0,0,0,a46d5bfe-ac24-4443-8e4c-7aae84d2d2e0,0,0,0
38,74,0.0,0.0,,,41.3170097637076,0.0034048905286,-26.4221719350651,0.004417185749,0.4127475263005,0.0385581399695,0.0,0.0,0.0,0.0,0.0,0.0,0.0,0.0,0,0,0,8de3b9d1-4715-42ec-9770-fed7afdea04e,0,0,0
39,54,0.0,0.0,,,41.3648147396075,0.0032956803066,-26.3563455087697,0.0046072858097,0.4095284629396,0.0386691969538,0.0,0.0,0.0,0.0,0.0,0.0,0.0,0.0,0,0,0,80677115-564c-4226-ac60-3af22e835e59,0,0,0
40,20,0.0,0.0,,,41.3365966694675,0.0032754196563,-26.3978147830139,0.0044295748109,0.3300637910495,0.0350315935563,0.0,0.0,0.0,0.0,0.0,0.0,0.0,0.0,0,0,0,a9698ecc-053b-4e03-9a78-8a2cdcf241c8,0,0,0
41,53,0.0,0.0,,,41.325747001444,0.0032633503306,-26.4686313077709,0.0044401347202,0.4540103819515,0.0341524405674,0.0,0.0,0.0,0.0,0.0,0.0,0.0,0.0,0,0,0,08498522-7952-42dc-9d1c-1d1d3345de36,0,0,0
42,45,0.0,0.0,,,41.3391700230059,0.0033358592961,-26.4169858310575,0.0044239044604,0.4043932506515,0.0322523337727,0.0,0.0,0.0,0.0,0.0,0.0,0.0,0.0,0,0,0,674335b2-5ae4-433e-bf43-fb99489b509c,0,0,0
43,46,0.0,0.0,,,41.3966097246105,0.0032178938098,-26.4212679644447,0.0041755919891,0.3741105600955,0.0356974047036,0.0,0.0,0.0,0.0,0.0,0.0,0.0,0.0,0,0,0,883d4b0b-7714-46e6-8477-ae7dbfb471fe,0,0,0
44,75,0.0,0.0,,,41.3337557187018,0.0032511365621,-26.405969001078,0.0042458990938,0.3769179920368,0.0323563606743,0.0,0.0,0.0,0.0,0.0,0.0,0.0,0.0,0,0,0,a6442b8d-410a-4107-bdfa-22d8a72a476c,0,0,0
45,28,0.0,0.0,,,41.3015860514039,0.003350844943,-26.385391204391,0.0044451276888,0.3821809002961,0.037227739527,0.0,0.0,0.0,0.0,0.0,0.0,0.0,0.0,0,0,0,0d418560-fe9c-4c19-8e09-26b87e625adf,0,0,0
46,74,0.0,0.0,,,41.3250198359897,0.0032160295227,-26.4898854648138,0.0042304342045,0.4566044730602,0.0376010970846,0.0,0.0,0.0,0.0,0.0,0.0,0.0,0.0,0,0,0,7a68c7ac-4c24-46bd-adab-3530688a6cff,0,0,0
47,63,0.0,0.0,,,41.324357561739,0.003267409234,-26.4136419923702,0.0041865572145,0.3506162963743,0.0359453664844,0.0,0.0,0.0,0.0,0.0,0.0,0.0,0.0,0,0,0,c369bf36-c6c4-4b94-8f22-3194fdc05b4c,0,0,0
48,86,0.0,0.0,,,41.3773938753229,0.0031379706011,-26.3971730666885,0.0045174861206,0.3627584331752,0.0351034027341,0.0,0.0,0.0,0.0,0.0,0.0,0.0,0.0,0,0,0,002bf937-aec6-4d11-b6a2-d4d906eb7efd,0,0,0
49,87,0.0,0.0,,,41.3842243272503,0.0033310142466,-26.4159204346452,0.0045236254036,0.4000903867155,0.0351641441768,0.0,0.0,0.0,0.0,0.0,0.0,0.0,0.0,0,0,0,12a270ea-6ec6-4be4-a94a-e4e15af6e21d,0,0,0
