island,source,background,local_rms,ra_str,dec_str,ra,err_ra,dec,err_dec,peak_flux,err_peak_flux,int_flux,err_int_flux,a,err_a,b,err_b,pa,err_pa,flags,residual_mean,residual_std,uuid,psf_a,psf_b,psf_pa
0,36,0.0,0.0,,,39.7359502275409,0.001411262751,-27.4589223130151,0.0017702226892,0.7273986529041,0.0307120608306,0.0,0.0,0.0,0.0,0.0,0.0,0.0,0.0,0,0,0,20b74e5b-03a2-4618-a51c-29b73c12db2a,0,0,0
1,0,0.0,0.0,,,39.7136977357456,0.0014527692052,-27.4399377695955,0.0018263805043,0.6779237179796,0.0329858485618,0.0,0.0,0.0,0.0,0.0,0.0,0.0,0.0,0,0,0,c2a36ca0-0ecb-49d1-ac82-3184a0be96e3,0,0,0
2,25,0.0,0.0,,,39.5942165019615,0.001472749874,-27.4282349682558,0.0017827942696,0.7460885549916,0.0310065045286,0.0,0.0,0.0,0.0,0.0,0.0,0.0,0.0,0,0,0,0335b61e-f393-4c54-8b34-0ec4648b4e85,0,0,0
3,87,0.0,0.0,,,39.7232677307179,0.0014278842316,-27.5242312332742,0.0017515376818,0.7385457906563,0.0318748256394,0.0,0.0,0.0,0.0,0.0,0.0,0.0,0.0,0,0,0,fa6a646b-05e2-4e85-8d60-41dfe3f0a7bc,0,0,0
4,91,0.0,0.0,,,39.6893465491747,0.0013996633583,-27.4975641341229,0.0018079263544,0.7304888654389,0.0324571197956,0.0,0.0,0.0,0.0,0.0,0.0,0.0,0.0,0,0,0,5533b4bf-310c-4c76-a5a0-4439b94d1f0e,0,0,0
5,64,0.0,0.0,,,39.6924481757381,0.0014422468521,-27.392373973246,0.0017655599188,0.7157569723657,0.0284219704172,0.0,0.0,0.0,0.0,0.0,0.0,0.0,0.0,0,0,0,9b6e3ba9-f982-4fde-9bb4-33444b643815,0,0,0
6,91,0.0,0.0,,,39.6757259603341,0.0014074086207,-27.4482744735426,0.0018109242672,0.777216178153,0.0321984654703,0.0,0.0,0.0,0.0,0.0,0.0,0.0,0.0,0,0,0,29872b75-f982-43db-ade3-0afd4cad8dd2,0,0,0
7,45,0.0,0.0,,,39.7074099969913,0.0013635444359,-27.4510498456506,0.001717196614,0.7740070897878,0.0321547794826,0.0,0.0,0.0,0.0,0.0,0.0,0.0,0.0,0,0,0,b9e1aeba-928e-422d-be35-be40755b2505,0,0,0
8,78,0.0,0.0,,,39.7463246223337,0.0014468098279,-27.488219619961,0.0017813536903,0.7731340592941,0.0300947278246,0.0,0.0,0.0,0.0,0.0,0.0,0.0,0.0,0,0,0,7a2fa244-042f-4f26-bc89-88c3b9665cfd,0,0,0
9,80,0.0,0.0,,,39.6862921278726,0.0014767689868,-27.4544215651759,0.0017811150263,0.7246216815711,0.0352926784051,0.0,0.0,0.0,0.0,0.0,0.0,0.0,0.0,0,0,0,ec4281a2-1fd2-4ba1-93eb-f38a9d154118,0,0,0
10,27,0.0,0.0,,,39.7540248200249,0.0014254001186,-27.5191042724585,0.0017627727168,0.7762255022126,0.0299742987453,0.0,0.0,0.0,0.0,0.0,0.0,0.0,0.0,0,0,0,b42a0686-3b68-4b4f-b000-eb20dcb7a003,0,0,0
11,98,0.0,0.0,,,39.7094946086058,0.0014034478342,-27.3987614990753,0.0017073006195,0.7572699766617,0.0314526874998,0.0,0.0,0.0,0.0,0.0,0.0,0.0,0.0,0,0,0,d129dbf5-4657-49c6-9dd3-6eaa9725e932,0,0,0
12,35,0.0,0.0,,,39.7308753164194,0.0013778759805,-27.3789837943342,0.0017821623064,0.7854560499208,0.0319251254624,0.0,0.0,0.0,0.0,0.0,0.0,0.0,0.0,0,0,0,4ea72bdf-25c3-460a-bf74-a4bdaa16a47f,0,0,0
13,72,0.0,0.0,,,39.6987357440146,0.0014226381318,-27.4633740998877,0.0017837777008,0.7434725775881,0.0288478486699,0.0,0.0,0.0,0.0,0.0,0.0,0.0,0.0,0,0,0,78e522ba-538e-473f-8111-0d796c8993eb,0,0,0
14,15,0.0,0.0,,,39.7430601907465,0.0013681136121,-27.445028016705,0.0018431777575,0.7007777539019,0.0304334061844,0.0,0.0,0.0,0.0,0.0,0.0,0.0,0.0,0,0,0,60b69bc9-c472-49db-9221-2f1bd7a5de21,0,0,0
15,59,0.0,0.0,,,39.702278066959,0.0014320681843,-27.4128208569238,0.0017709084967,0.712215846835,0.03155035822,0.0,0.0,0.0,0.0,0.0,0.0,0.0,0.0,0,0,0,8dc17e6f-630b-4ac6-8ff2-f0065ac6786e,0,0,0
16,99,0.0,0.0,,,39.7328041093061,0.0014959293038,-27.4270538193529,0.0018670539426,0.6689926421101,0.0317506103905,0.0,0.0,0.0,0.0,0.0,0.0,0.0,0.0,0,0,0,0b2afb6a-1588-41dd-b64a-23cca26db44c,0,0,0
17,20,0.0,0.0,,,39.6059212535868,0.0013671843263,-27.4043553888059,0.0018084307892,0.6736708316086,0.0301727754219,0.0,0.0,0.0,0.0,0.0,0.0,0.0,0.0,0,0,0,3e7187f0-d248-45c7-bf21-661547d05467,0,0,0
18,24,0.0,0.0,,,39.7090066777987,0.0014394110557,-27.4011278867153,0.0017974357581,0.6763612441238,0.030779136771,0.0,0.0,0.0,0.0,0.0,0.0,0.0,0.0,0,0,0,493f6442-fc99-435a-8b88-81a0679e5731,0,0,0
19,31,0.0,0.0,,,39.7171301631642,0.0013912622316,-27.4339806878413,0.001797702459,0.7400996602393,0.0316859686394,0.0,0.0,0.0,0.0,0.0,0.0,0.0,0.0,0,0,0,cc8e1e6f-4536-48eb-8c99-d894eb6fa866,0,0,0
20,1,0.0,0.0,,,39.6892875619526,0.0013847615909,-27.4908224725514,0.0017503046252,0.723231803193,0.0320547787426,0.0,0.0,0.0,0.0,0.0,0.0,0.0,0.0,0,0,0,510596f6-29f7-49d6-a1d1-c41a08a8b0c4,0,0,0
21,0,0.0,0.0,,,39.7443174820622,0.0014136926299,-27.4901119411032,0.0018016891825,0.7414604296108,0.0318525095375,0.0,0.0,0.0,0.0,0.0,0.0,0.0,0.0,0,0,0,6549ef0b-8da2-4b09-a641-8edb277f8b2f,0,0,0
22,93,0.0,0.0,,,39.7701763166158,0.0014299399273,-27.4605463823718,0.0017920982871,0.7250948893169,0.0322314122018,0.0,0.0,0.0,0.0,0.0,0.0,0.0,0.0,0,0,0,f1bee3f2-dfe2-450d-bc10-172d9f341472,0,0,0
23,58,0.0,0.0,,,39.6507788529948,0.0013603068191,-27.52892878707,0.001815415271,0.7275207992007,0.0325639763834,0.0,0.0,0.0,0.0,0.0,0.0,0.0,0.0,0,0,0,9397bbd5-615d-4371-a744-51b87be1108f,0,0,0
24,29,0.0,0.0,,,39.7723105280684,0.0014437902064,-27.479973742701,0.0017140921566,0.7016442104932,0.0313118678478,0.0,0.0,0.0,0.0,0.0,0.0,0.0,0.0,0,0,0,e8b86933-1745-4633-958d-82976b6ab092,0,0,0
25,85,0.0,0.0,,,39.7494261446642,0.0014076998143,-27.4696834880284,0.0017919125694,0.7283864612504,0.0281219144891,0.0,0.0,0.0,0.0,0.0,0.0,0.0,0.0,0,0,0,48a42fb7-f530-4388-b303-4e39c9849bd3,0,0,0
26,25,0.0,0.0,,,39.6947124246865,0.0014106343402,-27.3998443070354,0.0018752824444,0.7155657504954,0.0335592305896,0.0,0.0,0.0,0.0,0.0,0.0,0.0,0.0,0,0,0,a327a9cc-e9a0-48a3-9f98-1f401f40b668,0,0,0
27,91,0.0,0.0,,,39.6499633783215,0.0014225020948,-27.4961283866273,0.0017772083552,0.7315294411335,0.0312638666133,0.0,0.0,0.0,0.0,0.0,0.0,0.0,0.0,0,0,0,def20973-7cf9-4e8a-bcb5-4ed5d4b710cf,0,0,0
28,91,0.0,0.0,,,39.6896848211751,0.0014469255544,-27.388081340874,0.0018476837043,0.8075939026754,0.0321579231471,0.0,0.0,0.0,0.0,0.0,0.0,0.0,0.0,0,0,0,88cbfa37-d676-4ada-88f3-2f1cfe030000,0,0,0
29,29,0.0,0.0,,,39.6025853790035,0.0014302685272,-27.5058571455153,0.0018138321668,0.7081285056682,0.0321351598643,0.0,0.0,0.0,0.0,0.0,0.0,0.0,0.0,0,0,0,0b5c8a14-c03e-4a8e-9fac-1e9d6616beaa,0,0,0
30,40,0.0,0.0,,,39.6848683764054,0.0014084974445,-27.4453739913483,0.0018401756612,0.7468638661912,0.0291370144668,0.0,0.0,0.0,0.0,0.0,0.0,0.0,0.0,0,0,0,27c330ad-54a0-4cd3-97a7-10f0208874a9,0,0,0
31,70,0.0,0.0,,,39.7895210373453,0.0014408297207,-27.4269207321123,0.0018392646881,0.7542034849416,0.0298687553536,0.0,0.0,0.0,0.0,0.0,0.0,0.0,0.0,0,0,0,f9533f21-c702-4eb6-8eb5-f7f6f8d6ceed,0,0,0
32,37,0.0,0.0,,,39.7276077782202,0.0014062938011,-27.4953486125341,0.0018429295496,0.7677631174385,0.0315999794676,0.0,0.0,0.0,0.0,0.0,0.0,0.0,0.0,0,0,0,c296cd75-9f13-47ae-8766-27ce59a27897,0,0,0
33,10,0.0,0.0,,,39.6669782207754,0.0013934366685,-27.3745792313679,0.0018092516813,0.7894293916109,0.0305921563399,0.0,0.0,0.0,0.0,0.0,0.0,0.0,0.0,0,0,0,801d8f95-aa95-4ef5-abf9-7dcf0167997a,0,0,0
34,0,0.0,0.0,,,39.7142636448437,0.001360933352,-27.4913313695921,0.0017562802919,0.7510355617753,0.0331729429464,0.0,0.0,0.0,0.0,0.0,0.0,0.0,0.0,0,0,0,6d59445f-6c96-46b5-959a-63bb26d34abb,0,0,0
35,39,0.0,0.0,,,39.7746528761529,0.00144742466,-27.4532682757516,0.0017502929347,0.7207872628201,0.0321949130695,0.0,0.0,0.0,0.0,0.0,0.0,0.0,0.0,0,0,0,7407b29c-fdf6-4a32-8ec2-26f3a2aca538,0,0,0
36,10,0.0,0.0,,,39.7301509263361,0.0014067404612,-27.4049420955275,0.0018030297229,0.7065548352979,0.0314171635249,0.0,0.0,0.0,0.0,0.0,0.0,0.0,0.0,0,0,0,6e761cef-6c56-470a-be03-b434f39f7b08,0,0,0
37,87,0.0,0.0,,,39.6994203620646,0.001354350796,-27.4670156904358,0.0018050328808,0.7582922265688,0.0325689863003,0.0,0.0,0.0,0.0,0.0,0.0,0.0,0.0,0,0,0,d7af1b46-bd8f-4ecf-af33-8ed6455c1707,0,0,0
38,44,0.0,0.0,,,39.6250351819791,0.0013636308906,-27.4859135195579,0.0017139570386,0.7313232974913,0.030781306571,0.0,0.0,0.0,0.0,0.0,0.0,0.0,0.0,0,0,0,941a12ff-ee05-4c74-9009-d6eb87efa20b,0,0,0
39,94,0.0,0.0,,,39.7344564333267,0.0013229829418,-27.4568274206906,0.0017944916709,0.7596515018482,0.0308317044216,0.0,0.0,0.0,0.0,0.0,0.0,0.0,0.0,0,0,0,7caae6c8-762a-4891-b2f0-52d2250a4cbb,0,0,0
40,25,0.0,0.0,,,39.7210167671694,0.001438228038,-27.4091775044798,0.0017475922817,0.7714101377663,0.0295459648111,0.0,0.0,0.0,0.0,0.0,0.0,0.0,0.0,0,0,0,1e60b772-adc8-410f-bd16-bb829bf29a2b,0,0,0
41,13,0.0,0.0,,,39.7483814497542,0.0014359083452,-27.387618304076,0.0017804163639,0.7320118117066,0.0290870918595,0.0,0.0,0.0,0.0,0.0,0.0,0.0,0.0,0,0,0,3ef044aa-b29b-4ad9-b31f-ea35449bc6da,0,0,0
42,76,0.0,0.0,,,39.6748939801609,0.0014187436885,-27.4161974181583,0.0018044097466,0.677468331844,0.0315122535981,0.0,0.0,0.0,0.0,0.0,0.0,0.0,0.0,0,0,0,98c13f76-cc02-4d6c-9ff9-9c799153dbeb,0,0,0
43,35,0.0,0.0,,,39.746065068739,0.0013607740178,-27.4393938228153,0.0017420834444,0.7644335072168,0.0314738097035,0.0,0.0,0.0,0.0,0.0,0.0,0.0,0.0,0,0,0,8e6a867b-423f-455f-96c0-09e357e4f943,0,0,0
44,18,0.0,0.0,,,39.6883223335151,0.0014096553915,-27.4158920935584,0.0017614892528,0.7559339069935,0.0317958029161,0.0,0.0,0.0,0.0,0.0,0.0,0.0,0.0,0,0,0,49d8a6fd-172f-4975-a675-12d8acdfb638,0,0,0
45,30,0.0,0.0,,,39.7019045253163,0.0013586716397,-27.4179326254395,0.0018445932441,0.6998419433776,0.0311211617636,0.0,0.0,0.0,0.0,0.0,0.0,0.0,0.0,0,0,0,8ba8137c-f075-44e0-afa4-101d9d333a1b,0,0,0
46,46,0.0,0.0,,,39.7329759422387,0.0014213558167,-27.511921177448,0.0018246690899,0.7320720249212,0.0322871309058,0.0,0.0,0.0,0.0,0.0,0.0,0.0,0.0,0,0,0,9d0934c1-1bb7-43e9-8bf6-ccb3dcd3b279,0,0,0
47,72,0.0,0.0,,,39.6897343008973,0.0014366392923,-27.37694191784,0.0017411869449,0.7249549778368,0.0302858840734,0.0,0.0,0.0,0.0,0.0,0.0,0.0,0.0,0,0,0,f02eb70b-3d37-4611-8cce-b29e395df065,0,0,0
48,92,0.0,0.0,,,39.7145877237493,0.0014451783007,-27.4265317919688,0.001769226712,0.7682534730642,0.0329541924,0.0,0.0,0.0,0.0,0.0,0.0,0.0,0.0,0,0,0,9d50c0c6-4bf9-423c-b438-8c3005848609,0,0,0
49,64,0.0,0.0,,,39.756285718155,0.0014062104767,-27.4116079934567,0.0018141967286,0.750157676662,0.0334736826642,0.0,0.0,0.0,0.0,0.0,0.0,0.0,0.0,0,0,0,22910c38-a4f7-4237-8cf4-247520fdf7b6,0,0,0
0,43,0.0,0.0,,,39.983737705364,0.0007722312136,-26.7480122110378,0.0008814464984,1.4427528273224,0.0296610217478,0.0,0.0,0.0,0.0,0.0,0.0,0.0,0.0,0,0,0,c8147866-eea6-4ef9-95aa-e28c469c0897,0,0,0
1,98,0.0,0.0,,,39.9959944377882,0.0007680129903,-26.7874218529573,0.0008722686178,1.409429712708,0.0310004713371,0.0,0.0,0.0,0.0,0.0,0.0,0.0,0.0,0,0,0,05ec75e9-9117-44de-9fd6-3d1a665e9215,0,0,0
2,54,0.0,0.0,,,39.950736050767,0.000788437438,-26.6858401782361,0.0008681979518,1.470297400167,0.0302632204196,0.0,0.0,0.0,0.0,0.0,0.0,0.0,0.0,0,0,0,cc5daae9-2645-4da6-b544-c9dc8f80d143,0,0,0
3,0,0.0,0.0,,,39.976903147,0.0007596061931,-26.808695143124,0.0008823246891,1.5257619529998,0.0316603590418,0.0,0.0,0.0,0.0,0.0,0.0,0.0,0.0,0,0,0,fdb5e8c3-dbd1-4e68-9a70-f8fcdbf6d8bb,0,0,0
4,14,0.0,0.0,,,40.0142722648488,0.0007577452645,-26.7436176858286,0.0009028376915,1.4786190709901,0.0334057684749,0.0,0.0,0.0,0.0,0.0,0.0,0.0,0.0,0,0,0,06227340-cdb4-464f-9abb-28134f258c4c,0,0,0
5,63,0.0,0.0,,,39.9144253246511,0.0007708315284,-26.7512758294419,0.0008910106233,1.3695240155585,0.0309616308319,0.0,0.0,0.0,0.0,0.0,0.0,0.0,0.0,0,0,0,43ffe184-ea3b-420a-9b18-b8d178c87057,0,0,0
6,75,0.0,0.0,,,39.9724652769817,0.0007587809001,-26.7564025193775,0.0008874584155,1.4206678884261,0.0325734283545,0.0,0.0,0.0,0.0,0.0,0.0,0.0,0.0,0,0,0,6c030144-dfc0-4a64-bf2e-527f89d8c844,0,0,0
7,84,0.0,0.0,,,39.8997143413655,0.0007193739356,-26.7251187676841,0.0008920061079,1.4063202734647,0.0310062252898,0.0,0.0,0.0,0.0,0.0,0.0,0.0,0.0,0,0,0,7b4038e5-268a-495d-9891-e990af32fd0b,0,0,0
8,74,0.0,0.0,,,39.9194495910578,0.0007629562402,-26.7740080209237,0.0008869021243,1.4474650095329,0.0302680659998,0.0,0.0,0.0,0.0,0.0,0.0,0.0,0.0,0,0,0,87225698-9900-47e5-8d9e-f311f6185e55,0,0,0
9,40,0.0,0.0,,,39.9404539668467,0.0007643846172,-26.8025195883901,0.000862717664,1.4747208985519,0.0300112270878,0.0,0.0,0.0,0.0,0.0,0.0,0.0,0.0,0,0,0,ee575be0-46a6-44e5-a054-3e6c71e3b332,0,0,0
10,37,0.0,0.0,,,40.0236035064145,0.0007694212705,-26.6957243971631,0.0008421087967,1.414449317186,0.0292341679443,0.0,0.0,0.0,0.0,0.0,0.0,0.0,0.0,0,0,0,ac9707f7-0c75-49a1-be61-e74c4ea05ddb,0,0,0
11,7,0.0,0.0,,,39.964490048072,0.0008015390211,-26.7754144051905,0.0008878292663,1.4447372163332,0.0308303286622,0.0,0.0,0.0,0.0,0.0,0.0,0.0,0.0,0,0,0,abe3eba7-ee0c-40e9-8c6b-2b36dc809b30,0,0,0
12,87,0.0,0.0,,,39.8939429858236,0.0007699375706,-26.7938474754185,0.000861416067,1.4604132877696,0.0335866124988,0.0,0.0,0.0,0.0,0.0,0.0,0.0,0.0,0,0,0,017aeffc-14df-472b-9f89-fcf68523cd39,0,0,0
13,32,0.0,0.0,,,39.9363604647538,0.0008003337087,-26.7175189144956,0.0008979267354,1.4206747821603,0.0336397240995,0.0,0.0,0.0,0.0,0.0,0.0,0.0,0.0,0,0,0,c16930ed-40c7-4d28-ae57-e63283fcf57c,0,0,0
14,44,0.0,0.0,,,39.8979821086548,0.0007318650796,-26.7405377746782,0.0008701847556,1.4755982111472,0.031900424213,0.0,0.0,0.0,0.0,0.0,0.0,0.0,0.0,0,0,0,b1a48c52-87f7-448f-9ec9-449e59dc5963,0,0,0
15,33,0.0,0.0,,,39.9893532331174,0.0007666016306,-26.7645822409697,0.0008507151146,1.4114811638163,0.0321924009173,0.0,0.0,0.0,0.0,0.0,0.0,0.0,0.0,0,0,0,30d06f67-b644-4650-ac38-5acb79d73f4e,0,0,0
16,86,0.0,0.0,,,40.0066382360011,0.000750295225,-26.6831017771952,0.0008681606025,1.4349354334083,0.0314318021412,0.0,0.0,0.0,0.0,0.0,0.0,0.0,0.0,0,0,0,f16b516a-c9f7-4e57-b07d-cb90ac746590,0,0,0
17,46,0.0,0.0,,,40.0077517875502,0.0007799514874,-26.7596797588104,0.000889952822,1.4966430863695,0.0335694913794,0.0,0.0,0.0,0.0,0.0,0.0,0.0,0.0,0,0,0,71bf2c02-355e-45b5-89f5-1d6be8ad188d,0,0,0
18,5,0.0,0.0,,,39.9118224393704,0.0007245219175,-26.716831041037,0.0008524054417,1.4486620272863,0.0361569345383,0.0,0.0,0.0,0.0,0.0,0.0,0.0,0.0,0,0,0,b1ddc882-1e73-4b3c-afe2-6d3a39387149,0,0,0
19,26,0.0,0.0,,,40.0496881977982,0.0007268718496,-26.7740346645335,0.0008646625201,1.4145482266222,0.0321778874094,0.0,0.0,0.0,0.0,0.0,0.0,0.0,0.0,0,0,0,5d57e6c8-f185-41e1-bfae-0326a21ef604,0,0,0
20,3,0.0,0.0,,,40.0111604932122,0.0007852319173,-26.719764323372,0.0008806977385,1.4880090241443,0.0327246560288,0.0,0.0,0.0,0.0,0.0,0.0,0.0,0.0,0,0,0,da0bbebf-19be-4f52-9949-424c6208c2f0,0,0,0
21,85,0.0,0.0,,,39.9000648095468,0.0007728849785,-26.7668223459562,0.0008642494914,1.4186626431629,0.0334927394062,0.0,0.0,0.0,0.0,0.0,0.0,0.0,0.0,0,0,0,5286e642-2634-4f38-b2bb-f28738bcacd2,0,0,0
22,50,0.0,0.0,,,39.9192194163266,0.000744605431,-26.8001391900997,0.0008420236607,1.4208930822673,0.0310722470951,0.0,0.0,0.0,0.0,0.0,0.0,0.0,0.0,0,0,0,cf547377-f56e-4267-a121-65e5e488cb8d,0,0,0
23,69,0.0,0.0,,,39.9567223237674,0.0007630665782,-26.7441708267655,0.0008710016978,1.431102535924,0.032655782558,0.0,0.0,0.0,0.0,0.0,0.0,0.0,0.0,0,0,0,fc81156c-41fd-4f01-830b-1d886b60c050,0,0,0
24,77,0.0,0.0,,,39.9704054001989,0.0007329832459,-26.7342198771846,0.0008571014938,1.4604426570158,0.033463510171,0.0,0.0,0.0,0.0,0.0,0.0,0.0,0.0,0,0,0,cff4274e-16e8-42e1-92cb-d42954634f44,0,0,0
25,38,0.0,0.0,,,39.9464308152796,0.0007688755235,-26.7877090091728,0.0008873809404,1.427550076582,0.0295276449819,0.0,0.0,0.0,0.0,0.0,0.0,0.0,0.0,0,0,0,c577019d-a4aa-4b83-af79-aa408753ac93,0,0,0
26,2,0.0,0.0,,,39.9655733474113,0.0007759794841,-26.7854687445299,0.0008853665007,1.4720111605216,0.0334833089768,0.0,0.0,0.0,0.0,0.0,0.0,0.0,0.0,0,0,0,106ef814-e084-4150-b423-a21d86593071,0,0,0
27,58,0.0,0.0,,,39.9919585416136,0.000790931837,-26.7028699156075,0.0008765814325,1.4259935301487,0.0341042973267,0.0,0.0,0.0,0.0,0.0,0.0,0.0,0.0,0,0,0,cb2a7e95-8b1d-4084-ba56-cecc8c48b835,0,0,0
28,34,0.0,0.0,,,39.8855770641564,0.0007926233567,-26.7497338577807,0.0008938902938,1.4303761686458,0.0303732152647,0.0,0.0,0.0,0.0,0.0,0.0,0.0,0.0,0,0,0,91d9da0c-fde1-4dd8-9c9b-69491baf5116,0,0,0
29,82,0.0,0.0,,,39.9204503354765,0.0007953530528,-26.7761899722867,0.0008554684553,1.3938679552881,0.0347385121862,0.0,0.0,0.0,0.0,0.0,0.0,0.0,0.0,0,0,0,9468179a-2c5e-4214-b40e-3df800abf6f7,0,0,0
30,16,0.0,0.0,,,40.0037699759766,0.0007666418871,-26.7637491987789,0.0008508447491,1.4489896567953,0.031967252155,0.0,0.0,0.0,0.0,0.0,0.0,0.0,0.0,0,0,0,b7e6a1b8-d283-4917-b9e2-ba2a67557cf9,0,0,0
31,58,0.0,0.0,,,40.0251088963871,0.000720118117,-26.7817607183092,0.0008863722841,1.4259117767999,0.0302394913765,0.0,0.0,0.0,0.0,0.0,0.0,0.0,0.0,0,0,0,199c186f-4887-4b16-82f4-bfa230e4a908,0,0,0
32,42,0.0,0.0,,,39.8981678534733,0.0007634996628,-26.6925794481229,0.0008761379367,1.4120978022119,0.028787535614,0.0,0.0,0.0,0.0,0.0,0.0,0.0,0.0,0,0,0,bbcf3fd3-f30e-4d91-82a5-8fccca1008e3,0,0,0
33,41,0.0,0.0,,,39.9267121760023,0.000760649175,-26.7449345189412,0.0008860274769,1.4191171234827,0.0307231283055,0.0,0.0,0.0,0.0,0.0,0.0,0.0,0.0,0,0,0,bbcd26f1-9951-4ae5-8d68-be9b28bb34a1,0,0,0
34,36,0.0,0.0,,,40.0162269779758,0.0007405745012,-26.8099932020122,0.0008695135362,1.4272745734871,0.0352356687204,0.0,0.0,0.0,0.0,0.0,0.0,0.0,0.0,0,0,0,d30ec64e-3e7e-44e4-bd33-c835415ab059,0,0,0
35,74,0.0,0.0,,,39.9828570906472,0.0007399270352,-26.7418463799977,0.0008872334531,1.4654653081897,0.0322782826891,0.0,0.0,0.0,0.0,0.0,0.0,0.0,0.0,0,0,0,7a2761c3-6f9d-434b-bb0a-bf1949e9985c,0,0,0
36,15,0.0,0.0,,,39.9371324957284,0.0007559059757,-26.7533668702028,0.0008905637085,1.4536116832297,0.0325429995158,0.0,0.0,0.0,0.0,0.0,0.0,0.0,0.0,0,0,0,f533a70e-decb-4f72-9cc9-4df7e66c2e65,0,0,0
37,7,0.0,0.0,,,39.9367750218432,0.0007790583094,-26.7315082914346,0.0008780180367,1.4645863664933,0.0338119117518,0.0,0.0,0.0,0.0,0.0,0.0,0.0,0.0,0,0,0,ded47144-f608-4c67-8245-cac55013670e,0,0,0
38,17,0.0,0.0,,,39.8928090492638,0.0007675422872,-26.7505360487937,0.0008812378877,1.5212234666369,0.0306870567167,0.0,0.0,0.0,0.0,0.0,0.0,0.0,0.0,0,0,0,0155b7b7-77d0-4a80-a0ef-dc3269b0f6af,0,0,0
39,62,0.0,0.0,,,39.9456663071454,0.0007837585202,-26.7664596676942,0.0008408798522,1.4625873298511,0.0333963369699,0.0,0.0,0.0,0.0,0.0,0.0,0.0,0.0,0,0,0,bc0ab2f1-a1c4-4226-9ad1-503722bf8242,0,0,0
40,18,0.0,0.0,,,39.9721357553527,0.0007490125499,-26.7758590759514,0.0008886426948,1.4658759818378,0.0335132703474,0.0,0.0,0.0,0.0,0.0,0.0,0.0,0.0,0,0,0,1aecf582-59fb-4397-85b8-0381a4591500,0,0,0
41,37,0.0,0.0,,,39.8736356772713,0.0007561917239,-26.8398678910013,0.0008927838593,1.4265381581572,0.0309488477653,0.0,0.0,0.0,0.0,0.0,0.0,0.0,0.0,0,0,0,70aae173-af42-47f5-b4d1-3fe2dbc18e32,0,0,0
42,52,0.0,0.0,,,39.9459268808054,0.0007414712315,-26.6803270436657,0.0008664930892,1.4661741521535,0.0296947499398,0.0,0.0,0.0,0.0,0.0,0.0,0.0,0.0,0,0,0,f81d8c4f-9638-4d92-819f-2aca9dc5a1a8,0,0,0
43,85,0.0,0.0,,,39.9515798730123,0.0007379758314,-26.7478657377922,0.0008745285631,1.4535419312934,0.0322981791884,0.0,0.0,0.0,0.0,0.0,0.0,0.0,0.0,0,0,0,df074ba3-9087-463a-b853-5f808f013884,0,0,0
44,41,0.0,0.0,,,39.9542606385096,0.0007578589026,-26.7451228198556,0.0008649563612,1.454723077205,0.0306063687895,0.0,0.0,0.0,0.0,0.0,0.0,0.0,0.0,0,0,0,51dd4f6a-2ed4-44db-9cc5-884ab9cf3de7,0,0,0
45,48,0.0,0.0,,,40.0273574069695,0.0007576394087,-26.8109319530188,0.0008803856104,1.4908389790346,0.0316741452058,0.0,0.0,0.0,0.0,0.0,0.0,0.0,0.0,0,0,0,3017dc6a-0b02-4963-8f50-decdfa4394b5,0,0,0
46,94,0.0,0.0,,,39.9972982202021,0.000792537578,-26.7672141670425,0.0008898238146,1.4392955979356,0.0307398992256,0.0,0.0,0.0,0.0,0.0,0.0,0.0,0.0,0,0,0,b80adaf0-5676-4681-acbf-0776886052e4,0,0,0
47,79,0.0,0.0,,,39.90387160291,0.0007502132081,-26.8055991485331,0.0008501927832,1.4331131522159,0.0321459951156,0.0,0.0,0.0,0.0,0.0,0.0,0.0,0.0,0,0,0,234a9475-7f27-4292-87b7-0ed0d98f1dff,0,0,0
48,84,0.0,0.0,,,39.9730283805624,0.0007528668613,-26.7368831097736,0.0008866275875,1.4631056834113,0.0327993718718,0.0,0.0,0.0,0.0,0.0,0.0,0.0,0.0,0,0,0,f39b8241-294c-421c-a806-b6c97554d7c9,0,0,0
49,68,0.0,0.0,,,39.979703580448,0.0007965107737,-26.7609283521905,0.000846105033,1.4716110677407,0.0298170124128,0.0,0.0,0.0,0.0,0.0,0.0,0.0,0.0,0,0,0,bba9f2af-7034-4561-b0a2-4e66d116b476,0,0,0
0,50,0.0,0.0,,,39.0890320430411,0.0033540376372,-29.905991628056,0.004588312254,0.2856802725007,0.0349542752569,0.0,0.0,0.0,0.0,0.0,0.0,0.0,0.0,0,0,0,041c453e-222d-4335-adde-202793ed0057,0,0,0
1,69,0.0,0.0,,,39.1319750015747,0.003292673578,-29.9209898854758,0.0044201554613,0.3214280824284,0.0313893515015,0.0,0.0,0.0,0.0,0.0,0.0,0.0,0.0,0,0,0,f85495c3-e83f-43aa-80f0-75b0dc98b99c,0,0,0
2,70,0.0,0.0,,,39.1386331511836,0.0033735582667,-29.9051539623439,0.0042906659364,0.3547933481994,0.0329681057913,0.0,0.0,0.0,0.0,0.0,0.0,0.0,0.0,0,0,0,54e509bd-b9aa-49eb-a51b-42e00ec4c4c8,0,0,0
3,15,0.0,0.0,,,39.169138515289,0.0034006259202,-29.9192668202143,0.0045966433113,0.3482295513314,0.0320736456765,0.0,0.0,0.0,0.0,0.0,0.0,0.0,0.0,0,0,0,82b435ed-a498-4515-a4b8-1a157dbc2e9b,0,0,0
4,82,0.0,0.0,,,39.1036101375478,0.0033541155496,-29.849177229126,0.0044315210417,0.2832562516873,0.0328366723595,0.0,0.0,0.0,0.0,0.0,0.0,0.0,0.0,0,0,0,cfda2547-dd8b-4d67-8d46-7be2b3f905c4,0,0,0
5,73,0.0,0.0,,,39.1748397170024,0.0035344137561,-29.9914676860256,0.0043208746163,0.2968588218026,0.0320056955018,0.0,0.0,0.0,0.0,0.0,0.0,0.0,0.0,0,0,0,5dc50529-59a6-40cd-a8a1-9e945b05c814,0,0,0
6,3,0.0,0.0,,,39.1300190193022,0.0033882300652,-29.9347955564556,0.0044408495356,0.3187330028211,0.031225268577,0.0,0.0,0.0,0.0,0.0,0.0,0.0,0.0,0,0,0,5c00adfd-ec48-4b43-9008-4f68993520ce,0,0,0
7,41,0.0,0.0,,,39.1826009858024,0.0033678832058,-29.8729468191358,0.0043947958119,0.3452675977504,0.0313929145067,0.0,0.0,0.0,0.0,0.0,0.0,0.0,0.0,0,0,0,711f03c4-c4b7-4b0b-abf7-9b614816f3df,0,0,0
8,91,0.0,0.0,,,39.1460132793489,0.0032562454341,-29.8687424485789,0.0045334708364,0.318665982174,0.0331305614021,0.0,0.0,0.0,0.0,0.0,0.0,0.0,0.0,0,0,0,91032039-064d-4f79-aaf2-fd76418b7bac,0,0,0
9,0,0.0,0.0,,,39.155164074215,0.0032620527325,-29.8906434229624,0.0043720592388,0.3027840597397,0.0347827786795,0.0,0.0,0.0,0.0,0.0,0.0,0.0,0.0,0,0,0,51dfa77a-8c38-4073-9770-1b662675f914,0,0,0
10,74,0.0,0.0,,,39.1434151090942,0.0034216367038,-29.8731964188723,0.0044168808398,0.3069392624488,0.0307905000642,0.0,0.0,0.0,0.0,0.0,0.0,0.0,0.0,0,0,0,92e0b5db-047c-4977-afa2-9812513d9bfa,0,0,0
11,91,0.0,0.0,,,39.1718191022627,0.0034417047066,-29.8904783863514,0.0046598908089,0.3406520250443,0.035047684668,0.0,0.0,0.0,0.0,0.0,0.0,0.0,0.0,0,0,0,ab0be530-c162-487f-9060-31ab0712d5ab,0,0,0
12,48,0.0,0.0,,,39.1099540876802,0.0034501481322,-29.8661829158693,0.0046704496976,0.3440595179636,0.0315612261036,0.0,0.0,0.0,0.0,0.0,0.0,0.0,0.0,0,0,0,7b99fe7e-69a5-4b9d-b0e9-a5b5c4077157,0,0,0
13,73,0.0,0.0,,,39.2041508939718,0.0034338119919,-29.8591183266878,0.0045596974852,0.2767841427337,0.0321367787612,0.0,0.0,0.0,0.0,0.0,0.0,0.0,0.0,0,0,0,089fe2b3-d0e3-414f-af2a-a604bf90546a,0,0,0
14,17,0.0,0.0,,,39.1687423515231,0.0032870432338,-29.8952960459922,0.0045642057674,0.2891383115252,0.0348456305324,0.0,0.0,0.0,0.0,0.0,0.0,0.0,0.0,0,0,0,f6905425-a8c2-4444-a2da-7bad87fbc9b8,0,0,0
15,36,0.0,0.0,,,39.0436696097277,0.0033975432492,-29.9387558140812,0.0045734922216,0.2949723191,0.0319544062199,0.0,0.0,0.0,0.0,0.0,0.0,0.0,0.0,0,0,0,4036c19c-9657-4cfd-96fb-f56d3185d9a3,0,0,0
16,29,0.0,0.0,,,39.1318068117698,0.0033784379429,-29.9348700154865,0.0045122363309,0.3317371116872,0.0329320015174,0.0,0.0,0.0,0.0,0.0,0.0,0.0,0.0,0,0,0,2e1f4244-040c-48a4-89d0-26100a2a25ed,0,0,0
17,72,0.0,0.0,,,39.1510338436681,0.0032698453241,-29.9516851868341,0.0045224038861,0.3364209914877,0.0333157904699,0.0,0.0,0.0,0.0,0.0,0.0,0.0,0.0,0,0,0,ea07f5fd-3853-4cec-9463-b8b96e9aa56b,0,0,0
18,47,0.0,0.0,,,39.1079667864171,0.003324128712,-29.9084855857216,0.0044936581946,0.3618954942629,0.033796504607,0.0,0.0,0.0,0.0,0.0,0.0,0.0,0.0,0,0,0,751df7f5-42f1-403d-8e7c-f32bfe7d288e,0,0,0
19,62,0.0,0.0,,,39.1785620871541,0.0032970576001,-29.9140952455165,0.0045755194609,0.319742212237,0.0337740105791,0.0,0.0,0.0,0.0,0.0,0.0,0.0,0.0,0,0,0,bd9ba340-50bf-49a4-9ecb-f01f21c545c8,0,0,0
20,72,0.0,0.0,,,39.162092480975,0.0034724342306,-29.8651210458577,0.0045596330746,0.3363594779066,0.0347436926627,0.0,0.0,0.0,0.0,0.0,0.0,0.0,0.0,0,0,0,68d203cd-59e0-449a-b2ee-976410388593,0,0,0
21,9,0.0,0.0,,,39.153257095564,0.0034341860895,-29.8984909948033,0.0046074685192,0.4271341947571,0.0318714713778,0.0,0.0,0.0,0.0,0.0,0.0,0.0,0.0,0,0,0,99351e51-e18f-431b-bcbc-c5885feac1b9,0,0,0
22,83,0.0,0.0,,,39.1402895652055,0.0034925936136,-29.883417228845,0.0046091912524,0.3479864596661,0.0335782822338,0.0,0.0,0.0,0.0,0.0,0.0,0.0,0.0,0,0,0,6b57f202-cd6e-4b4a-b48a-81fccec048f1,0,0,0
23,24,0.0,0.0,,,39.1024328629428,0.0034074199881,-29.8880551747286,0.0047364884779,0.3506400620672,0.036575118794,0.0,0.0,0.0,0.0,0.0,0.0,0.0,0.0,0,0,0,f250814c-1c19-4234-bc8c-25115acec63c,0,0,0
24,41,0.0,0.0,,,39.1901702377771,0.0033814360698,-29.8394518478936,0.0046411992003,0.3427406581997,0.0348373228491,0.0,0.0,0.0,0.0,0.0,0.0,0.0,0.0,0,0,0,55dad61a-ed99-4903-9c50-cacfe8745180,0,0,0
25,43,0.0,0.0,,,39.0891180006777,0.0032099240473,-29.9316904895457,0.0045005494748,0.3135791631956,0.0333567013734,0.0,0.0,0.0,0.0,0.0,0.0,0.0,0.0,0,0,0,b5966c4b-f0da-4054-859f-3a9efa4f45a1,0,0,0
26,63,0.0,0.0,,,39.1377150614625,0.0033368670752,-29.8852000302629,0.0044885212062,0.298226005637,0.0335332861528,0.0,0.0,0.0,0.0,0.0,0.0,0.0,0.0,0,0,0,fb713ba1-077d-4838-bf02-bb81ad7e792c,0,0,0
27,12,0.0,0.0,,,39.1892775473343,0.0034262659061,-29.8916600761156,0.0045429505246,0.3343095860198,0.0306685707102,0.0,0.0,0.0,0.0,0.0,0.0,0.0,0.0,0,0,0,5243f317-8ff0-4a89-bd33-1d14bab7733d,0,0,0
28,33,0.0,0.0,,,39.0865345382913,0.0032807389533,-29.9633435245456,0.0045749136541,0.3059631155989,0.0329483924614,0.0,0.0,0.0,0.0,0.0,0.0,0.0,0.0,0,0,0,016a8841-8d38-43ac-bda7-673925fbb9fa,0,0,0
29,52,0.0,0.0,,,39.1094299127078,0.00322184362,-29.9179083474709,0.00479827491,0.3873182949669,0.0312930172906,0.0,0.0,0.0,0.0,0.0,0.0,0.0,0.0,0,0,0,141d4c30-8a08-4b5c-a571-3afdf924bbc9,0,0,0
30,77,0.0,0.0,,,39.0794835075198,0.0033694438683,-29.9559720003794,0.0044223511323,0.3642387181885,0.032001121784,0.0,0.0,0.0,0.0,0.0,0.0,0.0,0.0,0,0,0,cc76f4ad-6002-4ad2-8450-ba24b43ffac5,0,0,0
31,92,0.0,0.0,,,39.1927172681228,0.0031668921871,-29.9703944337249,0.0044867869855,0.3077944399054,0.0309565130792,0.0,0.0,0.0,0.0,0.0,0.0,0.0,0.0,0,0,0,b3cabf3c-3776-4a43-a43a-23303ee1d4ce,0,0,0
32,84,0.0,0.0,,,39.1800216051822,0.0033654615943,-29.8071667877647,0.0044321141868,0.3229936754341,0.035550564061,0.0,0.0,0.0,0.0,0.0,0.0,0.0,0.0,0,0,0,5bbccf29-23ee-4f41-bc61-b1c6277cf9ce,0,0,0
33,81,0.0,0.0,,,39.079816848032,0.0034077503836,-29.9818820076529,0.0044220853577,0.3729774587062,0.032354304277,0.0,0.0,0.0,0.0,0.0,0.0,0.0,0.0,0,0,0,13981b98-8310-44f2-b37a-25f01d1f1538,0,0,0
34,55,0.0,0.0,,,39.090371448246,0.0032900780985,-29.9700552895108,0.0043902668193,0.3358023047012,0.0310311674111,0.0,0.0,0.0,0.0,0.0,0.0,0.0,0.0,0,0,0,1761d562-e4f5-4a32-be7b-be9a862bd73c,0,0,0
35,48,0.0,0.0,,,39.0729454945524,0.003377427433,-29.9205759242635,0.0046012801535,0.329535114707,0.0373849343669,0.0,0.0,0.0,0.0,0.0,0.0,0.0,0.0,0,0,0,8361b7c8-cd87-4e16-a39a-7d9a62a27e6b,0,0,0
36,24,0.0,0.0,,,39.1834665559707,0.0033539602512,-29.8593515485206,0.0044504078465,0.3002561342047,0.0340109492264,0.0,0.0,0.0,0.0,0.0,0.0,0.0,0.0,0,0,0,a5e292bd-61eb-427b-9ec5-4bbc8f3a7c13,0,0,0
37,74,0.0,0.0,,,39.1037017337799,0.0033459125739,-29.9360460291155,0.0046483299051,0.3415617040359,0.035412100595,0.0,0.0,0.0,0.0,0.0,0.0,0.0,0.0,0,0,0,bcd59265-c64d-41a3-ba8a-c349ba63d660,0,0,0
38,1,0.0,0.0,,,39.1052701294157,0.0033606904983,-29.8588461321834,0.0042852984221,0.4170329846553,0.0326114261077,0.0,0.0,0.0,0.0,0.0,0.0,0.0,0.0,0,0,0,190d84c6-831d-45df-b74a-01b094a3d399,0,0,0
39,71,0.0,0.0,,,39.140477996189,0.0033458650417,-29.9118327983947,0.0045236206556,0.2979960892561,0.0328551949555,0.0,0.0,0.0,0.0,0.0,0.0,0.0,0.0,0,0,0,6b7d36f4-66a4-4abe-b13a-e4de85ad9cb8,0,0,0
40,97,0.0,0.0,,,39.159279689061,0.0033465424896,-29.892138201776,0.0044101954504,0.271021653428,0.0332584713967,0.0,0.0,0.0,0.0,0.0,0.0,0.0,0.0,0,0,0,5f9b200f-6493-4dcd-8511-d2572bf05325,0,0,0
41,14,0.0,0.0,,,39.1515105459696,0.0033220632226,-29.8982784910939,0.0043765120242,0.283637169811,0.0337361550895,0.0,0.0,0.0,0.0,0.0,0.0,0.0,0.0,0,0,0,4d54f5fc-b4bc-4314-925f-557132b72128,0,0,0
42,98,0.0,0.0,,,39.1434948817124,0.0033642331098,-29.9011906990556,0.0046313612341,0.3595952134685,0.0360329228996,0.0,0.0,0.0,0.0,0.0,0.0,0.0,0.0,0,0,0,7601ce43-9ea3-49b1-90bb-61ff3b98b1ee,0,0,0
43,12,0.0,0.0,,,39.1845310227258,0.0034090582276,-29.9065573110331,0.0044316355186,0.3581398863798,0.0318859319614,0.0,0.0,0.0,0.0,0.0,0.0,0.0,0.0,0,0,0,7f1f3b3f-9b32-436a-b31d-f5596b7669de,0,0,0
44,67,0.0,0.0,,,39.0879088256432,0.0033245636929,-29.8678960642917,0.0044561273899,0.3352862274094,0.0293286800843,0.0,0.0,0.0,0.0,0.0,0.0,0.0,0.0,0,0,0,16d4f885-2704-445a-9a72-11da15b66072,0,0,0
45,34,0.0,0.0,,,39.1250741216989,0.0033770088423,-29.8207303881664,0.0046245345013,0.2945216789943,0.0349720174441,0.0,0.0,0.0,0.0,0.0,0.0,0.0,0.0,0,0,0,f6bb27e6-25a5-4fec-8779-da4206486bdb,0,0,0
46,83,0.0,0.0,,,39.1206998459428,0.0033042076708,-29.8569825232845,0.0045546336809,0.2683215487961,0.0337465154627,0.0,0.0,0.0,0.0,0.0,0.0,0.0,0.0,0,0,0,a91d866a-4ad0-4557-bf11-f52c762f3065,0,0,0
47,15,0.0,0.0,,,39.2417106660786,0.0032198864771,-29.8426850337901,0.0046041161722,0.2428258098383,0.0328079025533,0.0,0.0,0.0,0.0,0.0,0.0,0.0,0.0,0,0,0,46a8113d-45b0-4d84-84c4-aca8862e5f84,0,0,0
48,36,0.0,0.0,,,39.1562988108228,0.0033864359421,-29.8587397144064,0.0044944516439,0.3174661317444,0.0338485337097,0.0,0.0,0.0,0.0,0.0,0.0,0.0,0.0,0,0,0,04b18490-3e30-4197-886e-0f201d258f53,0,0,0
49,29,0.0,0.0,,,39.1336043211547,0.0034899040574,-29.9111206760855,0.0045058605692,0.3382948505609,0.0353563157736,0.0,0.0,0.0,0.0,0.0,0.0,0.0,0.0,0,0,0,3756002c-1e61-4e69-a3da-137d5acc15a0,0,0,0
