island,source,background,local_rms,ra_str,dec_str,ra,err_ra,dec,err_dec,peak_flux,err_peak_flux,int_flux,err_int_flux,a,err_a,b,err_b,pa,err_pa,flags,residual_mean,residual_std,uuid,psf_a,psf_b,psf_pa
0,77,0.0,0.0,,,41.3651502435991,0.0046636299607,-26.2502062488796,0.0056467336797,0.3051597506668,0.0344969888296,0.0,0.0,0.0,0.0,0.0,0.0,0.0,0.0,0,0,0,17ff7775-5e76-4651-a18b-778d4e20dfc1,0,0,0
1,92,0.0,0.0,,,41.2585325593354,0.0048627986752,-26.3066992635091,0.0054106940744,0.3010568708056,0.0373434740943,0.0,0.0,0.0,0.0,0.0,0.0,0.0,0.0,0,0,0,31f643d4-0c08-43c1-9db9-df25d3b40416,0,0,0
2,0,0.0,0.0,,,41.320791429393,0.0046861640714,-26.3318900476399,0.0053758960057,0.3088676136085,0.035106688523,0.0,0.0,0.0,0.0,0.0,0.0,0.0,0.0,0,0,0,f24a449a-f4d6-4df7-b9ec-064c8c8e25b7,0,0,0
3,23,0.0,0.0,,,41.3362015549037,0.0046837559849,-26.3567456260545,0.0056737785548,0.2679457312964,0.0395933991049,0.0,0.0,0.0,0.0,0.0,0.0,0.0,0.0,0,0,0,15a4a555-771d-48e2-8833-d84590c4e042,0,0,0
4,100,0.0,0.0,,,41.3224143319303,0.0050133239987,-26.2362903374538,0.0056164361962,0.3701447178165,0.0376390657041,0.0,0.0,0.0,0.0,0.0,0.0,0.0,0.0,0,0,0,dce5a916-7f75-4bf1-ae38-df3a18f69570,0,0,0
5,85,0.0,0.0,,,41.3475081155094,0.0046297541896,-26.3151303066957,0.0055022549732,0.304938227011,0.0339970154744,0.0,0.0,0.0,0.0,0.0,0.0,0.0,0.0,0,0,0,ab48ab0e-ae1b-4deb-97bc-c6bb19611789,0,0,0
6,90,0.0,0.0,,,41.2769255797185,0.0047041966049,-26.2390393088418,0.0054954720014,0.2418645805421,0.0368160155162,0.0,0.0,0.0,0.0,0.0,0.0,0.0,0.0,0,0,0,2b8670c1-088b-49b5-9bb6-f115f83e394f,0,0,0
7,93,0.0,0.0,,,41.3331585507002,0.0047600078122,-26.1917212360338,0.0055417185862,0.300956273535,0.0350415880468,0.0,0.0,0.0,0.0,0.0,0.0,0.0,0.0,0,0,0,0e49982d-26c2-405c-9321-caa7af8034f6,0,0,0
8,94,0.0,0.0,,,41.3792594537442,0.0045849597066,-26.3067608137315,0.0055909553659,0.3506915241149,0.0354055400837,0.0,0.0,0.0,0.0,0.0,0.0,0.0,0.0,0,0,0,119d2a22-ddd2-4fd1-a414-af7fd8ee54bf,0,0,0
9,18,0.0,0.0,,,41.2843416266581,0.004823455726,-26.2957493482402,0.0055867911956,0.3528997018767,0.0359311752962,0.0,0.0,0.0,0.0,0.0,0.0,0.0,0.0,0,0,0,5ce71b4f-95e9-41f0-87de-d6738241ba85,0,0,0
10,91,0.0,0.0,,,41.3376787037132,0.0047669380298,-26.2124934791917,0.0054380648934,0.2907138193429,0.0328743697463,0.0,0.0,0.0,0.0,0.0,0.0,0.0,0.0,0,0,0,da9a37d7-27c2-4cef-997e-601ad094e463,0,0,0
11,99,0.0,0.0,,,41.3361187836098,0.0046646665766,-26.2279930254588,0.0056159355098,0.3327283144686,0.0363298034294,0.0,0.0,0.0,0.0,0.0,0.0,0.0,0.0,0,0,0,fc38dcab-436c-4f7e-956c-adc609771d87,0,0,0
12,51,0.0,0.0,,,41.3769345419872,0.00472258053,-26.2596783710219,0.0054855211087,0.279122377557,0.0366807667605,0.0,0.0,0.0,0.0,0.0,0.0,0.0,0.0,0,0,0,982877e0-fa0c-419d-95a9-77d66158c0f3,0,0,0
13,27,0.0,0.0,,,41.2755086601997,0.004870142045,-26.2742240781553,0.0056080904883,0.2698269351517,0.0341708171112,0.0,0.0,0.0,0.0,0.0,0.0,0.0,0.0,0,0,0,f8c65854-2788-47f0-b050-01a516fa61ab,0,0,0
14,78,0.0,0.0,,,41.2999698612466,0.0048393209189,-26.326368395813,0.005467936678,0.2907166116945,0.0337574257398,0.0,0.0,0.0,0.0,0.0,0.0,0.0,0.0,0,0,0,a9dfcdc6-0a5a-49e5-ad17-30d8543a22d0,0,0,0
15,47,0.0,0.0,,,41.2864137993459,0.0045258614364,-26.2477353872957,0.0057032875541,0.293548978999,0.0353570085608,0.0,0.0,0.0,0.0,0.0,0.0,0.0,0.0,0,0,0,e8da30c6-bdd8-4f48-a436-aaf050469f11,0,0,0
16,75,0.0,0.0,,,41.2266816555605,0.0046704956213,-26.3084673458575,0.00544599643,0.31859442666,0.0347852568928,0.0,0.0,0.0,0.0,0.0,0.0,0.0,0.0,0,0,0,e2ef2b62-d12d-4585-acf5-f3db9b9a9e4b,0,0,0
17,4,0.0,0.0,,,41.2582823122814,0.0047924609742,-26.2888728474632,0.0054304236873,0.2756766606756,0.0361715531387,0.0,0.0,0.0,0.0,0.0,0.0,0.0,0.0,0,0,0,100bfc2d-04fa-4f0d-938a-62969738b6c1,0,0,0
18,16,0.0,0.0,,,41.3355107527678,0.0046916942851,-26.2921961094813,0.0054162852171,0.3531905323872,0.0339785432411,0.0,0.0,0.0,0.0,0.0,0.0,0.0,0.0,0,0,0,bc9432b3-56d9-4756-9136-e5117189d1c5,0,0,0
18,17,0.0,0.0,,,41.274374847403,0.0032649031241,-26.3473486239896,0.0043312334105,0.3809309645559,0.036379927556,0.0,0.0,0.0,0.0,0.0,0.0,0.0,0.0,0,0,0,cd080f18-c450-417e-9df2-af67266a6544,0,0,0
19,19,0.0,0.0,,,41.2739914047901,0.0046548326078,-26.2421756677449,0.0056000915512,0.3153342968276,0.0354251708647,0.0,0.0,0.0,0.0,0.0,0.0,0.0,0.0,0,0,0,7435cbb4-46fa-4724-99a7-f0693e3583ee,0,0,0
20,4,0.0,0.0,,,41.2280790244212,0.004794659866,-26.2310905429895,0.0055217337799,0.2740920490088,0.034880126966,0.0,0.0,0.0,0.0,0.0,0.0,0.0,0.0,0,0,0,c5c4ff81-6bd4-4fe3-b624-45f942f67da6,0,0,0
21,67,0.0,0.0,,,41.3299162699722,0.0045601542314,-26.2972929871358,0.0057107186455,0.3025289274812,0.034635339954,0.0,0.0,0.0,0.0,0.0,0.0,0.0,0.0,0,0,0,712bc826-f10b-4a90-8647-b2784982eb3f,0,0,0
22,71,0.0,0.0,,,41.2980681919983,0.0046057797649,-26.2305354666556,0.0054063189955,0.3310374575423,0.0365978997653,0.0,0.0,0.0,0.0,0.0,0.0,0.0,0.0,0,0,0,8d7963a6-6a6b-48b9-b5de-0e2ac901f44c,0,0,0
23,39,0.0,0.0,,,41.3742897951113,0.0048260710601,-26.2964526298644,0.0054734260622,0.3182616193611,0.0360592168464,0.0,0.0,0.0,0.0,0.0,0.0,0.0,0.0,0,0,0,951b586a-c562-4a6a-8768-16d94d189fcc,0,0,0
24,18,0.0,0.0,,,41.3517270135033,0.0046694239838,-26.2715052472105,0.0054774440193,0.3944850807938,0.0377082987715,0.0,0.0,0.0,0.0,0.0,0.0,0.0,0.0,0,0,0,74262e4b-d953-4ec6-b3fc-f3f0fff3305a,0,0,0
25,46,0.0,0.0,,,41.2726985581058,0.0047803586967,-26.3112096738414,0.0054774324013,0.3077936452657,0.0336461245421,0.0,0.0,0.0,0.0,0.0,0.0,0.0,0.0,0,0,0,f1c5bd60-52f1-45fa-8dae-18dc410fe531,0,0,0
26,38,0.0,0.0,,,41.2815270072639,0.0047287472394,-26.2885918879928,0.0056416300772,0.3066251797188,0.0357079417415,0.0,0.0,0.0,0.0,0.0,0.0,0.0,0.0,0,0,0,3d999ecc-72d0-421f-8396-f11eb7b4a6e9,0,0,0
27,64,0.0,0.0,,,41.3022694298966,0.0048723633164,-26.3487143735936,0.0056567824945,0.3147273688038,0.0343912173033,0.0,0.0,0.0,0.0,0.0,0.0,0.0,0.0,0,0,0,a9323586-31d9-4346-8f91-97fb8073b078,0,0,0
28,57,0.0,0.0,,,41.3203196507618,0.0046331623111,-26.3228814673799,0.00537676735,0.3031619556704,0.0371786357122,0.0,0.0,0.0,0.0,0.0,0.0,0.0,0.0,0,0,0,183ca3de-12a0-4776-a103-569a1cd89f99,0,0,0
29,11,0.0,0.0,,,41.3177341747416,0.0047672505151,-26.3064917266546,0.0055688014245,0.3196288907612,0.0365412254773,0.0,0.0,0.0,0.0,0.0,0.0,0.0,0.0,0,0,0,0d73ad98-58fc-457e-b3c2-fcec446c3dbc,0,0,0
30,3,0.0,0.0,,,41.2387873818382,0.0048807258328,-26.3038059527043,0.0056000405197,0.3990590531308,0.0356587535826,0.0,0.0,0.0,0.0,0.0,0.0,0.0,0.0,0,0,0,8bee9856-9943-4cd2-a909-3fa6715fcd58,0,0,0
31,100,0.0,0.0,,,41.3807018837105,0.0047697262276,-26.2665520035327,0.0054344445815,0.2839169553632,0.0366725413529,0.0,0.0,0.0,0.0,0.0,0.0,0.0,0.0,0,0,0,38eb7538-b6cb-43dd-a92b-684e71a5d72d,0,0,0
33,30,0.0,0.0,,,41.3429757224728,0.0047710312645,-26.2927050286051,0.0053902597265,0.2602475397083,0.0367570204113,0.0,0.0,0.0,0.0,0.0,0.0,0.0,0.0,0,0,0,5ab8ca57-32e0-4e19-a374-424d9354a32f,0,0,0
34,100,0.0,0.0,,,41.3204901493611,0.0047313185531,-26.2222709436329,0.0054846416198,0.3075029570942,0.0353004167299,0.0,0.0,0.0,0.0,0.0,0.0,0.0,0.0,0,0,0,81ebbec2-0954-43a4-895e-3226135f8e21,0,0,0
35,14,0.0,0.0,,,41.2788130705192,0.0046308859381,-26.3448280692403,0.0053363036772,0.3035214219446,0.034827979298,0.0,0.0,0.0,0.0,0.0,0.0,0.0,0.0,0,0,0,231919f2-d811-4735-968a-6e978f1ec290,0,0,0
36,95,0.0,0.0,,,41.3359009464114,0.004731293824,-26.2981994908105,0.0052680349622,0.2612731936084,0.0372221660208,0.0,0.0,0.0,0.0,0.0,0.0,0.0,0.0,0,0,0,e44444f8-736d-41a3-beec-aefa1d0ce29e,0,0,0
37,14,0.0,0.0,,,41.3357338824154,0.0047181595884,-26.2863036081332,0.0056256297964,0.2604862859456,0.0341579330649,0.0,0.0,0.0,0.0,0.0,0.0,0.0,0.0,0,0,0,a4c80c53-4176-4ea8-ba2c-582e18b97bfb,0,0,0
38,37,0.0,0.0,,,41.2765381946904,0.0047715129088,-26.2593140609118,0.0054606404584,0.3370947598661,0.0352758017654,0.0,0.0,0.0,0.0,0.0,0.0,0.0,0.0,0,0,0,9036fed6-50b4-4ba0-948f-4864e100c333,0,0,0
39,26,0.0,0.0,,,41.3141896266816,0.0048248731424,-26.3059156600143,0.0054790317923,0.3567773347676,0.0377547414192,0.0,0.0,0.0,0.0,0.0,0.0,0.0,0.0,0,0,0,a857cea6-aacc-4ed9-a131-330558465ff2,0,0,0
40,52,0.0,0.0,,,41.2644585264613,0.0047608756466,-26.305142564387,0.0058773339837,0.2920756513665,0.0374931319836,0.0,0.0,0.0,0.0,0.0,0.0,0.0,0.0,0,0,0,38c779a7-0bdc-4ecf-9143-e4fe11a06d98,0,0,0
41,11,0.0,0.0,,,41.3016513961119,0.0047835735584,-26.3455323584841,0.0054491342507,0.3212142019798,0.0373799797683,0.0,0.0,0.0,0.0,0.0,0.0,0.0,0.0,0,0,0,289c7930-5fa0-436a-a4e7-ec0a2d97decd,0,0,0
42,88,0.0,0.0,,,41.2454910797199,0.0046393417744,-26.3356784680508,0.0054117380893,0.2933170647098,0.0363503189389,0.0,0.0,0.0,0.0,0.0,0.0,0.0,0.0,0,0,0,4f9c2e70-2bda-4f35-958f-57035b1c8570,0,0,0
43,88,0.0,0.0,,,41.2870663071355,0.0049729858129,-26.3099371335654,0.0055207052257,0.2956537705302,0.0358982702416,0.0,0.0,0.0,0.0,0.0,0.0,0.0,0.0,0,0,0,6d9bbcab-3967-4d93-910a-5e0f3279c844,0,0,0
44,63,0.0,0.0,,,41.36602288654,0.0048009805638,-26.2406634627054,0.0055306675497,0.2609559580498,0.0370187904266,0.0,0.0,0.0,0.0,0.0,0.0,0.0,0.0,0,0,0,948a500a-8551-4464-a7a6-5f89bf4312b9,0,0,0
45,40,0.0,0.0,,,41.2439955253815,0.0048831924046,-26.3062815618343,0.0056875723156,0.3297403130687,0.0328388085034,0.0,0.0,0.0,0.0,0.0,0.0,0.0,0.0,0,0,0,990b483a-cc9d-4f13-8a80-fe24a948b895,0,0,0
46,80,0.0,0.0,,,41.3200773878849,0.0047024985944,-26.2930799921154,0.0056019361049,0.3268784923415,0.037426600344,0.0,0.0,0.0,0.0,0.0,0.0,0.0,0.0,0,0,0,51caaf36-3c2d-4bb1-857d-2dbe0ca3b8d1,0,0,0
47,20,0.0,0.0,,,41.3481502947604,0.004546498307,-26.2786458238771,0.0054511697759,0.3061122274895,0.0360227542672,0.0,0.0,0.0,0.0,0.0,0.0,0.0,0.0,0,0,0,f4bb201c-ea9e-44ba-b9dc-80599af4332c,0,0,0
48,30,0.0,0.0,,,41.2774369893407,0.0048598405184,-26.267103343174,0.0053157379165,0.3145044167518,0.0363174543437,0.0,0.0,0.0,0.0,0.0,0.0,0.0,0.0,0,0,0,303c7d0e-77b6-4259-993a-aa1c12b7e336,0,0,0
49,61,0.0,0.0,,,41.2923640345621,0.0045888754103,-26.2831118643686,0.0055074988268,0.2665895912489,0.0344675875995,0.0,0.0,0.0,0.0,0.0,0.0,0.0,0.0,0,0,0,64c74ec6-b6c1-4986-85e4-6805530e5925,0,0,0
