island,source,background,local_rms,ra_str,dec_str,ra,err_ra,dec,err_dec,peak_flux,err_peak_flux,int_flux,err_int_flux,a,err_a,b,err_b,pa,err_pa,flags,residual_mean,residual_std,uuid,psf_a,psf_b,psf_pa
0,8,0.0,0.0,,,41.2183363548835,0.0029971564943,-28.7356490444383,0.004134715942,0.4087548706721,0.0397951750173,0.0,0.0,0.0,0.0,0.0,0.0,0.0,0.0,0,0,0,cd1808a5-79d5-4882-a341-f1702c33161a,0,0,0
1,94,0.0,0.0,,,41.2461217129166,0.0032731411255,-28.6825801789222,0.0041432918985,0.433833230498,0.0405404958517,0.0,0.0,0.0,0.0,0.0,0.0,0.0,0.0,0,0,0,18d1179f-dd45-4143-9b10-42367879fe90,0,0,0
2,17,0.0,0.0,,,41.1820111141386,0.0030389817196,-28.6601066303748,0.0041517035475,0.5083299419133,0.043137333375,0.0,0.0,0.0,0.0,0.0,0.0,0.0,0.0,0,0,0,e3262753-ee13-41de-94bc-b1c60aa7bf7d,0,0,0
3,38,0.0,0.0,,,41.2384375133221,0.003004169412,-28.6721011362536,0.0039553745231,0.4571233580096,0.0420155494753,0.0,0.0,0.0,0.0,0.0,0.0,0.0,0.0,0,0,0,d4f274cc-0712-437c-a238-9c2bc2042bc4,0,0,0
4,0,0.0,0.0,,,41.2977555399434,0.0030739034195,-28.6490055102763,0.0041016249272,0.5197833439543,0.0416119782716,0.0,0.0,0.0,0.0,0.0,0.0,0.0,0.0,0,0,0,37bb7233-1350-4663-852b-a0e39b42ea4d,0,0,0
5,10,0.0,0.0,,,41.2602440964197,0.0031390039981,-28.5814958629814,0.0039202802279,0.349938482937,0.0420789002843,0.0,0.0,0.0,0.0,0.0,0.0,0.0,0.0,0,0,0,ea12145e-92dd-4ec8-bbf4-6ee85400351c,0,0,0
6,97,0.0,0.0,,,41.2900091728891,0.003037073077,-28.6474043558786,0.0041189889044,0.4173292083339,0.0417628852056,0.0,0.0,0.0,0.0,0.0,0.0,0.0,0.0,0,0,0,ab4a8830-5b7e-42ec-8d63-d1c18d80ec38,0,0,0
7,72,0.0,0.0,,,41.2273514533205,0.0029245602426,-28.6511056170666,0.0040438570607,0.4287967921248,0.04398528843,0.0,0.0,0.0,0.0,0.0,0.0,0.0,0.0,0,0,0,3ff83acf-a61e-441a-b784-897ea47e2b53,0,0,0
8,15,0.0,0.0,,,41.2109724776821,0.0029719810482,-28.6593653052422,0.0041784136903,0.4610667791491,0.0361310863898,0.0,0.0,0.0,0.0,0.0,0.0,0.0,0.0,0,0,0,0190b5f5-970c-45dd-9704-458857788587,0,0,0
9,31,0.0,0.0,,,41.1454575666721,0.0031172288814,-28.6797839978405,0.0039997518308,0.3988246233796,0.0409157514925,0.0,0.0,0.0,0.0,0.0,0.0,0.0,0.0,0,0,0,b198f5bd-cc7d-41f3-8208-aa7e18aa457a,0,0,0
10,3,0.0,0.0,,,41.2520099394734,0.0028889735146,-28.6761247691734,0.0040186916502,0.3891428269037,0.0382793713273,0.0,0.0,0.0,0.0,0.0,0.0,0.0,0.0,0,0,0,b045c117-50c5-42e1-b37a-78e35b59a806,0,0,0
11,80,0.0,0.0,,,41.2583860411518,0.002933524887,-28.6825830991656,0.0042149336789,0.4142159339196,0.0364712365125,0.0,0.0,0.0,0.0,0.0,0.0,0.0,0.0,0,0,0,48f175d5-5f41-4fd9-8409-d6ee898ef0f5,0,0,0
12,27,0.0,0.0,,,41.2122285972144,0.0030078901073,-28.7101509976615,0.0039080181654,0.5723239157901,0.0404751442487,0.0,0.0,0.0,0.0,0.0,0.0,0.0,0.0,0,0,0,db21a6bc-1a15-4eae-83ad-562c2c635c0b,0,0,0
13,17,0.0,0.0,,,41.2965304368583,0.0030572103005,-28.6843252338581,0.0042495114969,0.5129539211585,0.0410619533296,0.0,0.0,0.0,0.0,0.0,0.0,0.0,0.0,0,0,0,206d7a7e-4275-4023-8aa5-eeb0e8aefb32,0,0,0
14,10,0.0,0.0,,,41.2492708460783,0.0029936226758,-28.6555649588426,0.0041309572601,0.4700659835273,0.0409090082602,0.0,0.0,0.0,0.0,0.0,0.0,0.0,0.0,0,0,0,535bfdee-18d4-4ac7-9078-bd1de02f2bfd,0,0,0
15,80,0.0,0.0,,,41.2423323435021,0.0030578832814,-28.62280783284,0.0042904788151,0.3551969449433,0.0346220891691,0.0,0.0,0.0,0.0,0.0,0.0,0.0,0.0,0,0,0,aa9e00c1-8e55-4182-a896-4932b0d6c51c,0,0,0
16,22,0.0,0.0,,,41.2850556195943,0.0031899313341,-28.6695401329347,0.0042904065607,0.4474942968294,0.0384766011127,0.0,0.0,0.0,0.0,0.0,0.0,0.0,0.0,0,0,0,3f1aedf3-5f71-4539-9ee2-f98310d25cf4,0,0,0
17,31,0.0,0.0,,,41.2610035622745,0.0029910913947,-28.6894808490085,0.0040321618803,0.5150044533144,0.0451985600659,0.0,0.0,0.0,0.0,0.0,0.0,0.0,0.0,0,0,0,3458732a-ebaf-4cc9-8fe5-ef77c8ef721e,0,0,0
18,44,0.0,0.0,,,41.2064114083054,0.0029761526506,-28.6793384814883,0.0042267005848,0.3439668235838,0.0412185535405,0.0,0.0,0.0,0.0,0.0,0.0,0.0,0.0,0,0,0,90077778-9a89-46dd-a051-793a9f9a49ad,0,0,0
19,61,0.0,0.0,,,41.3091486636064,0.0030636332537,-28.6917861788043,0.0042638077445,0.4472155671119,0.0405552006868,0.0,0.0,0.0,0.0,0.0,0.0,0.0,0.0,0,0,0,6f71d05a-2f0a-4939-92d7-6bed16c4c374,0,0,0
20,6,0.0,0.0,,,41.2043740135196,0.0029418441953,-28.6966630167506,0.0041362832459,0.4692464399641,0.0424250581447,0.0,0.0,0.0,0.0,0.0,0.0,0.0,0.0,0,0,0,79fd5d7f-b392-44b5-9579-365c47ec51fa,0,0,0
21,74,0.0,0.0,,,41.2761409168662,0.003077496833,-28.7049488078702,0.0040364066723,0.4380965089582,0.0414855297779,0.0,0.0,0.0,0.0,0.0,0.0,0.0,0.0,0,0,0,f8901c25-b4c1-49dc-b31f-232d5b40a6f6,0,0,0
22,55,0.0,0.0,,,41.1829908445201,0.0030285624314,-28.6901935896139,0.0042440441492,0.4579578228777,0.0400031325435,0.0,0.0,0.0,0.0,0.0,0.0,0.0,0.0,0,0,0,cd7cc1ba-6efb-4bc6-a626-a93fa1c8f0a2,0,0,0
23,91,0.0,0.0,,,41.2385711500856,0.0030944102997,-28.7635021729756,0.0042198120895,0.4143516574369,0.0402884612129,0.0,0.0,0.0,0.0,0.0,0.0,0.0,0.0,0,0,0,d0488c38-ed4b-4c04-840f-7b5bc90e0595,0,0,0
24,5,0.0,0.0,,,41.2356216520949,0.0030682885822,-28.5896935712036,0.0041032697159,0.4369846072489,0.0369294400304,0.0,0.0,0.0,0.0,0.0,0.0,0.0,0.0,0,0,0,af2ba56a-77c6-41d6-9d42-66832096cb0c,0,0,0
25,37,0.0,0.0,,,41.1817010070587,0.0030655419499,-28.6780715540702,0.0041240877049,0.4182739689629,0.0389072843478,0.0,0.0,0.0,0.0,0.0,0.0,0.0,0.0,0,0,0,cb6f724c-a290-4bcc-b643-3bf7a1b3c85f,0,0,0
26,20,0.0,0.0,,,41.2798261834615,0.0032179563479,-28.6639798725031,0.0040292738831,0.4434302258546,0.0415818606902,0.0,0.0,0.0,0.0,0.0,0.0,0.0,0.0,0,0,0,9b846311-9e9c-445c-9e46-aa94f09ada14,0,0,0
27,18,0.0,0.0,,,41.1930899279302,0.0030037911705,-28.6233993969828,0.0040319703385,0.5143235911612,0.0391579881342,0.0,0.0,0.0,0.0,0.0,0.0,0.0,0.0,0,0,0,a1935a19-5b09-4060-b8e7-06e50a0b96b0,0,0,0
28,55,0.0,0.0,,,41.2527340837763,0.0030727421595,-28.6036517755212,0.0040692294226,0.4725484823111,0.0399464715514,0.0,0.0,0.0,0.0,0.0,0.0,0.0,0.0,0,0,0,a7a23848-f6c6-4370-ae3e-2dde509835ce,0,0,0
29,71,0.0,0.0,,,41.2064828174376,0.0030965783839,-28.6158061262413,0.0040902207829,0.4854128995073,0.037367160074,0.0,0.0,0.0,0.0,0.0,0.0,0.0,0.0,0,0,0,7317e24e-5a81-4d44-a91c-5c306869f13b,0,0,0
30,63,0.0,0.0,,,41.2470830254066,0.0030997958645,-28.7792307999921,0.0041093886428,0.535294725401,0.0396786063015,0.0,0.0,0.0,0.0,0.0,0.0,0.0,0.0,0,0,0,e6a8ef1f-8d78-4bcc-9839-9feb34953b84,0,0,0
31,31,0.0,0.0,,,41.225009615823,0.0030248604125,-28.6729955281329,0.0040462862892,0.4695729263233,0.0427971174518,0.0,0.0,0.0,0.0,0.0,0.0,0.0,0.0,0,0,0,88bcc3b7-821a-4baa-a056-56841adcd066,0,0,0
32,9,0.0,0.0,,,41.2492199288255,0.0030476219095,-28.674764939728,0.0040678524965,0.4263095226898,0.0353931795825,0.0,0.0,0.0,0.0,0.0,0.0,0.0,0.0,0,0,0,23dcd9f3-6e8c-45e4-8452-73d776b0a518,0,0,0
33,33,0.0,0.0,,,41.230742487419,0.0031159239416,-28.6092889331947,0.004385124451,0.3473939191189,0.0432740693619,0.0,0.0,0.0,0.0,0.0,0.0,0.0,0.0,0,0,0,0852d0f5-a89b-4f2d-9378-16a0dc70d49e,0,0,0
34,4,0.0,0.0,,,41.299085514367,0.0031090908394,-28.7082400877298,0.0040373733227,0.4389301675541,0.0442243744546,0.0,0.0,0.0,0.0,0.0,0.0,0.0,0.0,0,0,0,fe017ee8-8ad9-407e-a913-792a8d13b73f,0,0,0
35,44,0.0,0.0,,,41.1730404236584,0.0031021188493,-28.654486413375,0.0041340085744,0.4494279196613,0.0406645938295,0.0,0.0,0.0,0.0,0.0,0.0,0.0,0.0,0,0,0,daf57d77-5e14-4362-9b3e-cb84c2047be2,0,0,0
36,14,0.0,0.0,,,41.2567604116402,0.0031152531748,-28.6498691654903,0.0041288800038,0.479416277507,0.0448913365222,0.0,0.0,0.0,0.0,0.0,0.0,0.0,0.0,0,0,0,074ec7e2-f4be-49a9-89d6-0f69240ead2d,0,0,0
37,82,0.0,0.0,,,41.2357096660602,0.0031066759524,-28.6430483094291,0.0040685411847,0.4325718868941,0.0396682468468,0.0,0.0,0.0,0.0,0.0,0.0,0.0,0.0,0,0,0,507edf06-67bd-46bb-aad1-239cc3d2872a,0,0,0
38,63,0.0,0.0,,,41.2187623864596,0.0030698372427,-28.717428580684,0.0041291713385,0.3853567308404,0.0411293745564,0.0,0.0,0.0,0.0,0.0,0.0,0.0,0.0,0,0,0,d515d9b7-0ae0-4c70-b26d-dd8cc07b4cd3,0,0,0
39,100,0.0,0.0,,,41.2642998565689,0.0030925469399,-28.6824713831541,0.0040353667655,0.4492171333814,0.0390517446189,0.0,0.0,0.0,0.0,0.0,0.0,0.0,0.0,0,0,0,3791edee-c15f-49e0-a151-3bd0367af65e,0,0,0
40,46,0.0,0.0,,,41.2016409543513,0.0030338759267,-28.6406371136917,0.0040186957104,0.4570283293619,0.0395779579485,0.0,0.0,0.0,0.0,0.0,0.0,0.0,0.0,0,0,0,e128b747-0577-4fd6-819c-c0a439e6d116,0,0,0
41,78,0.0,0.0,,,41.2800653924515,0.0030722095129,-28.6614884417528,0.0041370718378,0.399824685244,0.0402525609883,0.0,0.0,0.0,0.0,0.0,0.0,0.0,0.0,0,0,0,ee70fb6a-032e-44a3-8b63-3cafe6bcc4a3,0,0,0
42,26,0.0,0.0,,,41.2672297224569,0.0031517372986,-28.6873965162526,0.0041534278764,0.3404914641932,0.0407293126551,0.0,0.0,0.0,0.0,0.0,0.0,0.0,0.0,0,0,0,8fdd56b7-021f-430e-8521-1ecca970218a,0,0,0
43,5,0.0,0.0,,,41.2723397026889,0.0031583878117,-28.654062813159,0.0040719151816,0.5122425563452,0.0414323742493,0.0,0.0,0.0,0.0,0.0,0.0,0.0,0.0,0,0,0,45b9b87d-7f5c-46a2-868b-cc9a4cae5f64,0,0,0
44,40,0.0,0.0,,,41.2885510625528,0.0031407300395,-28.7075659706082,0.0041057593972,0.46651081691,0.0384058974132,0.0,0.0,0.0,0.0,0.0,0.0,0.0,0.0,0,0,0,43322444-359d-4d93-91d2-9f5810fff618,0,0,0
45,75,0.0,0.0,,,41.1438482157612,0.0030219799311,-28.6614546125252,0.0041017924303,0.445576705159,0.0433021460243,0.0,0.0,0.0,0.0,0.0,0.0,0.0,0.0,0,0,0,570fb4f4-25f6-496c-b05c-588939f4c2f4,0,0,0
46,42,0.0,0.0,,,41.2571805060611,0.0029285803249,-28.7217702798826,0.0043591060605,0.4572852218172,0.0366833461511,0.0,0.0,0.0,0.0,0.0,0.0,0.0,0.0,0,0,0,cc4ab8dd-d8ef-4d58-bb40-12c548b30d70,0,0,0
47,87,0.0,0.0,,,41.2701422504157,0.0029701106939,-28.6653038342174,0.00429784868,0.4641423167834,0.0432002537205,0.0,0.0,0.0,0.0,0.0,0.0,0.0,0.0,0,0,0,18cc1136-79c5-4fac-8469-411d0cbdcb79,0,0,0
48,89,0.0,0.0,,,41.2554045201664,0.0030893087288,-28.7238729620386,0.0041036921001,0.3975332021791,0.0415622518415,0.0,0.0,0.0,0.0,0.0,0.0,0.0,0.0,0,0,0,c81f5798-7014-4192-b075-615ac97f9c26,0,0,0
49,69,0.0,0.0,,,41.3401626589952,0.003077812162,-28.678177363877,0.0041750133251,0.3875227851677,0.0432191624151,0.0,0.0,0.0,0.0,0.0,0.0,0.0,0.0,0,0,0,8fd9725f-96d7-4e70-82f0-26f64b222a73,0,0,0
0,14,0.0,0.0,,,39.7107999067913,0.0020157027135,-27.5700056467824,0.002365496761,0.5345021810405,0.0297738476949,0.0,0.0,0.0,0.0,0.0,0.0,0.0,0.0,0,0,0,c880413b-1a63-4938-bf70-33e5a8ff54f5,0,0,0
1,36,0.0,0.0,,,39.7585837396243,0.0019605796403,-27.5406961437788,0.0023995216953,0.5078749405147,0.0315188014655,0.0,0.0,0.0,0.0,0.0,0.0,0.0,0.0,0,0,0,7c6d6ca0-d883-4a55-b922-b83ac9610087,0,0,0
2,52,0.0,0.0,,,39.7503113462507,0.0020069609069,-27.6198566804481,0.0022996755417,0.5709046874955,0.0330786017616,0.0,0.0,0.0,0.0,0.0,0.0,0.0,0.0,0,0,0,dd6ccc53-e085-4a7d-a4c8-e5643ad5002e,0,0,0
3,85,0.0,0.0,,,39.7320171758104,0.001992356621,-27.5371554780963,0.0024451115806,0.5380033233981,0.0337619518459,0.0,0.0,0.0,0.0,0.0,0.0,0.0,0.0,0,0,0,f99f033b-7e48-4a22-b5f8-60ed94d4d3f4,0,0,0
4,26,0.0,0.0,,,39.6651864435106,0.0020633050419,-27.537812875648,0.0022676090098,0.5108568355698,0.0343545002311,0.0,0.0,0.0,0.0,0.0,0.0,0.0,0.0,0,0,0,b82ad240-0f9d-4c5b-acdd-5512cbbed5ed,0,0,0
5,59,0.0,0.0,,,39.7724263842824,0.0019412111751,-27.5863415142715,0.0023253707221,0.553046050832,0.030410155283,0.0,0.0,0.0,0.0,0.0,0.0,0.0,0.0,0,0,0,910bad96-bcfd-49a1-8573-83cd93c3d6d6,0,0,0
6,53,0.0,0.0,,,39.7604554299952,0.0019964750261,-27.5189502305895,0.0023616004073,0.5226644979971,0.0286143478545,0.0,0.0,0.0,0.0,0.0,0.0,0.0,0.0,0,0,0,71f42f69-30b0-415a-9385-8f9cb6d4f718,0,0,0
7,21,0.0,0.0,,,39.7053278725435,0.0020699397457,-27.6217549009453,0.002320814004,0.5854472171448,0.0325525770128,0.0,0.0,0.0,0.0,0.0,0.0,0.0,0.0,0,0,0,712156f6-e3b6-4776-94fc-d9fe81109ba5,0,0,0
8,7,0.0,0.0,,,39.718239697777,0.0019963390763,-27.6202023680879,0.0023072719654,0.5081497057446,0.0318765543046,0.0,0.0,0.0,0.0,0.0,0.0,0.0,0.0,0,0,0,07c6e3d1-36fc-40d5-82b2-a71e6d83d9e2,0,0,0
9,19,0.0,0.0,,,39.7698770640336,0.002132562913,-27.5547936609008,0.0022695151143,0.4957152464942,0.032145739582,0.0,0.0,0.0,0.0,0.0,0.0,0.0,0.0,0,0,0,f0bc2768-64b9-4ff6-9c3d-eca495c2d083,0,0,0
10,5,0.0,0.0,,,39.7842106637471,0.0020309985001,-27.5452944474528,0.0023849406608,0.5291065163407,0.0315619039603,0.0,0.0,0.0,0.0,0.0,0.0,0.0,0.0,0,0,0,c97d987a-bdb5-42e4-bebf-f2c5966d5658,0,0,0
11,77,0.0,0.0,,,39.7117909814232,0.0020027412689,-27.60440453912,0.002389133968,0.4748764494827,0.0311144500005,0.0,0.0,0.0,0.0,0.0,0.0,0.0,0.0,0,0,0,7ccada93-6aca-494d-8322-a0a7fcf5c572,0,0,0
12,76,0.0,0.0,,,39.7533287773252,0.0020467556104,-27.57410102559,0.0024487948975,0.464968882672,0.0290957098522,0.0,0.0,0.0,0.0,0.0,0.0,0.0,0.0,0,0,0,59228489-c42b-43e1-8248-8438b31f61c7,0,0,0
13,61,0.0,0.0,,,39.7569087127407,0.0020467378864,-27.5967701536568,0.0023735947357,0.5555697169416,0.0290299725622,0.0,0.0,0.0,0.0,0.0,0.0,0.0,0.0,0,0,0,146127f5-ada9-45f1-af08-8ca907575ed3,0,0,0
14,46,0.0,0.0,,,39.7896202977446,0.0020009196066,-27.5550895194144,0.0024026433831,0.5197981534433,0.0323391728117,0.0,0.0,0.0,0.0,0.0,0.0,0.0,0.0,0,0,0,517aeca7-af88-4c81-8a6d-63130a1bc2b7,0,0,0
15,12,0.0,0.0,,,39.7421722278684,0.0020594172897,-27.5240571090555,0.0023651233699,0.5571028794498,0.0287411834057,0.0,0.0,0.0,0.0,0.0,0.0,0.0,0.0,0,0,0,cc0bafdb-2245-467b-9592-9e91c592c535,0,0,0
16,87,0.0,0.0,,,39.8105877200759,0.0020497784829,-27.589631194541,0.002440562119,0.5225019673771,0.0333473104603,0.0,0.0,0.0,0.0,0.0,0.0,0.0,0.0,0,0,0,2cacd224-30bf-44d7-b95f-56ec1a89bb94,0,0,0
17,96,0.0,0.0,,,39.7621509922268,0.0019962225185,-27.5372165575003,0.0024402215694,0.488291312114,0.0312417148486,0.0,0.0,0.0,0.0,0.0,0.0,0.0,0.0,0,0,0,ead87c77-fcb9-4ce2-a774-99665a59c203,0,0,0
18,91,0.0,0.0,,,39.77199304768,0.00202618447,-27.5834897032042,0.0023590008722,0.5471605793256,0.0307025782293,0.0,0.0,0.0,0.0,0.0,0.0,0.0,0.0,0,0,0,1d32d06a-fc06-4171-93ad-9729100aeeca,0,0,0
19,72,0.0,0.0,,,39.8001926110305,0.0019789218824,-27.5667653539125,0.0024849841507,0.5291368001298,0.0311589085965,0.0,0.0,0.0,0.0,0.0,0.0,0.0,0.0,0,0,0,961c46bd-b70d-49de-afd7-a66adece1038,0,0,0
20,29,0.0,0.0,,,39.6886644162193,0.0020033904477,-27.6013615075455,0.0024469955876,0.5777158417922,0.0304793241974,0.0,0.0,0.0,0.0,0.0,0.0,0.0,0.0,0,0,0,38a2d2de-b899-4dcc-ba05-4224c934657c,0,0,0
21,7,0.0,0.0,,,39.7468646920417,0.0020878053248,-27.5665051414856,0.0023571121426,0.5042082349742,0.028205533937,0.0,0.0,0.0,0.0,0.0,0.0,0.0,0.0,0,0,0,8b3430a0-4d40-47c4-a98e-2bec9efd03b0,0,0,0
22,33,0.0,0.0,,,39.792063047943,0.0020984936867,-27.5140871149232,0.0022417761176,0.5257287864565,0.0337252332679,0.0,0.0,0.0,0.0,0.0,0.0,0.0,0.0,0,0,0,ddd88ff7-3cd3-49d7-8e2b-66c2a9c79442,0,0,0
23,2,0.0,0.0,,,39.7572289432887,0.0019494194593,-27.5739590401896,0.002344105797,0.5409485423974,0.0291959837452,0.0,0.0,0.0,0.0,0.0,0.0,0.0,0.0,0,0,0,3a97764f-ee56-4525-b0ab-cbc01f728cbf,0,0,0
24,59,0.0,0.0,,,39.6519019985601,0.0020938349871,-27.5980248332532,0.0023530812111,0.5140713858403,0.032503304025,0.0,0.0,0.0,0.0,0.0,0.0,0.0,0.0,0,0,0,94dccaa9-0b0c-4507-a855-643a0006883e,0,0,0
25,12,0.0,0.0,,,39.6427743923134,0.0019824841039,-27.570210125311,0.0023525166373,0.5381314690526,0.0323571202423,0.0,0.0,0.0,0.0,0.0,0.0,0.0,0.0,0,0,0,a820e892-8711-44dc-b12f-aa1c81b0b426,0,0,0
26,14,0.0,0.0,,,39.7544361255731,0.0021090756459,-27.6427698841868,0.0024076530798,0.5880968871983,0.0290544920903,0.0,0.0,0.0,0.0,0.0,0.0,0.0,0.0,0,0,0,f95ca556-c773-44ce-88f6-38c4b717bff6,0,0,0
27,62,0.0,0.0,,,39.6828643451169,0.0020258618098,-27.5733766827968,0.002424445327,0.5602621095227,0.0336695249627,0.0,0.0,0.0,0.0,0.0,0.0,0.0,0.0,0,0,0,7e954f82-fe96-4e03-a92d-1b7d7a8511c5,0,0,0
28,65,0.0,0.0,,,39.8074952966837,0.0018599126648,-27.5676448512572,0.0023035853808,0.5729598917584,0.0301878174965,0.0,0.0,0.0,0.0,0.0,0.0,0.0,0.0,0,0,0,25d8b0ed-90f6-421f-a21f-1bc1797737a1,0,0,0
29,87,0.0,0.0,,,39.763416108087,0.0019364255717,-27.6060464812496,0.0024171864751,0.5673032360656,0.0342713128027,0.0,0.0,0.0,0.0,0.0,0.0,0.0,0.0,0,0,0,fd290d90-d9d9-4ad7-b230-a06c103a5841,0,0,0
30,47,0.0,0.0,,,39.7310349679313,0.0019294134928,-27.5849340673853,0.0023313863782,0.5530530648506,0.0338876084217,0.0,0.0,0.0,0.0,0.0,0.0,0.0,0.0,0,0,0,7e40cb51-a4b7-4d91-b623-064bd705cfa1,0,0,0
31,40,0.0,0.0,,,39.7444860699384,0.001922242866,-27.5979338751427,0.0022951960842,0.5739594573752,0.0313998909141,0.0,0.0,0.0,0.0,0.0,0.0,0.0,0.0,0,0,0,e914dbd2-0ca4-4abb-b4f0-b03440672cb0,0,0,0
32,48,0.0,0.0,,,39.7055409408056,0.0019369444575,-27.5387407152617,0.0023432686009,0.5441733465758,0.0299073423243,0.0,0.0,0.0,0.0,0.0,0.0,0.0,0.0,0,0,0,ff1a4dbd-9ac9-44db-9350-6364f5b6d2b9,0,0,0
33,65,0.0,0.0,,,39.7688541119391,0.0020481987853,-27.5220613893689,0.0023558992621,0.533399231442,0.0324981745337,0.0,0.0,0.0,0.0,0.0,0.0,0.0,0.0,0,0,0,3d33e549-a53f-4310-a7fa-0e49a944866e,0,0,0
34,19,0.0,0.0,,,39.6932093259446,0.0020602316961,-27.5720469990438,0.0023920165418,0.5504342431845,0.0316115159157,0.0,0.0,0.0,0.0,0.0,0.0,0.0,0.0,0,0,0,103bb110-e73e-44ee-867c-e7371668c9d5,0,0,0
35,63,0.0,0.0,,,39.767770863758,0.0020031197555,-27.565100834049,0.0024089458414,0.4674279486619,0.0288344314483,0.0,0.0,0.0,0.0,0.0,0.0,0.0,0.0,0,0,0,3bf9a73e-6ace-42b1-9c13-593cf2af59a7,0,0,0
36,66,0.0,0.0,,,39.7991504628484,0.0019851943558,-27.5888641897904,0.0023274314179,0.5060840251407,0.0311396844327,0.0,0.0,0.0,0.0,0.0,0.0,0.0,0.0,0,0,0,9f7108f4-9150-475a-846a-031e8804bbfe,0,0,0
37,2,0.0,0.0,,,39.7144666650778,0.0020103791052,-27.5286443964357,0.0023898833817,0.5162493249363,0.0317187285572,0.0,0.0,0.0,0.0,0.0,0.0,0.0,0.0,0,0,0,5c4c1ae6-1957-497f-8272-4bd647035ec4,0,0,0
38,18,0.0,0.0,,,39.8108929491414,0.0020638717068,-27.6243996286977,0.002343552753,0.5385247401493,0.0314814757314,0.0,0.0,0.0,0.0,0.0,0.0,0.0,0.0,0,0,0,98c493d0-7bf0-4dc9-98cf-1075d55e9eaa,0,0,0
39,46,0.0,0.0,,,39.6952146299993,0.0019450110251,-27.6186031089192,0.002333667017,0.5623236746819,0.0310528011217,0.0,0.0,0.0,0.0,0.0,0.0,0.0,0.0,0,0,0,015f1289-e5de-4cd5-a0a7-961b409a46ce,0,0,0
40,24,0.0,0.0,,,39.7711845571547,0.0019861567625,-27.5349365322025,0.0023670498825,0.575388604906,0.0313929549384,0.0,0.0,0.0,0.0,0.0,0.0,0.0,0.0,0,0,0,15b33e0c-08db-4aa6-b95e-cc8d5dbb0750,0,0,0
41,6,0.0,0.0,,,39.7898661953329,0.0019941581875,-27.5905717877447,0.0023201651745,0.5256338116556,0.0291779917118,0.0,0.0,0.0,0.0,0.0,0.0,0.0,0.0,0,0,0,33ecdc6f-fcd9-49f1-a7d3-0c5e73d9a027,0,0,0
42,57,0.0,0.0,,,39.6654869267724,0.0020366414635,-27.5390645812345,0.0023637580407,0.5288322365075,0.0314371017984,0.0,0.0,0.0,0.0,0.0,0.0,0.0,0.0,0,0,0,3e2a1787-2b57-4988-8cba-b9b0773fbd8c,0,0,0
43,37,0.0,0.0,,,39.7131082228423,0.0020426849902,-27.5375018981643,0.0023042154862,0.5077960926577,0.0310870330175,0.0,0.0,0.0,0.0,0.0,0.0,0.0,0.0,0,0,0,b27e217a-4a0f-459a-a855-87305543a1ce,0,0,0
44,100,0.0,0.0,,,39.7514533489098,0.0020042903723,-27.5812457430312,0.0023052936854,0.5836362311832,0.0319250233019,0.0,0.0,0.0,0.0,0.0,0.0,0.0,0.0,0,0,0,3fd41f1f-ac8c-43f7-aa7d-63c7528eb37f,0,0,0
45,81,0.0,0.0,,,39.7874954753905,0.0020207590125,-27.5259176273759,0.0023113771275,0.4651486680747,0.0302862300639,0.0,0.0,0.0,0.0,0.0,0.0,0.0,0.0,0,0,0,2b58b28f-ef43-4cd4-ac42-47d3dede3f44,0,0,0
46,51,0.0,0.0,,,39.7608022808439,0.0020363884474,-27.6455289782297,0.0024153194531,0.5173885075313,0.0314915203625,0.0,0.0,0.0,0.0,0.0,0.0,0.0,0.0,0,0,0,19e9d78c-dda9-45b6-a067-739c443e5e7f,0,0,0
47,27,0.0,0.0,,,39.7940346945728,0.0020258038809,-27.5794495154047,0.002260877983,0.5196392472976,0.0304259111384,0.0,0.0,0.0,0.0,0.0,0.0,0.0,0.0,0,0,0,b46a33e6-0d39-4ee7-8f26-0b18593c1301,0,0,0
48,73,0.0,0.0,,,39.7357637327404,0.002020230504,-27.5688713353826,0.0024136031292,0.5279661730495,0.0296194742737,0.0,0.0,0.0,0.0,0.0,0.0,0.0,0.0,0,0,0,7877f111-65b6-4236-afa9-8007770f38da,0,0,0
49,45,0.0,0.0,,,39.7602146988043,0.0020088539406,-27.5635704696117,0.0024067413438,0.5372302873885,0.0298853501839,0.0,0.0,0.0,0.0,0.0,0.0,0.0,0.0,0,0,0,39104632-7abe-48a9-b119-0ce99b33ca41,0,0,0
0,17,0.0,0.0,,,41.5012701103014,0.0036962635811,-29.180837155115,0.0040177932112,0.4538620088445,0.0448757721215,0.0,0.0,0.0,0.0,0.0,0.0,0.0,0.0,0,0,0,19b6cac1-40ee-4e2d-9ead-6364dd12dfec,0,0,0
1,10,0.0,0.0,,,41.5382136668337,0.0035399815898,-29.1507459734234,0.0039075120472,0.4326795641426,0.0448615137327,0.0,0.0,0.0,0.0,0.0,0.0,0.0,0.0,0,0,0,42ea6709-d429-464f-9d69-08768c4642f6,0,0,0
2,48,0.0,0.0,,,41.4780641239576,0.0035591292904,-29.2427269164589,0.0039978761675,0.4661997047081,0.0457837635855,0.0,0.0,0.0,0.0,0.0,0.0,0.0,0.0,0,0,0,84ee03a6-1785-4287-b5ea-d304aca180f3,0,0,0
3,12,0.0,0.0,,,41.5367612485278,0.0036574212124,-29.1834526436724,0.004127603706,0.4787359817327,0.046143857492,0.0,0.0,0.0,0.0,0.0,0.0,0.0,0.0,0,0,0,a0117c10-8607-4921-ba47-31ca900e1af5,0,0,0
4,16,0.0,0.0,,,41.5673553519823,0.0035920462387,-29.1878599699111,0.0041672140367,0.396369305371,0.0429348556482,0.0,0.0,0.0,0.0,0.0,0.0,0.0,0.0,0,0,0,66efe2fc-c3c3-4255-9cfc-68166bab2563,0,0,0
5,48,0.0,0.0,,,41.4956814885918,0.003642555571,-29.1944971503918,0.0039716021069,0.4325570863974,0.0482864688475,0.0,0.0,0.0,0.0,0.0,0.0,0.0,0.0,0,0,0,67d329bb-b377-44f9-9320-a0f15fa8c1ff,0,0,0
6,29,0.0,0.0,,,41.5380660410948,0.0036489118003,-29.2228633645296,0.0038693103793,0.4664930629789,0.0467900589483,0.0,0.0,0.0,0.0,0.0,0.0,0.0,0.0,0,0,0,f5140d05-6847-42f3-ae8b-31dc82407995,0,0,0
7,24,0.0,0.0,,,41.4472522567268,0.003398234322,-29.195585577753,0.0042824799964,0.4012271328834,0.0463874921423,0.0,0.0,0.0,0.0,0.0,0.0,0.0,0.0,0,0,0,5fd0caa9-0436-4eb8-92fa-bfa196ad0473,0,0,0
8,85,0.0,0.0,,,41.5030900938751,0.0036960271503,-29.1733634895588,0.0040046995879,0.4656419694575,0.0431249033162,0.0,0.0,0.0,0.0,0.0,0.0,0.0,0.0,0,0,0,a66d3faf-c315-4774-9a19-f21b500e1b05,0,0,0
9,13,0.0,0.0,,,41.4600504853129,0.0035157947321,-29.1709627187224,0.0040654990013,0.3980880484472,0.0419410414755,0.0,0.0,0.0,0.0,0.0,0.0,0.0,0.0,0,0,0,b80e3505-df1f-41d8-a8da-b722da45c753,0,0,0
10,1,0.0,0.0,,,41.4249214063506,0.0035021400572,-29.1477408810363,0.0042231684489,0.456109368858,0.0474626235266,0.0,0.0,0.0,0.0,0.0,0.0,0.0,0.0,0,0,0,c4e8828a-2e7d-4cd3-8a22-d205e36c35b9,0,0,0
11,17,0.0,0.0,,,41.4699129004923,0.0035441799166,-29.1647232416769,0.0041266654145,0.3760707527525,0.0468058894793,0.0,0.0,0.0,0.0,0.0,0.0,0.0,0.0,0,0,0,f3e92c6e-5947-4a77-9a50-e366775a3485,0,0,0
12,95,0.0,0.0,,,41.521399190839,0.0035983368459,-29.1459162813453,0.0039717997958,0.4956105039935,0.0412209697577,0.0,0.0,0.0,0.0,0.0,0.0,0.0,0.0,0,0,0,6a70afed-621e-4602-b7e0-f126e9903775,0,0,0
13,90,0.0,0.0,,,41.4346466894429,0.0037003160527,-29.1555084512652,0.0039975141503,0.5143522365726,0.0452736016263,0.0,0.0,0.0,0.0,0.0,0.0,0.0,0.0,0,0,0,1aa9d8ce-b68c-4311-8bd2-82445f2645bc,0,0,0
14,33,0.0,0.0,,,41.5206118481801,0.0036199927361,-29.1514893456072,0.0039673653401,0.4111831163955,0.043281916488,0.0,0.0,0.0,0.0,0.0,0.0,0.0,0.0,0,0,0,6731670a-a1c6-47f7-8e79-762c83709a21,0,0,0
15,8,0.0,0.0,,,41.4524061685086,0.0036079545013,-29.1785138281548,0.0040503190803,0.469997998044,0.0452641568926,0.0,0.0,0.0,0.0,0.0,0.0,0.0,0.0,0,0,0,2a8e9a80-2d05-4eef-8078-72c1d60875a6,0,0,0
16,18,0.0,0.0,,,41.5457583232713,0.0036497922416,-29.1495086104049,0.0041648783657,0.4422105620061,0.0421506131967,0.0,0.0,0.0,0.0,0.0,0.0,0.0,0.0,0,0,0,31998c5a-394f-4826-92fd-b25e261644cd,0,0,0
17,50,0.0,0.0,,,41.5357052982774,0.0034169151992,-29.1746366253544,0.0040870215572,0.4606454283837,0.0451129734519,0.0,0.0,0.0,0.0,0.0,0.0,0.0,0.0,0,0,0,e7cfee60-c795-410d-a7af-810491f3ff28,0,0,0
18,27,0.0,0.0,,,41.5363542682215,0.0034560246576,-29.2174627298993,0.0039565550978,0.3199677543414,0.0466142384868,0.0,0.0,0.0,0.0,0.0,0.0,0.0,0.0,0,0,0,60aecd11-ae47-408a-bcd7-9f813217e4a5,0,0,0
19,83,0.0,0.0,,,41.5435031095096,0.0034977157365,-29.2386856024056,0.0041528301929,0.4492315965919,0.0436864058435,0.0,0.0,0.0,0.0,0.0,0.0,0.0,0.0,0,0,0,40f18309-04cc-4b71-a724-85f38283458f,0,0,0
20,83,0.0,0.0,,,41.4804614630469,0.0035515163825,-29.1573384449905,0.0039670523675,0.4398758226295,0.0483691079371,0.0,0.0,0.0,0.0,0.0,0.0,0.0,0.0,0,0,0,172af5c1-2361-4164-8a43-319ff556168e,0,0,0
21,80,0.0,0.0,,,41.520810874322,0.0035429234458,-29.1103767718317,0.0040465561903,0.4562742713847,0.0443175395329,0.0,0.0,0.0,0.0,0.0,0.0,0.0,0.0,0,0,0,118b87f8-244d-4e46-b785-acc94db59d15,0,0,0
22,31,0.0,0.0,,,41.5076001593088,0.0036909013704,-29.1433834196289,0.0040878667839,0.3779359278737,0.0423484682522,0.0,0.0,0.0,0.0,0.0,0.0,0.0,0.0,0,0,0,7be90912-08f9-49e7-8c63-da525b5947e7,0,0,0
23,81,0.0,0.0,,,41.5094083739962,0.003570818417,-29.1395932570293,0.003867498586,0.3506307310802,0.0426412048839,0.0,0.0,0.0,0.0,0.0,0.0,0.0,0.0,0,0,0,9318335b-b8fc-4afb-be29-039182082335,0,0,0
24,78,0.0,0.0,,,41.4733539011999,0.0035321030608,-29.2065389370774,0.0039697071812,0.4816726915195,0.0454320358979,0.0,0.0,0.0,0.0,0.0,0.0,0.0,0.0,0,0,0,4641bdd8-c293-45af-b4fb-82717a3396ab,0,0,0
25,99,0.0,0.0,,,41.5146975241974,0.0035029616671,-29.1147477250688,0.003969090769,0.44496074856,0.0442903791693,0.0,0.0,0.0,0.0,0.0,0.0,0.0,0.0,0,0,0,c84daadb-76b0-4c3e-b63d-b04fb186da34,0,0,0
26,23,0.0,0.0,,,41.5026351103966,0.0035997716671,-29.2182396730639,0.0040591108211,0.4860863432397,0.0441530526878,0.0,0.0,0.0,0.0,0.0,0.0,0.0,0.0,0,0,0,80fc16fa-8021-4e0a-9754-5c25b2e89254,0,0,0
27,45,0.0,0.0,,,41.4970973753305,0.0037257296291,-29.1562441724844,0.0040457435695,0.4471614556196,0.0423879395731,0.0,0.0,0.0,0.0,0.0,0.0,0.0,0.0,0,0,0,0efe17d8-64e4-4898-837a-252f2e77aaa8,0,0,0
28,28,0.0,0.0,,,41.5213493304591,0.0036194512416,-29.1352197446113,0.0039195199141,0.3320751987743,0.0444850764541,0.0,0.0,0.0,0.0,0.0,0.0,0.0,0.0,0,0,0,32682e2f-da24-48b5-9b94-01ae3985e1c0,0,0,0
29,18,0.0,0.0,,,41.4494009406171,0.0034820334975,-29.165259665349,0.0037814081944,0.3920784082987,0.0434372672987,0.0,0.0,0.0,0.0,0.0,0.0,0.0,0.0,0,0,0,570e4331-3849-4e23-94db-f6b417cc4966,0,0,0
30,56,0.0,0.0,,,41.4734509141548,0.0036479624006,-29.1678314508343,0.0039827958676,0.4189182657694,0.043717142805,0.0,0.0,0.0,0.0,0.0,0.0,0.0,0.0,0,0,0,61560d7e-8b04-4683-8355-66fd863dfb6a,0,0,0
31,83,0.0,0.0,,,41.4618134983294,0.0037813977352,-29.1464406679973,0.0041112989157,0.4262476351852,0.0434909662212,0.0,0.0,0.0,0.0,0.0,0.0,0.0,0.0,0,0,0,0c21a37e-9b0c-456f-bf65-aece7b26af0e,0,0,0
32,100,0.0,0.0,,,41.6134802642867,0.0036478086032,-29.20009319698,0.0041573718114,0.4115536786574,0.0471221720604,0.0,0.0,0.0,0.0,0.0,0.0,0.0,0.0,0,0,0,d59b6623-c3b6-45a3-b481-fae6de3ed6b0,0,0,0
33,63,0.0,0.0,,,41.5736919569375,0.0035863054244,-29.1049967589542,0.0040595452575,0.2868168047958,0.0471241499178,0.0,0.0,0.0,0.0,0.0,0.0,0.0,0.0,0,0,0,ebc26fd1-cb64-46ce-9aa2-6760e476126a,0,0,0
34,65,0.0,0.0,,,41.4401452803356,0.0036364852314,-29.1533722735636,0.0041829850836,0.4883659538364,0.0452066144795,0.0,0.0,0.0,0.0,0.0,0.0,0.0,0.0,0,0,0,52bda21d-96a6-4b4a-82f8-4152cdf99b58,0,0,0
35,90,0.0,0.0,,,41.516354242737,0.0036080559162,-29.1647395624357,0.0040508653415,0.4570349442151,0.0419933250595,0.0,0.0,0.0,0.0,0.0,0.0,0.0,0.0,0,0,0,f3f2ed8e-dbfb-4e55-bb77-9df790a6a833,0,0,0
36,87,0.0,0.0,,,41.4802032175329,0.0035955363308,-29.1501699032252,0.0039346915823,0.3930580556793,0.0412822741978,0.0,0.0,0.0,0.0,0.0,0.0,0.0,0.0,0,0,0,b07429fa-bdec-4fdd-bfe2-90e532e5301d,0,0,0
37,96,0.0,0.0,,,41.5039961139759,0.0036167256447,-29.1263268762995,0.0041461821136,0.4121628339632,0.0488581296713,0.0,0.0,0.0,0.0,0.0,0.0,0.0,0.0,0,0,0,846f21ab-7752-4615-8c94-e8435b8d32f0,0,0,0
38,89,0.0,0.0,,,41.508981660986,0.0036973608606,-29.2000609650443,0.0041286799159,0.5277703885725,0.0438236776761,0.0,0.0,0.0,0.0,0.0,0.0,0.0,0.0,0,0,0,89df2228-86c4-4827-9290-f96ec41da7ad,0,0,0
39,17,0.0,0.0,,,41.5700149990017,0.0034492388485,-29.1711651503241,0.0041317137035,0.3835654497538,0.0412641256096,0.0,0.0,0.0,0.0,0.0,0.0,0.0,0.0,0,0,0,4b13b73e-cd68-46ea-a050-e75b78ffcce9,0,0,0
40,84,0.0,0.0,,,41.5510510637805,0.0036598166382,-29.2209530995224,0.0041681698479,0.5068048031668,0.0446883776357,0.0,0.0,0.0,0.0,0.0,0.0,0.0,0.0,0,0,0,b5ae1633-f567-4016-b15a-2b41d0907579,0,0,0
41,59,0.0,0.0,,,41.5467656531025,0.0036526508893,-29.1370920823361,0.0041483666771,0.4107770839405,0.0400268744336,0.0,0.0,0.0,0.0,0.0,0.0,0.0,0.0,0,0,0,76e99842-9eb3-48c5-83b5-3fdba90e49fd,0,0,0
42,66,0.0,0.0,,,41.5639135083689,0.0036136649371,-29.1392354871286,0.0040724911496,0.393532277743,0.0492180647896,0.0,0.0,0.0,0.0,0.0,0.0,0.0,0.0,0,0,0,6ce9e748-5278-4a5e-b143-25258a2d4f8f,0,0,0
43,92,0.0,0.0,,,41.4604400919119,0.0036908866062,-29.2604692971955,0.0041613391917,0.3479542502241,0.0464409461274,0.0,0.0,0.0,0.0,0.0,0.0,0.0,0.0,0,0,0,e5dc8070-bac5-4160-9f89-3a27ddef8a80,0,0,0
44,87,0.0,0.0,,,41.4220438254371,0.0035703327491,-29.1758233038638,0.0039992574794,0.42680663793,0.0477480995813,0.0,0.0,0.0,0.0,0.0,0.0,0.0,0.0,0,0,0,08a4fe8e-9443-430b-8c27-4a23ffa374fb,0,0,0
45,64,0.0,0.0,,,41.4879669085088,0.0036575269814,-29.1231082041688,0.0039643370498,0.5258087263991,0.0437737531515,0.0,0.0,0.0,0.0,0.0,0.0,0.0,0.0,0,0,0,37029967-17ef-46a7-b469-2b78aa9af724,0,0,0
46,34,0.0,0.0,,,41.5684375957911,0.0036925088025,-29.1882703256571,0.0041004099231,0.4664725926501,0.0419782548515,0.0,0.0,0.0,0.0,0.0,0.0,0.0,0.0,0,0,0,49d3f6e2-ee4e-4e06-beb7-330e0bbc3efb,0,0,0
47,65,0.0,0.0,,,41.4518907383231,0.0035453198079,-29.2115400325991,0.0041056189647,0.4529093999809,0.0424696817575,0.0,0.0,0.0,0.0,0.0,0.0,0.0,0.0,0,0,0,2827b8c7-e228-46f4-91f6-4683c3d7edfd,0,0,0
48,93,0.0,0.0,,,41.5779934561281,0.0036107167868,-29.1674338157338,0.0040563989402,0.4156999481866,0.0460742342237,0.0,0.0,0.0,0.0,0.0,0.0,0.0,0.0,0,0,0,099250cf-59e6-4da1-962d-546b5e45464f,0,0,0
49,4,0.0,0.0,,,41.533081733764,0.00362997609,-29.1995814787008,0.0040229020704,0.4014478104316,0.0447956669055,0.0,0.0,0.0,0.0,0.0,0.0,0.0,0.0,0,0,0,712d7806-8f35-4f66-8b67-dd2ac327087d,0,0,0
0,37,0.0,0.0,,,37.4124149661121,0.0080376742845,-30.0066495238978,0.0069146154166,0.138823689154,0.0310299605574,0.0,0.0,0.0,0.0,0.0,0.0,0.0,0.0,0,0,0,b75a1827-bf8b-4d3d-861a-7a471872e870,0,0,0
1,59,0.0,0.0,,,37.3699182580046,0.0083481047216,-29.9724495476639,0.0071594997219,0.1954944458046,0.0273604802731,0.0,0.0,0.0,0.0,0.0,0.0,0.0,0.0,0,0,0,435c0594-defa-48a6-b8d4-f3a34d088ce7,0,0,0
2,27,0.0,0.0,,,37.3649757182468,0.008134516916,-29.948762011979,0.0069514066676,0.1682729641161,0.0292340697745,0.0,0.0,0.0,0.0,0.0,0.0,0.0,0.0,0,0,0,a0fcced3-ad1e-46ca-8171-e9e52e151c81,0,0,0
3,62,0.0,0.0,,,37.355049037703,0.0080065673804,-30.0067222800607,0.006973513576,0.2024176438671,0.0288618701013,0.0,0.0,0.0,0.0,0.0,0.0,0.0,0.0,0,0,0,edbc7638-72ff-4b41-9108-c90dba23db97,0,0,0
4,34,0.0,0.0,,,37.453593634455,0.0079593225955,-29.9974330999577,0.0068277689436,0.1829887091478,0.0305956182822,0.0,0.0,0.0,0.0,0.0,0.0,0.0,0.0,0,0,0,88418e90-a8fa-4c33-bc4f-a193e0c86d26,0,0,0
5,92,0.0,0.0,,,37.3428959105591,0.0081296431996,-30.0052792166708,0.0066381299069,0.1509881853461,0.0309460994393,0.0,0.0,0.0,0.0,0.0,0.0,0.0,0.0,0,0,0,474ab5e6-287c-4ef3-b1bd-eee273fed446,0,0,0
6,13,0.0,0.0,,,37.3908520277682,0.0084152158142,-30.0201076173289,0.0069482360099,0.1357065616357,0.0294287052176,0.0,0.0,0.0,0.0,0.0,0.0,0.0,0.0,0,0,0,ba8fd646-bc6b-493e-90f3-6b2e61e0fbc1,0,0,0
7,47,0.0,0.0,,,37.3968278657178,0.0078185804303,-29.9661525201601,0.0070414592396,0.2013128066793,0.0288196607762,0.0,0.0,0.0,0.0,0.0,0.0,0.0,0.0,0,0,0,93b306cc-c7c9-49ed-8f68-ffdfe6b7d3ce,0,0,0
8,58,0.0,0.0,,,37.321662940818,0.0084486616187,-29.9414138765686,0.0068947760801,0.1825317680175,0.0292564395949,0.0,0.0,0.0,0.0,0.0,0.0,0.0,0.0,0,0,0,7c591b62-de73-433a-93f2-7185e82e2fb4,0,0,0
9,27,0.0,0.0,,,37.3731637001844,0.0082454209158,-30.0432575190874,0.006694241926,0.1914075509347,0.0314442938216,0.0,0.0,0.0,0.0,0.0,0.0,0.0,0.0,0,0,0,cd597719-bafd-4103-a88c-3840854f4da6,0,0,0
10,51,0.0,0.0,,,37.4423731065603,0.0082220951793,-30.0197430174287,0.0070936962851,0.2163130906542,0.0305390625933,0.0,0.0,0.0,0.0,0.0,0.0,0.0,0.0,0,0,0,60288253-ca6d-4c4d-9ac1-7f5ab8096ad1,0,0,0
11,72,0.0,0.0,,,37.3569118862777,0.0083393132291,-30.0229900307913,0.0068853782814,0.2236995216951,0.0295392388974,0.0,0.0,0.0,0.0,0.0,0.0,0.0,0.0,0,0,0,3bc07502-45e7-41fb-8a5f-f20c72cec963,0,0,0
12,74,0.0,0.0,,,37.4023661062911,0.0080130004333,-30.0383837218038,0.0068743021092,0.1762042357836,0.0301504683811,0.0,0.0,0.0,0.0,0.0,0.0,0.0,0.0,0,0,0,4efda4f5-1aec-4cf9-9873-7a21c8944c70,0,0,0
13,29,0.0,0.0,,,37.3928916955822,0.0085622114089,-30.0133136636895,0.0067258527959,0.2402954500046,0.0292986253447,0.0,0.0,0.0,0.0,0.0,0.0,0.0,0.0,0,0,0,71ba3d03-5e87-4718-be6e-4b4eea0af6d8,0,0,0
14,83,0.0,0.0,,,37.3118948005799,0.0079468621742,-30.0264703787804,0.0067055373102,0.1643260931982,0.0299526037133,0.0,0.0,0.0,0.0,0.0,0.0,0.0,0.0,0,0,0,962809d5-bf65-4fd1-a984-01dcbc69e8a5,0,0,0
15,4,0.0,0.0,,,37.3597238802896,0.0082510984098,-29.9681720822752,0.0068996945008,0.2337719666861,0.0307630786615,0.0,0.0,0.0,0.0,0.0,0.0,0.0,0.0,0,0,0,1d932e4a-ccd4-4e63-8613-9bfea78e949e,0,0,0
16,32,0.0,0.0,,,37.3574283782081,0.0083563126829,-29.9958105889713,0.007069936447,0.2362835135902,0.0283312421786,0.0,0.0,0.0,0.0,0.0,0.0,0.0,0.0,0,0,0,18994619-8853-4a2e-93e7-3a455e851a12,0,0,0
17,12,0.0,0.0,,,37.3699216136167,0.008137421287,-29.9701684864581,0.0070238361985,0.1602193937912,0.0309382478215,0.0,0.0,0.0,0.0,0.0,0.0,0.0,0.0,0,0,0,bc99ff7c-ad1f-445d-bb2d-037ca4df377e,0,0,0
18,4,0.0,0.0,,,37.3217066479207,0.0080938935277,-30.0233630732543,0.0069824370269,0.160593889243,0.0317926865819,0.0,0.0,0.0,0.0,0.0,0.0,0.0,0.0,0,0,0,ec00517f-0f75-4856-a545-95c4db87d2a2,0,0,0
19,91,0.0,0.0,,,37.417399905281,0.0080964647748,-29.965584102495,0.0068160840822,0.1995030645983,0.0317185873354,0.0,0.0,0.0,0.0,0.0,0.0,0.0,0.0,0,0,0,68a2ca1d-0a96-4438-86c6-02e7c65a50e4,0,0,0
20,75,0.0,0.0,,,37.3267021708015,0.0082659172893,-29.9567763471697,0.0067121048413,0.1719208535841,0.0286312096768,0.0,0.0,0.0,0.0,0.0,0.0,0.0,0.0,0,0,0,324a2fee-417a-48e5-a3cd-2d379cd30bd6,0,0,0
21,60,0.0,0.0,,,37.3493908212415,0.0079560129079,-29.9718011317456,0.0070335477519,0.1680257179376,0.0270315067883,0.0,0.0,0.0,0.0,0.0,0.0,0.0,0.0,0,0,0,290e625c-be7c-4d6f-8f5c-87dafe1f8e82,0,0,0
22,79,0.0,0.0,,,37.3845236865667,0.0080858920048,-29.9502918611053,0.0072476508262,0.1858900051545,0.0305273048295,0.0,0.0,0.0,0.0,0.0,0.0,0.0,0.0,0,0,0,e7729375-2134-4be3-97b1-572c58079dbe,0,0,0
23,13,0.0,0.0,,,37.3983314944491,0.0078986040015,-29.8818599022711,0.0070741736082,0.2250519099081,0.0288302008077,0.0,0.0,0.0,0.0,0.0,0.0,0.0,0.0,0,0,0,63e6e603-4c9b-40a4-b579-38f670520dff,0,0,0
24,94,0.0,0.0,,,37.4693405066732,0.0084425084967,-30.0221769339281,0.0066917760376,0.1933347511476,0.029074524832,0.0,0.0,0.0,0.0,0.0,0.0,0.0,0.0,0,0,0,0e24c8aa-5108-4a62-bc34-6244f7e6ff09,0,0,0
25,53,0.0,0.0,,,37.345605188719,0.008064041916,-29.9789065843132,0.0072042947751,0.2303355531738,0.0272119267048,0.0,0.0,0.0,0.0,0.0,0.0,0.0,0.0,0,0,0,6dfbceaf-6730-4e4c-a607-0a286c98058c,0,0,0
26,11,0.0,0.0,,,37.4430787104434,0.0083081806344,-30.001111588271,0.0073245284695,0.1605078521575,0.0287193672326,0.0,0.0,0.0,0.0,0.0,0.0,0.0,0.0,0,0,0,ab371f80-b057-48e7-98ac-cbfd1fa84ac2,0,0,0
27,2,0.0,0.0,,,37.3928627670401,0.0086045466963,-29.9756474074953,0.0070483538255,0.2102587639722,0.0282138951092,0.0,0.0,0.0,0.0,0.0,0.0,0.0,0.0,0,0,0,8d7e4657-2b6d-48d9-8a1a-2b2c52b91c37,0,0,0
28,4,0.0,0.0,,,37.4491488847018,0.0082156718853,-30.0588553671908,0.0071697049287,0.158476051684,0.0278492830243,0.0,0.0,0.0,0.0,0.0,0.0,0.0,0.0,0,0,0,91ff3517-5fab-47a9-a795-17af54798f65,0,0,0
29,24,0.0,0.0,,,37.3804507000493,0.008037513858,-30.0420112271579,0.0068916205624,0.2430847257276,0.0297810828592,0.0,0.0,0.0,0.0,0.0,0.0,0.0,0.0,0,0,0,242053e4-cac0-4cfa-aa52-94fc4df9f366,0,0,0
30,88,0.0,0.0,,,37.4086537927797,0.0081560175542,-30.0167591135454,0.0069027330225,0.1784274893816,0.0281267352131,0.0,0.0,0.0,0.0,0.0,0.0,0.0,0.0,0,0,0,55363d48-1727-4420-86d9-12b29a05102e,0,0,0
31,98,0.0,0.0,,,37.4150419838805,0.0082427180339,-29.9094931051486,0.0069059408322,0.2160988925102,0.0300158425261,0.0,0.0,0.0,0.0,0.0,0.0,0.0,0.0,0,0,0,8787c377-28fc-4352-9503-a4a735f4b20a,0,0,0
32,73,0.0,0.0,,,37.4034901378236,0.0080243696105,-30.0852734642315,0.0074539124247,0.1954027241925,0.0294119476688,0.0,0.0,0.0,0.0,0.0,0.0,0.0,0.0,0,0,0,5309af31-415a-40e1-8363-53d776ec8d54,0,0,0
33,29,0.0,0.0,,,37.4063429864253,0.0079643137618,-30.0096515890029,0.0071147842425,0.1722072508932,0.0293745069741,0.0,0.0,0.0,0.0,0.0,0.0,0.0,0.0,0,0,0,d427d3bb-12ce-4538-bcf7-0169638b4207,0,0,0
34,72,0.0,0.0,,,37.3468027689097,0.0079302845684,-29.9976622142046,0.0067400533467,0.1787409236783,0.0299748540449,0.0,0.0,0.0,0.0,0.0,0.0,0.0,0.0,0,0,0,9fce968c-b49b-4fe9-ad43-3b0f36c8d1a5,0,0,0
35,25,0.0,0.0,,,37.3743319851515,0.0080901982793,-29.9407037397994,0.0070714843035,0.2306240396981,0.0304689916278,0.0,0.0,0.0,0.0,0.0,0.0,0.0,0.0,0,0,0,0df2e432-2a8a-4744-b5c8-bf869600b466,0,0,0
36,31,0.0,0.0,,,37.398922287162,0.0079880010495,-30.0265327305681,0.0070721688652,0.1965938878021,0.0311050544477,0.0,0.0,0.0,0.0,0.0,0.0,0.0,0.0,0,0,0,90fe7d4b-53e7-4385-8eb4-971c7ac2584d,0,0,0
37,65,0.0,0.0,,,37.3126875716523,0.0082337040969,-30.0080015848625,0.0072640759279,0.215511014858,0.0303901869697,0.0,0.0,0.0,0.0,0.0,0.0,0.0,0.0,0,0,0,3924e619-3123-4978-a908-4f2591ff054d,0,0,0
38,26,0.0,0.0,,,37.4644688275502,0.0084393422789,-29.9403443947864,0.0071212286013,0.2153937796603,0.0286780646104,0.0,0.0,0.0,0.0,0.0,0.0,0.0,0.0,0,0,0,19df5925-0823-4f5e-8d39-691a51a57138,0,0,0
39,18,0.0,0.0,,,37.3460753166512,0.0083508563271,-29.9683465087223,0.007001165987,0.2190146065247,0.0277207309003,0.0,0.0,0.0,0.0,0.0,0.0,0.0,0.0,0,0,0,5585932e-53c5-47db-bc61-226e5366d22f,0,0,0
40,44,0.0,0.0,,,37.3560797568925,0.0087913948583,-29.9669593292331,0.0068939628289,0.1470715884179,0.0294704811723,0.0,0.0,0.0,0.0,0.0,0.0,0.0,0.0,0,0,0,e76a39b1-3f8b-4b44-be42-2e213ca6a493,0,0,0
41,57,0.0,0.0,,,37.4168427281416,0.0084444026242,-30.0113860797173,0.0070444220507,0.2119000654951,0.0301266341972,0.0,0.0,0.0,0.0,0.0,0.0,0.0,0.0,0,0,0,33867640-a96a-4243-b6ad-9291c7d0fdc0,0,0,0
42,19,0.0,0.0,,,37.4596112686452,0.0082509210118,-29.9846592904335,0.0069795340282,0.1767253657712,0.0287075177495,0.0,0.0,0.0,0.0,0.0,0.0,0.0,0.0,0,0,0,e0a82bb1-9403-450b-b92b-fc774b08adc8,0,0,0
43,29,0.0,0.0,,,37.4096910774349,0.0085480509363,-30.0299005355802,0.0071799501909,0.1423839253563,0.0270179875136,0.0,0.0,0.0,0.0,0.0,0.0,0.0,0.0,0,0,0,9e31cf16-ca02-4422-ace4-803f62b620e2,0,0,0
44,30,0.0,0.0,,,37.3324170811128,0.0082529237316,-30.0023308248062,0.0070747304209,0.2323229918548,0.0301916662227,0.0,0.0,0.0,0.0,0.0,0.0,0.0,0.0,0,0,0,faf200ff-42eb-4a26-865f-844d545de9f1,0,0,0
45,99,0.0,0.0,,,37.3680816694414,0.0080914346307,-29.9637558392927,0.0069126951816,0.2012342191242,0.0296168690037,0.0,0.0,0.0,0.0,0.0,0.0,0.0,0.0,0,0,0,cf7dae39-7b78-4f15-8774-637d69eb5b57,0,0,0
46,9,0.0,0.0,,,37.3707397323277,0.0082807898928,-30.0087978952432,0.0069067278084,0.2313568732414,0.0294650956737,0.0,0.0,0.0,0.0,0.0,0.0,0.0,0.0,0,0,0,3400d4b8-42a5-4c14-abc8-8354d8b78629,0,0,0
47,42,0.0,0.0,,,37.3567673335979,0.0081776038137,-29.9964223165998,0.0065728869754,0.158264646984,0.0294244639572,0.0,0.0,0.0,0.0,0.0,0.0,0.0,0.0,0,0,0,f71fb2cb-6f54-4288-a44a-bb86c51a6208,0,0,0
48,25,0.0,0.0,,,37.4096835796323,0.0079962051296,-29.9958486288591,0.0070084373818,0.2336831536876,0.0290315486553,0.0,0.0,0.0,0.0,0.0,0.0,0.0,0.0,0,0,0,c677558a-e60d-4629-a624-62ef46f59f7d,0,0,0
49,19,0.0,0.0,,,37.3947455063875,0.0083072423328,-29.9650298165174,0.0072488656546,0.1928757194636,0.0283427625057,0.0,0.0,0.0,0.0,0.0,0.0,0.0,0.0,0,0,0,f4aced1a-e6e7-4cc1-84d4-a69d4054982c,0,0,0
0,38,0.0,0.0,,,39.380940324555,0.0066334238132,-29.7866978895572,0.0088846406512,0.1853229221135,0.033833363014,0.0,0.0,0.0,0.0,0.0,0.0,0.0,0.0,0,0,0,91f1f02d-8c69-4b5d-a21b-c48e387befb4,0,0,0
1,35,0.0,0.0,,,39.3553049605935,0.0065266683366,-29.7095770930845,0.0092476479767,0.2532307696788,0.0322060035926,0.0,0.0,0.0,0.0,0.0,0.0,0.0,0.0,0,0,0,5d4ff03c-d96c-4e5c-b75e-c7ec162dff23,0,0,0
2,88,0.0,0.0,,,39.4165816423607,0.0063518910116,-29.7836543867947,0.0084486560554,0.2146706069246,0.0331184340265,0.0,0.0,0.0,0.0,0.0,0.0,0.0,0.0,0,0,0,25ed5bec-0ae4-4678-b9a4-d6316b16589c,0,0,0
3,56,0.0,0.0,,,39.4708587944653,0.0067367120608,-29.7367925855886,0.0090933279291,0.1764377343131,0.0334094943295,0.0,0.0,0.0,0.0,0.0,0.0,0.0,0.0,0,0,0,4c5587ef-8912-4b8a-b254-676587aecaac,0,0,0
4,12,0.0,0.0,,,39.3630119572234,0.0067204862643,-29.7614387635156,0.0088846067634,0.164422962997,0.0361564465699,0.0,0.0,0.0,0.0,0.0,0.0,0.0,0.0,0,0,0,703f4cc3-6fd3-4a55-868a-5570ef645709,0,0,0
5,52,0.0,0.0,,,39.4134398103116,0.0063899841585,-29.7263765533125,0.0091243668658,0.2375731117292,0.033666423873,0.0,0.0,0.0,0.0,0.0,0.0,0.0,0.0,0,0,0,a59a97ab-6a40-494f-bd8a-e73d33bcee95,0,0,0
6,16,0.0,0.0,,,39.4349521082832,0.0068115496399,-29.7542587302278,0.0091208473268,0.1880383974266,0.03282995249,0.0,0.0,0.0,0.0,0.0,0.0,0.0,0.0,0,0,0,6a48f226-0cff-4b33-b78c-b827c3c4b0ce,0,0,0
7,94,0.0,0.0,,,39.3956250518346,0.0068455611669,-29.7822837200624,0.0092973508228,0.1941257795696,0.0341381670097,0.0,0.0,0.0,0.0,0.0,0.0,0.0,0.0,0,0,0,0b5da0f4-d484-42e3-a8df-0c70d68eefc6,0,0,0
8,31,0.0,0.0,,,39.5039931239525,0.0066179009144,-29.7544834748138,0.0091324598793,0.207990585419,0.0369171805,0.0,0.0,0.0,0.0,0.0,0.0,0.0,0.0,0,0,0,dc2cb0d0-b069-4570-b1d9-6efab8decd87,0,0,0
9,75,0.0,0.0,,,39.4239683188792,0.0066278069594,-29.7936988584395,0.008996591878,0.1608996606233,0.0351534380127,0.0,0.0,0.0,0.0,0.0,0.0,0.0,0.0,0,0,0,532adc38-80e6-4393-b715-378c399234a6,0,0,0
10,73,0.0,0.0,,,39.4460984534174,0.0063933057147,-29.7808918530697,0.0092024634205,0.1194085001851,0.0322129979139,0.0,0.0,0.0,0.0,0.0,0.0,0.0,0.0,0,0,0,009cced0-1f64-4173-bd59-6f929e8228b8,0,0,0
11,47,0.0,0.0,,,39.3616031240103,0.0065056770993,-29.794932221666,0.0093482885181,0.2240165719627,0.0352863124417,0.0,0.0,0.0,0.0,0.0,0.0,0.0,0.0,0,0,0,a9f5055a-f13c-49cd-9ff6-f8c6b653c28d,0,0,0
12,1,0.0,0.0,,,39.3991933177076,0.0068721990222,-29.8671540730318,0.0092748237954,0.2269007023364,0.0360825740226,0.0,0.0,0.0,0.0,0.0,0.0,0.0,0.0,0,0,0,81fb84e0-3c69-4537-ac10-8361d2add2bd,0,0,0
13,91,0.0,0.0,,,39.3764294017222,0.006297847356,-29.7095961812438,0.0092838115991,0.1494409214299,0.0380179153661,0.0,0.0,0.0,0.0,0.0,0.0,0.0,0.0,0,0,0,44f342a3-89ce-4053-8b87-76699f0f2f53,0,0,0
14,9,0.0,0.0,,,39.4041280750918,0.006937513229,-29.8045657150427,0.0089709519679,0.195002498002,0.0346800584323,0.0,0.0,0.0,0.0,0.0,0.0,0.0,0.0,0,0,0,8e648e09-c3a7-48f5-b570-ed49f11c904e,0,0,0
15,24,0.0,0.0,,,39.3922350257036,0.0066221519332,-29.7636607729686,0.0090464016344,0.2234290343403,0.0369019584261,0.0,0.0,0.0,0.0,0.0,0.0,0.0,0.0,0,0,0,28b6fa95-6825-4fb9-a4d9-5a0b3089f7b4,0,0,0
16,36,0.0,0.0,,,39.4254807785382,0.0064646710662,-29.7435246359726,0.008690146735,0.1441393857365,0.0345865743736,0.0,0.0,0.0,0.0,0.0,0.0,0.0,0.0,0,0,0,20b38673-1bc1-42cc-b75d-347a79d64dea,0,0,0
17,53,0.0,0.0,,,39.3673986311586,0.0066553645069,-29.7619028917985,0.0095999743461,0.2761373840669,0.0348610080652,0.0,0.0,0.0,0.0,0.0,0.0,0.0,0.0,0,0,0,ca544eb1-90c2-4384-a1ea-fc55f2203c20,0,0,0
18,19,0.0,0.0,,,39.3979336222704,0.0066257602385,-29.8136003159233,0.0095297432007,0.2013202884337,0.036395146043,0.0,0.0,0.0,0.0,0.0,0.0,0.0,0.0,0,0,0,a7894742-216d-472a-b89e-e26971f9da10,0,0,0
19,41,0.0,0.0,,,39.3948946190164,0.0066977082131,-29.7759467554634,0.0088773476475,0.1582246412955,0.0373963571696,0.0,0.0,0.0,0.0,0.0,0.0,0.0,0.0,0,0,0,a9317b14-0e37-48db-a213-f3f553d85b69,0,0,0
20,97,0.0,0.0,,,39.4285665642498,0.0066240875178,-29.7606903162439,0.0095413328784,0.2265279961208,0.0343495596923,0.0,0.0,0.0,0.0,0.0,0.0,0.0,0.0,0,0,0,fedea6a5-a215-4701-ae1a-f147063fd99b,0,0,0
21,17,0.0,0.0,,,39.3901865239385,0.0068741937877,-29.8495640999059,0.0091599018749,0.2601332316649,0.0348780328598,0.0,0.0,0.0,0.0,0.0,0.0,0.0,0.0,0,0,0,8e9349d1-f43d-457d-b3c6-693f4826fe81,0,0,0
22,90,0.0,0.0,,,39.417321129003,0.0065697522704,-29.8084220356051,0.0088851859525,0.1902842817178,0.0378095178162,0.0,0.0,0.0,0.0,0.0,0.0,0.0,0.0,0,0,0,cad3c273-a081-4725-9c07-646e5d81f07c,0,0,0
23,59,0.0,0.0,,,39.4438042471309,0.0066911000436,-29.8486621876881,0.0095842933947,0.2475514295642,0.0357634139571,0.0,0.0,0.0,0.0,0.0,0.0,0.0,0.0,0,0,0,000ec039-fdcf-4d36-a784-14adfca4ffd7,0,0,0
24,92,0.0,0.0,,,39.4722553972539,0.0067652210739,-29.7614153853673,0.0092454667243,0.2215137465979,0.0365029190411,0.0,0.0,0.0,0.0,0.0,0.0,0.0,0.0,0,0,0,5c08f6f9-01d3-4de5-8b8b-670d8d2f03c1,0,0,0
25,65,0.0,0.0,,,39.4012457418268,0.0066839036478,-29.7776556177942,0.0091412173489,0.1963811192935,0.0353255420594,0.0,0.0,0.0,0.0,0.0,0.0,0.0,0.0,0,0,0,b29ff153-7958-4090-a878-5df24b24f551,0,0,0
26,34,0.0,0.0,,,39.3408986253737,0.0069554543392,-29.7579483014515,0.0087772001688,0.2183649758087,0.0358876832457,0.0,0.0,0.0,0.0,0.0,0.0,0.0,0.0,0,0,0,b2970667-2436-4f1f-9d58-8458bc62fd72,0,0,0
27,71,0.0,0.0,,,39.3933035851274,0.0067393063981,-29.7199821773227,0.0092059966664,0.189568449963,0.0386593603574,0.0,0.0,0.0,0.0,0.0,0.0,0.0,0.0,0,0,0,acde508e-3cac-4f19-9f98-7c9760e31332,0,0,0
28,0,0.0,0.0,,,39.4279409569016,0.0066506633786,-29.7018187047945,0.0088074631198,0.1957256832431,0.0366374163846,0.0,0.0,0.0,0.0,0.0,0.0,0.0,0.0,0,0,0,9e449bc9-acff-4af2-a4f8-0e36a2d0a0a5,0,0,0
29,22,0.0,0.0,,,39.3925428817556,0.0067360258725,-29.7918299426709,0.0090371617671,0.2650134110553,0.035245131669,0.0,0.0,0.0,0.0,0.0,0.0,0.0,0.0,0,0,0,1b5cf203-7f31-4770-bc80-73f96a438d9e,0,0,0
30,4,0.0,0.0,,,39.4491932980037,0.0064531141543,-29.7332147930452,0.0093393058906,0.1585504223657,0.0338123575929,0.0,0.0,0.0,0.0,0.0,0.0,0.0,0.0,0,0,0,4fa2f32f-d87d-4bc5-af58-2c521b41ce6a,0,0,0
31,64,0.0,0.0,,,39.3845600445328,0.0068094472409,-29.731024330917,0.0090874018257,0.2005230085605,0.0337407356447,0.0,0.0,0.0,0.0,0.0,0.0,0.0,0.0,0,0,0,10bab8cc-c787-4164-bce8-6b8c8b041864,0,0,0
32,72,0.0,0.0,,,39.390173491313,0.0066671571671,-29.8024402535548,0.0091337223929,0.192941056406,0.0318843467881,0.0,0.0,0.0,0.0,0.0,0.0,0.0,0.0,0,0,0,c91efb4f-d00d-4b89-a874-46bf17e60ba0,0,0,0
33,54,0.0,0.0,,,39.3371145368014,0.0066348676451,-29.7977687379622,0.0089595840235,0.1883020451902,0.0342411639978,0.0,0.0,0.0,0.0,0.0,0.0,0.0,0.0,0,0,0,22e0aee4-433d-4d3e-86fe-5945789a39aa,0,0,0
34,14,0.0,0.0,,,39.3559018067509,0.0067618675288,-29.8084930144476,0.0088807509967,0.2587227979763,0.0349952632266,0.0,0.0,0.0,0.0,0.0,0.0,0.0,0.0,0,0,0,364bb8ca-d74f-48f0-a864-00f6027aeafe,0,0,0
35,75,0.0,0.0,,,39.3725613081337,0.0065054596272,-29.8055073535406,0.0091376182304,0.2500351788691,0.0338068594785,0.0,0.0,0.0,0.0,0.0,0.0,0.0,0.0,0,0,0,ae6ba640-528e-46d3-a198-b5e8b2a17046,0,0,0
36,84,0.0,0.0,,,39.3910704824091,0.0065290071427,-29.7412471192294,0.0089040645527,0.1494099103579,0.0326657656036,0.0,0.0,0.0,0.0,0.0,0.0,0.0,0.0,0,0,0,ee47727d-1ea0-4ca8-afeb-8720113bc726,0,0,0
37,45,0.0,0.0,,,39.4046389160528,0.006515640005,-29.7737288322918,0.0096027671778,0.2481437227867,0.0341028245827,0.0,0.0,0.0,0.0,0.0,0.0,0.0,0.0,0,0,0,52668530-00bd-400a-89c8-ccbd3ad568aa,0,0,0
38,95,0.0,0.0,,,39.3602909712093,0.0065289328457,-29.7757883204416,0.0092777707345,0.2457333168383,0.0389040947641,0.0,0.0,0.0,0.0,0.0,0.0,0.0,0.0,0,0,0,15db1c7b-704c-40a9-b53b-6df1de9eeb8f,0,0,0
39,43,0.0,0.0,,,39.4285023522639,0.0064586172352,-29.8510597939639,0.0087424716854,0.2231159298736,0.0315960122079,0.0,0.0,0.0,0.0,0.0,0.0,0.0,0.0,0,0,0,e20f9e8e-7e5f-41a1-a3c2-4c93766a1e15,0,0,0
40,74,0.0,0.0,,,39.4338364705939,0.0069118484284,-29.7125826960069,0.0092398744165,0.2392738326405,0.0326886103535,0.0,0.0,0.0,0.0,0.0,0.0,0.0,0.0,0,0,0,bf4c251a-faad-4205-b8df-8f82ad6feed2,0,0,0
41,28,0.0,0.0,,,39.3691373647422,0.0065038548313,-29.7992893071337,0.0087115056845,0.1600754473053,0.0375888255448,0.0,0.0,0.0,0.0,0.0,0.0,0.0,0.0,0,0,0,ff92d997-d603-405b-9bf7-1915510d5a80,0,0,0
42,24,0.0,0.0,,,39.4336268264517,0.0068046724293,-29.7646999884258,0.0091916382988,0.1969126960404,0.0349063490078,0.0,0.0,0.0,0.0,0.0,0.0,0.0,0.0,0,0,0,221a4cc5-f346-47e5-87ec-958df16d4cee,0,0,0
43,56,0.0,0.0,,,39.4528290874886,0.007007783794,-29.7460018349884,0.0088584068062,0.2126556275483,0.0363343904949,0.0,0.0,0.0,0.0,0.0,0.0,0.0,0.0,0,0,0,34c5b6b8-0365-489e-85c4-bf2ecaa88838,0,0,0
44,85,0.0,0.0,,,39.4953921164764,0.0065528848815,-29.7963957012052,0.0091897367175,0.1320252253176,0.0336708049647,0.0,0.0,0.0,0.0,0.0,0.0,0.0,0.0,0,0,0,3d0e918c-bdc9-4260-ae14-004113b4c53d,0,0,0
45,72,0.0,0.0,,,39.3769871171765,0.0069178195497,-29.8560372020391,0.0096262384221,0.2170829722992,0.0340998050041,0.0,0.0,0.0,0.0,0.0,0.0,0.0,0.0,0,0,0,19915144-a6ef-41c9-b35b-f1b8bf4dc50b,0,0,0
46,13,0.0,0.0,,,39.4443131349086,0.0063900144912,-29.8200214770313,0.0092869907643,0.1978380423172,0.0353218309363,0.0,0.0,0.0,0.0,0.0,0.0,0.0,0.0,0,0,0,5d32816d-bf99-4a3f-89a9-c1dd63ac6226,0,0,0
47,58,0.0,0.0,,,39.4404607213933,0.0068569763815,-29.7545980433272,0.0090485108604,0.1611930962032,0.0348294063579,0.0,0.0,0.0,0.0,0.0,0.0,0.0,0.0,0,0,0,23282f1f-7f6e-41bc-a7b9-bc735905b31b,0,0,0
48,85,0.0,0.0,,,39.4197873783845,0.0067341292057,-29.7940242569497,0.0092031715662,0.2398642842282,0.0353391241061,0.0,0.0,0.0,0.0,0.0,0.0,0.0,0.0,0,0,0,1130b642-0bec-494a-9111-c4974b7d9c29,0,0,0
49,46,0.0,0.0,,,39.3656109811861,0.0067138542316,-29.7379705969792,0.009197125643,0.1277211035427,0.034931574481,0.0,0.0,0.0,0.0,0.0,0.0,0.0,0.0,0,0,0,400278ed-e29f-467c-a0e4-9ba794c0850f,0,0,0
0,39,0.0,0.0,,,41.8830366910396,0.0032213122816,-27.2821890849426,0.0047424898867,0.400009382269,0.0432946445005,0.0,0.0,0.0,0.0,0.0,0.0,0.0,0.0,0,0,0,11dee104-c73e-4ea3-9bd9-87103faa40fb,0,0,0
1,91,0.0,0.0,,,41.8551667790405,0.0032151233103,-27.2924758389747,0.0047831164061,0.2837199548583,0.0451265036832,0.0,0.0,0.0,0.0,0.0,0.0,0.0,0.0,0,0,0,b78d27dd-6178-4788-a6d8-bc4e0ec8db5e,0,0,0
2,53,0.0,0.0,,,41.8314566750315,0.0032372425949,-27.3188275890395,0.0047852241795,0.3090847363546,0.0434112237035,0.0,0.0,0.0,0.0,0.0,0.0,0.0,0.0,0,0,0,26d165d9-77f7-47b1-918d-0ac6abdd88da,0,0,0
3,29,0.0,0.0,,,41.854670046156,0.0032682021376,-27.1683187179356,0.0046992365154,0.4363763541965,0.0436935419941,0.0,0.0,0.0,0.0,0.0,0.0,0.0,0.0,0,0,0,4a783067-4f8e-4aee-83b4-0ef39b9055f0,0,0,0
4,21,0.0,0.0,,,41.8689809794893,0.0031688790226,-27.2473583820225,0.0048203768395,0.4151042929648,0.0411657357044,0.0,0.0,0.0,0.0,0.0,0.0,0.0,0.0,0,0,0,f6b6328c-e3c4-45e7-ac17-fbca45a89916,0,0,0
5,37,0.0,0.0,,,41.854672579768,0.0032183679014,-27.342476064926,0.0045856941154,0.4135085143076,0.041413016012,0.0,0.0,0.0,0.0,0.0,0.0,0.0,0.0,0,0,0,acdc696d-b4e4-4e4d-83d9-011b06d68681,0,0,0
6,70,0.0,0.0,,,41.8112170608987,0.0030924656024,-27.2197666989517,0.004706625302,0.3476171443828,0.0457249272098,0.0,0.0,0.0,0.0,0.0,0.0,0.0,0.0,0,0,0,f3e6475c-b295-4631-aeb0-cf773f247ceb,0,0,0
7,4,0.0,0.0,,,41.8308911781154,0.003382381589,-27.1999792954034,0.004871590957,0.359495057993,0.0446966971653,0.0,0.0,0.0,0.0,0.0,0.0,0.0,0.0,0,0,0,f8a24fea-7ba7-4787-ad7c-d283e1628f62,0,0,0
8,19,0.0,0.0,,,41.8158435479348,0.0031678791524,-27.3595256136774,0.0046319412483,0.3868002218717,0.0433993130593,0.0,0.0,0.0,0.0,0.0,0.0,0.0,0.0,0,0,0,cf35e266-0714-4619-9cad-5ec8f5a32850,0,0,0
9,9,0.0,0.0,,,41.8117793199583,0.0033223027369,-27.3323452024646,0.0047618703482,0.4725038861705,0.041001027867,0.0,0.0,0.0,0.0,0.0,0.0,0.0,0.0,0,0,0,563f408b-6bbc-456c-9a69-fdbc19bfb8ca,0,0,0
10,86,0.0,0.0,,,41.8905590643426,0.0032147013351,-27.2918367836287,0.004785481743,0.3782699244566,0.0447878988859,0.0,0.0,0.0,0.0,0.0,0.0,0.0,0.0,0,0,0,7cc4866b-ef34-47d2-b23f-53ab2bff020f,0,0,0
11,29,0.0,0.0,,,41.8470894301775,0.003251627917,-27.3065823441956,0.0047116072624,0.4210796396302,0.0409912006923,0.0,0.0,0.0,0.0,0.0,0.0,0.0,0.0,0,0,0,1d2e5ba4-5f35-476c-b462-af4a1891a46b,0,0,0
12,23,0.0,0.0,,,41.8827123328331,0.0033646652495,-27.3508034747135,0.004714122092,0.3548955655981,0.0379325021442,0.0,0.0,0.0,0.0,0.0,0.0,0.0,0.0,0,0,0,b30e4409-a577-459e-906d-2e40c7df2347,0,0,0
13,87,0.0,0.0,,,41.8374588891812,0.00317184458,-27.2627443440726,0.0049084192352,0.5002096570797,0.0456937316063,0.0,0.0,0.0,0.0,0.0,0.0,0.0,0.0,0,0,0,556c2c96-cac3-40ae-95b4-433675f25e61,0,0,0
14,8,0.0,0.0,,,41.7942316844765,0.0032786287122,-27.2324014045001,0.0048166391866,0.3921981078367,0.0433679469179,0.0,0.0,0.0,0.0,0.0,0.0,0.0,0.0,0,0,0,80bc92b4-b4d3-4437-a2f0-47fb708feb90,0,0,0
15,63,0.0,0.0,,,41.827873062594,0.0032291551014,-27.2000800636487,0.004773189539,0.4070203971804,0.0388696372744,0.0,0.0,0.0,0.0,0.0,0.0,0.0,0.0,0,0,0,b0776c6c-6f1a-4439-9a0c-b5df7692d3f9,0,0,0
16,55,0.0,0.0,,,41.7898054861188,0.0032776971402,-27.256746010098,0.0047054831785,0.4548703875045,0.0471135047009,0.0,0.0,0.0,0.0,0.0,0.0,0.0,0.0,0,0,0,22fdc72e-27a4-48e4-8f8d-fdda94205ced,0,0,0
17,60,0.0,0.0,,,41.8631748058098,0.0032561522022,-27.2335833618785,0.0047836593946,0.3633073059427,0.0458622076878,0.0,0.0,0.0,0.0,0.0,0.0,0.0,0.0,0,0,0,7cad92d2-03ef-4031-b699-43fb142bf1d0,0,0,0
18,69,0.0,0.0,,,41.8582132706643,0.0032309474352,-27.34384522736,0.0047385530246,0.3826696001029,0.0422822682183,0.0,0.0,0.0,0.0,0.0,0.0,0.0,0.0,0,0,0,8341e191-cc90-41dc-8698-2f88085fc4f7,0,0,0
19,2,0.0,0.0,,,41.7992239183263,0.0032425240476,-27.2890112843405,0.0047556707962,0.4716044051054,0.0436265613841,0.0,0.0,0.0,0.0,0.0,0.0,0.0,0.0,0,0,0,8d842f2a-fc39-45ff-bc4b-72b46b84e9f6,0,0,0
20,59,0.0,0.0,,,41.8297373828255,0.0032744614902,-27.2537635783454,0.004738737768,0.4266594746643,0.0436753984509,0.0,0.0,0.0,0.0,0.0,0.0,0.0,0.0,0,0,0,d9711e5c-00da-4ad4-ae57-fe906b3290b3,0,0,0
21,71,0.0,0.0,,,41.874311296116,0.0032002960285,-27.3341842722534,0.0046203723861,0.4483256583933,0.044024220634,0.0,0.0,0.0,0.0,0.0,0.0,0.0,0.0,0,0,0,de187bb6-39d9-48c7-9085-944e03c50d5d,0,0,0
22,88,0.0,0.0,,,41.8792382908846,0.0032863062783,-27.1824996699178,0.0046707140149,0.3833936469399,0.0427369009706,0.0,0.0,0.0,0.0,0.0,0.0,0.0,0.0,0,0,0,4f798129-113e-41ba-9e6e-63d9707bdb60,0,0,0
23,85,0.0,0.0,,,41.9082260780298,0.0032608579346,-27.2844194975571,0.0049005818522,0.5100933756584,0.0412990198325,0.0,0.0,0.0,0.0,0.0,0.0,0.0,0.0,0,0,0,7d6021f8-c3ce-47e6-b607-ba5a162f243e,0,0,0
24,80,0.0,0.0,,,41.8410240808311,0.0032050409376,-27.2671073101162,0.0045731575707,0.3793747479016,0.0433931315078,0.0,0.0,0.0,0.0,0.0,0.0,0.0,0.0,0,0,0,76ea5d4c-32ff-42e7-9f92-68f8e6b0a862,0,0,0
25,58,0.0,0.0,,,41.8290185357474,0.0032123285022,-27.3143346958186,0.0047808865573,0.4040167230281,0.0472605284016,0.0,0.0,0.0,0.0,0.0,0.0,0.0,0.0,0,0,0,da8161e8-c8cc-4870-900a-27c098cbabf8,0,0,0
26,19,0.0,0.0,,,41.8816551108894,0.0033324517596,-27.2774569078682,0.0048234776136,0.4268751141293,0.0431508011489,0.0,0.0,0.0,0.0,0.0,0.0,0.0,0.0,0,0,0,bcab3b7f-5458-457e-8049-2a4f557e56c1,0,0,0
27,3,0.0,0.0,,,41.8519440269327,0.0032561267296,-27.3808271142519,0.0046397375364,0.4035916796873,0.0427125623662,0.0,0.0,0.0,0.0,0.0,0.0,0.0,0.0,0,0,0,44374e46-7b14-46f5-a4cb-b0c3b4956645,0,0,0
28,17,0.0,0.0,,,41.7772560594511,0.0032759592234,-27.2538653342822,0.004735258244,0.4505951406944,0.0436601620565,0.0,0.0,0.0,0.0,0.0,0.0,0.0,0.0,0,0,0,9c6d5d7d-a8a4-4f62-b852-5b0a48371967,0,0,0
29,94,0.0,0.0,,,41.7335058421958,0.0033001082602,-27.2720467642501,0.0050070954665,0.5048045256226,0.0396878583493,0.0,0.0,0.0,0.0,0.0,0.0,0.0,0.0,0,0,0,1d6051db-dc36-40ab-8921-080512d4922b,0,0,0
30,87,0.0,0.0,,,41.7999714531619,0.0032361907078,-27.2895587489777,0.0048100272956,0.4282736935579,0.042289010972,0.0,0.0,0.0,0.0,0.0,0.0,0.0,0.0,0,0,0,393982f4-2f8e-42b0-bb5d-2191025bb9c1,0,0,0
31,39,0.0,0.0,,,41.8190908995031,0.0032574345381,-27.2987466680037,0.004782303782,0.4105690203212,0.0417627869528,0.0,0.0,0.0,0.0,0.0,0.0,0.0,0.0,0,0,0,3bf404e5-496b-4018-8166-e2427e5b0d4a,0,0,0
32,77,0.0,0.0,,,41.8833528709662,0.0031313669825,-27.3071448385466,0.0049599063285,0.4357192560632,0.0450522200061,0.0,0.0,0.0,0.0,0.0,0.0,0.0,0.0,0,0,0,84c9555b-4edf-47a3-9913-ee7015898177,0,0,0
33,36,0.0,0.0,,,41.8371720588745,0.0031338557523,-27.2316486867393,0.0046853259262,0.4008992387676,0.0425786950842,0.0,0.0,0.0,0.0,0.0,0.0,0.0,0.0,0,0,0,4da82ae4-0967-441c-aef4-35e8b56f8235,0,0,0
34,7,0.0,0.0,,,41.8395130469644,0.0033237855511,-27.3019706578025,0.004653973055,0.4136177071041,0.0405671364152,0.0,0.0,0.0,0.0,0.0,0.0,0.0,0.0,0,0,0,bfde4dbb-010b-4647-bb56-546d6327288d,0,0,0
35,65,0.0,0.0,,,41.847191894908,0.0030665188411,-27.3100668227477,0.0047612292854,0.4662058999808,0.0429121868997,0.0,0.0,0.0,0.0,0.0,0.0,0.0,0.0,0,0,0,c2a0bee4-0571-4d4b-98b2-34761d4ef7ac,0,0,0
36,67,0.0,0.0,,,41.8273157124728,0.0033734728582,-27.1777167104027,0.0046883050291,0.428649409971,0.0477054918456,0.0,0.0,0.0,0.0,0.0,0.0,0.0,0.0,0,0,0,c62b10b4-c2be-4df0-92ca-83c496aec89a,0,0,0
37,53,0.0,0.0,,,41.8620067295543,0.0032172608157,-27.2478793929262,0.0047174661448,0.3630434966347,0.0425867278165,0.0,0.0,0.0,0.0,0.0,0.0,0.0,0.0,0,0,0,ca73f181-ba60-4150-a439-433ad8a52945,0,0,0
38,24,0.0,0.0,,,41.8178514077924,0.0032682902066,-27.2293912911467,0.0048524235123,0.3689944762797,0.0438864550555,0.0,0.0,0.0,0.0,0.0,0.0,0.0,0.0,0,0,0,d71db836-c39b-470c-94fa-1a4c1a37a489,0,0,0
39,70,0.0,0.0,,,41.9062755760414,0.0032355835995,-27.2109011887257,0.0046789393255,0.3352384000696,0.0499519431009,0.0,0.0,0.0,0.0,0.0,0.0,0.0,0.0,0,0,0,457fe769-2a0c-45a7-a146-0b2d04ecc86c,0,0,0
40,22,0.0,0.0,,,41.9412409360272,0.0031042738187,-27.2579725217797,0.0047913036864,0.3731927701147,0.0417363630968,0.0,0.0,0.0,0.0,0.0,0.0,0.0,0.0,0,0,0,8bc7ede9-5f21-4713-9c97-97fa36247017,0,0,0
41,75,0.0,0.0,,,41.8300564209363,0.0032748268709,-27.2771798079718,0.0047555380174,0.3845662670824,0.0438293004861,0.0,0.0,0.0,0.0,0.0,0.0,0.0,0.0,0,0,0,4ac87394-01a1-498c-8f1b-fdfd37b880d1,0,0,0
42,97,0.0,0.0,,,41.839132442807,0.003343640622,-27.2975687351074,0.0045829001343,0.3140399890577,0.0443874107505,0.0,0.0,0.0,0.0,0.0,0.0,0.0,0.0,0,0,0,ec695a1c-7611-46f9-94d1-f3aff46e700f,0,0,0
43,75,0.0,0.0,,,41.820528882835,0.0031412101746,-27.2534899579003,0.0046437793698,0.4424159846036,0.0456050564889,0.0,0.0,0.0,0.0,0.0,0.0,0.0,0.0,0,0,0,3b5dcfd8-aa88-4309-9dd5-ba726886caed,0,0,0
44,42,0.0,0.0,,,41.8193801957735,0.0032532847986,-27.2330652319585,0.0045782387314,0.417394169743,0.0414190177157,0.0,0.0,0.0,0.0,0.0,0.0,0.0,0.0,0,0,0,105ea71d-375a-43c5-8a56-32e965a072a1,0,0,0
45,84,0.0,0.0,,,41.8507929848661,0.0033511028147,-27.2833323127109,0.0048031186062,0.4405622921278,0.0386816828535,0.0,0.0,0.0,0.0,0.0,0.0,0.0,0.0,0,0,0,af294572-0741-4e09-82c2-18b705689a31,0,0,0
46,47,0.0,0.0,,,41.8345498907506,0.0031473954252,-27.253854725589,0.0048081695786,0.3482050771042,0.0433233715031,0.0,0.0,0.0,0.0,0.0,0.0,0.0,0.0,0,0,0,f5f98cc4-9a8a-46a9-ba37-e6a8a2f9a6df,0,0,0
47,48,0.0,0.0,,,41.881857426637,0.0032410989285,-27.2686337725796,0.00442176895,0.3972430654723,0.0415303087664,0.0,0.0,0.0,0.0,0.0,0.0,0.0,0.0,0,0,0,0e57635c-aa8b-41cc-a546-f0feabfc71ea,0,0,0
48,31,0.0,0.0,,,41.8714981215653,0.0033635605959,-27.360583256077,0.0046720287935,0.513456581123,0.0432804899091,0.0,0.0,0.0,0.0,0.0,0.0,0.0,0.0,0,0,0,daa0570c-e113-4ae1-8b51-022bd5e13d05,0,0,0
49,48,0.0,0.0,,,41.8585269408877,0.0032311350145,-27.3152074211531,0.0048936955726,0.4077188694542,0.0440419586266,0.0,0.0,0.0,0.0,0.0,0.0,0.0,0.0,0,0,0,064cfa3f-1a6c-4682-9b73-7df818d7ad30,0,0,0
0,61,0.0,0.0,,,41.0365524168954,0.0125186669081,-28.5980028389201,0.0117082871022,0.2447820817587,0.0457200957251,0.0,0.0,0.0,0.0,0.0,0.0,0.0,0.0,0,0,0,ed07ea13-a2b8-45e8-b1ab-921526e7dce9,0,0,0
1,85,0.0,0.0,,,40.9852215951802,0.0114162536929,-28.7176329001864,0.0128337796213,0.2082042465355,0.0413520922508,0.0,0.0,0.0,0.0,0.0,0.0,0.0,0.0,0,0,0,1cdc0e99-af37-42f5-a398-391f94e45cd3,0,0,0
2,85,0.0,0.0,,,40.9972371289171,0.0120439383346,-28.6671969581018,0.0123719005377,0.2587995798228,0.0392307795304,0.0,0.0,0.0,0.0,0.0,0.0,0.0,0.0,0,0,0,80845fd9-4f41-416a-82ff-5842f2a427e8,0,0,0
3,52,0.0,0.0,,,41.0221258530832,0.0124723471692,-28.6716540451866,0.0118971736751,0.2361075179372,0.0428573675451,0.0,0.0,0.0,0.0,0.0,0.0,0.0,0.0,0,0,0,1cb50f55-7e45-459e-9d4f-ac21b8eccf72,0,0,0
4,74,0.0,0.0,,,41.0183642831035,0.012061873729,-28.6605697249048,0.0128194467153,0.2786100805291,0.0419382142482,0.0,0.0,0.0,0.0,0.0,0.0,0.0,0.0,0,0,0,dbcbd535-3820-4559-aded-016f3c4c24ca,0,0,0
5,87,0.0,0.0,,,41.0378790721116,0.0119096110877,-28.5833070200973,0.0127501945518,0.223145482245,0.042064739828,0.0,0.0,0.0,0.0,0.0,0.0,0.0,0.0,0,0,0,1ac38a9d-940f-477c-854a-cc4ddbcd053d,0,0,0
6,11,0.0,0.0,,,40.9913310965019,0.0120531758471,-28.6412821317625,0.0125290648806,0.1998698853165,0.0403650978119,0.0,0.0,0.0,0.0,0.0,0.0,0.0,0.0,0,0,0,6b800ff1-22fb-4f6c-aadf-2bda05ab6d9f,0,0,0
7,43,0.0,0.0,,,41.0673243259375,0.0121429385488,-28.6370166421202,0.0128542965467,0.204988212616,0.0386820104771,0.0,0.0,0.0,0.0,0.0,0.0,0.0,0.0,0,0,0,b07cb2f0-0f98-4649-9743-338adfd7ca1c,0,0,0
8,36,0.0,0.0,,,41.0417007103162,0.0119218229014,-28.6227664774258,0.0128781289013,0.3028053850936,0.042846885339,0.0,0.0,0.0,0.0,0.0,0.0,0.0,0.0,0,0,0,391ca5f0-cce9-400c-8e70-a57de723b512,0,0,0
9,4,0.0,0.0,,,40.942706547697,0.0119970863057,-28.6788515702943,0.0131793480116,0.183224352249,0.0428652030891,0.0,0.0,0.0,0.0,0.0,0.0,0.0,0.0,0,0,0,bbccf800-bb24-4b3b-a105-b98f359470d4,0,0,0
10,24,0.0,0.0,,,41.063312393946,0.0119247335654,-28.6655740085193,0.0133681468304,0.2401419353121,0.0410214024538,0.0,0.0,0.0,0.0,0.0,0.0,0.0,0.0,0,0,0,50b7b95f-8c10-4b72-ac7c-684656cf7db0,0,0,0
11,95,0.0,0.0,,,41.0643623650917,0.0123071482736,-28.6859370409951,0.0129893106947,0.2073265667595,0.0411220993188,0.0,0.0,0.0,0.0,0.0,0.0,0.0,0.0,0,0,0,3888386f-ba4e-42d5-a0bc-7dd32f67ece0,0,0,0
12,97,0.0,0.0,,,40.9615240035685,0.0122398010509,-28.6573227988192,0.0125198107653,0.2314829390136,0.0404484420867,0.0,0.0,0.0,0.0,0.0,0.0,0.0,0.0,0,0,0,5960a3c3-04fd-4182-8098-52f06ce72243,0,0,0
13,34,0.0,0.0,,,40.9442825499987,0.0117860432516,-28.6005686532151,0.0120598843339,0.2396268440151,0.0424401324611,0.0,0.0,0.0,0.0,0.0,0.0,0.0,0.0,0,0,0,e90937d0-18bd-47dc-87d2-498a8965b3f3,0,0,0
14,6,0.0,0.0,,,41.0561368549301,0.0119898404972,-28.6516894278069,0.012515701614,0.148270400039,0.0438317659755,0.0,0.0,0.0,0.0,0.0,0.0,0.0,0.0,0,0,0,cfb294e4-26f7-4dac-a486-49d394f09ab2,0,0,0
15,21,0.0,0.0,,,41.0172671020245,0.0119736848294,-28.6658253337038,0.0125657331599,0.2430048147565,0.0370232189233,0.0,0.0,0.0,0.0,0.0,0.0,0.0,0.0,0,0,0,898e890a-abfc-447d-a6ed-3592cbbfbfa3,0,0,0
16,73,0.0,0.0,,,41.042869580363,0.01187039676,-28.6646459548386,0.0125564495627,0.1923978363544,0.0421686285218,0.0,0.0,0.0,0.0,0.0,0.0,0.0,0.0,0,0,0,7c61e5c2-0447-4e18-93e4-19394408070f,0,0,0
17,40,0.0,0.0,,,40.9557567227704,0.0125732447911,-28.6815244516839,0.0129003788167,0.1797225739921,0.040141186423,0.0,0.0,0.0,0.0,0.0,0.0,0.0,0.0,0,0,0,08aa1919-7ad7-41c5-ae34-a10c1e3d28e0,0,0,0
18,23,0.0,0.0,,,41.0113589307061,0.0121104134467,-28.6014190269993,0.0125610792024,0.1804868558896,0.0419328054895,0.0,0.0,0.0,0.0,0.0,0.0,0.0,0.0,0,0,0,dc8c28fb-6cd4-4bdb-9a1b-b19e95c511c3,0,0,0
19,47,0.0,0.0,,,40.9649318491095,0.0117195868163,-28.6929034363776,0.0127164498442,0.2505888804628,0.0391549303626,0.0,0.0,0.0,0.0,0.0,0.0,0.0,0.0,0,0,0,fc7728d7-323f-41db-b904-6bfade10dca9,0,0,0
20,56,0.0,0.0,,,41.0015273458664,0.0128311533231,-28.7153038236979,0.0129805631418,0.2321324513403,0.0403621540799,0.0,0.0,0.0,0.0,0.0,0.0,0.0,0.0,0,0,0,b44cf1d0-7122-46bf-a7a7-7431f86b3491,0,0,0
21,66,0.0,0.0,,,41.0310546755159,0.0118894662493,-28.6725883364525,0.0126302550144,0.1689230028421,0.0397949713582,0.0,0.0,0.0,0.0,0.0,0.0,0.0,0.0,0,0,0,dbb11fa3-474c-4b89-93cf-8d8fc6024405,0,0,0
22,19,0.0,0.0,,,40.9596041215325,0.0118667829395,-28.6308850801265,0.0127534033721,0.2245299342242,0.0409236882331,0.0,0.0,0.0,0.0,0.0,0.0,0.0,0.0,0,0,0,126d2301-818a-4497-810a-05a4d677b076,0,0,0
23,70,0.0,0.0,,,41.0046685441625,0.0120299845977,-28.7092413262005,0.0124867572852,0.2282563603806,0.0414489335923,0.0,0.0,0.0,0.0,0.0,0.0,0.0,0.0,0,0,0,ba37abef-84a8-4395-8ff8-ddb12ed1c71d,0,0,0
24,14,0.0,0.0,,,40.987297185165,0.0118776010226,-28.6695017448334,0.0130022607662,0.2182216340143,0.0453805641111,0.0,0.0,0.0,0.0,0.0,0.0,0.0,0.0,0,0,0,262ef8cf-8589-42d6-a4b5-a1f971eb85fe,0,0,0
25,92,0.0,0.0,,,41.0745148952466,0.0125570944298,-28.7612383593378,0.0124887084292,0.2212764387613,0.0424287587418,0.0,0.0,0.0,0.0,0.0,0.0,0.0,0.0,0,0,0,0cad4611-5786-4caa-9c27-82546ac768ff,0,0,0
26,61,0.0,0.0,,,40.9748747112209,0.0127287983764,-28.6997533649975,0.0128653578988,0.2092354802524,0.0401156597297,0.0,0.0,0.0,0.0,0.0,0.0,0.0,0.0,0,0,0,74fcc272-ee95-41b4-affe-6601af89736c,0,0,0
27,56,0.0,0.0,,,40.9844370824938,0.0124723963941,-28.6366085575726,0.0125011798204,0.2114790036612,0.0432023574973,0.0,0.0,0.0,0.0,0.0,0.0,0.0,0.0,0,0,0,0f2defa0-693f-4bd2-a150-6d38db06b707,0,0,0
28,51,0.0,0.0,,,41.0190330597733,0.0118125280852,-28.7326583678191,0.0128514389991,0.1950131630381,0.0404286084247,0.0,0.0,0.0,0.0,0.0,0.0,0.0,0.0,0,0,0,4e4441ad-e496-4127-ba8e-d5bd96a85725,0,0,0
29,53,0.0,0.0,,,41.0906005970003,0.0119144993243,-28.6690468656678,0.0121274912828,0.2616316569778,0.0417992605008,0.0,0.0,0.0,0.0,0.0,0.0,0.0,0.0,0,0,0,db70ef09-9b74-4779-b28c-90d33f775cb7,0,0,0
30,31,0.0,0.0,,,41.0082097090157,0.0120927439751,-28.7171927574979,0.0126160910477,0.209833700637,0.0429345833615,0.0,0.0,0.0,0.0,0.0,0.0,0.0,0.0,0,0,0,c34ce6ce-a571-4bb7-b1b6-1da48cdb081b,0,0,0
31,50,0.0,0.0,,,40.9954859076439,0.0120208906267,-28.5873443705804,0.0118851317899,0.1992042083116,0.0403517722365,0.0,0.0,0.0,0.0,0.0,0.0,0.0,0.0,0,0,0,40563c0b-58a0-41ef-82b1-43e42760bf83,0,0,0
32,95,0.0,0.0,,,40.967370421605,0.0117001452966,-28.6702488555129,0.0124909118786,0.2319619620887,0.0409607465589,0.0,0.0,0.0,0.0,0.0,0.0,0.0,0.0,0,0,0,53fa8639-77ab-489c-a888-c852fffbf914,0,0,0
33,68,0.0,0.0,,,41.0561725351422,0.0121578823706,-28.6124681706384,0.0136336737203,0.3000472943991,0.0393970226137,0.0,0.0,0.0,0.0,0.0,0.0,0.0,0.0,0,0,0,ad4e15b2-58a6-4f96-981b-532fbaacf04a,0,0,0
34,84,0.0,0.0,,,40.9786618190382,0.0120167873325,-28.6505122611889,0.012588054145,0.1794162508209,0.0412100592323,0.0,0.0,0.0,0.0,0.0,0.0,0.0,0.0,0,0,0,17692660-5c2b-4121-96bd-ac0cb0fdc91b,0,0,0
35,81,0.0,0.0,,,40.9839910116792,0.0122105825174,-28.6736956256093,0.0129559026026,0.1704777548057,0.0405502331025,0.0,0.0,0.0,0.0,0.0,0.0,0.0,0.0,0,0,0,0ff040f0-e95a-4b81-8ec1-59032ebed28b,0,0,0
36,42,0.0,0.0,,,41.0024418560016,0.012174700614,-28.6719298232762,0.0125751688803,0.2577553500729,0.0395098651905,0.0,0.0,0.0,0.0,0.0,0.0,0.0,0.0,0,0,0,2e8d4b1d-e48a-452d-8c8e-81751f8deab7,0,0,0
37,79,0.0,0.0,,,40.9722570451935,0.0120408080552,-28.7193609424633,0.0127696954937,0.2408862249134,0.0460778982405,0.0,0.0,0.0,0.0,0.0,0.0,0.0,0.0,0,0,0,aff88b18-a4ce-4b74-ac2e-6694d1837cfa,0,0,0
38,64,0.0,0.0,,,41.0123617002322,0.0117634504699,-28.6587374770321,0.0127709839839,0.2421976587227,0.0386278575632,0.0,0.0,0.0,0.0,0.0,0.0,0.0,0.0,0,0,0,fcb1d69b-2838-4aee-a8ec-af174e475875,0,0,0
39,76,0.0,0.0,,,40.9760125899881,0.0122902597352,-28.6392605190211,0.0128772105761,0.1760733304074,0.0427017752104,0.0,0.0,0.0,0.0,0.0,0.0,0.0,0.0,0,0,0,76a8d842-c522-4d5f-997b-8b0ef61344ec,0,0,0
40,36,0.0,0.0,,,41.0236080973533,0.0121652723631,-28.6654127905698,0.0128568055058,0.1783117376407,0.0397338242135,0.0,0.0,0.0,0.0,0.0,0.0,0.0,0.0,0,0,0,5f2edde3-4f11-4bf8-b4f7-dcb204e18125,0,0,0
41,41,0.0,0.0,,,41.0321642916433,0.011986563939,-28.6298409471352,0.0125918392206,0.2502661209364,0.0411795346374,0.0,0.0,0.0,0.0,0.0,0.0,0.0,0.0,0,0,0,1a2e3d8d-3d5a-4833-ad5a-002cea1567b6,0,0,0
42,30,0.0,0.0,,,41.0150835925348,0.0122180916056,-28.6952915929599,0.0128319568606,0.1992097492322,0.0407161126863,0.0,0.0,0.0,0.0,0.0,0.0,0.0,0.0,0,0,0,ed41f24e-365b-498c-8e64-f6c36b4c8aed,0,0,0
43,33,0.0,0.0,,,40.9460635203292,0.0121094441043,-28.6548646731559,0.0126007771736,0.1767908611405,0.0436337931171,0.0,0.0,0.0,0.0,0.0,0.0,0.0,0.0,0,0,0,ab5e7583-b355-4eb6-86d2-a28aacd97906,0,0,0
44,23,0.0,0.0,,,41.0039840347535,0.0121394332817,-28.7421015739412,0.0124153831101,0.2496749511325,0.0399521930929,0.0,0.0,0.0,0.0,0.0,0.0,0.0,0.0,0,0,0,58b76ff0-4998-47d2-b9de-fdd948807fd2,0,0,0
45,29,0.0,0.0,,,41.032725353455,0.0120626381407,-28.7542421451138,0.0120647536069,0.1773730952498,0.0400918899841,0.0,0.0,0.0,0.0,0.0,0.0,0.0,0.0,0,0,0,1e573c9c-c9f0-4d9f-a321-819b93cf7fea,0,0,0
46,40,0.0,0.0,,,41.0608304495406,0.01195033593,-28.6738580693942,0.0124431912863,0.2245660227044,0.0422217194178,0.0,0.0,0.0,0.0,0.0,0.0,0.0,0.0,0,0,0,7e809a8d-ba93-4bce-84cf-c4ac9bdfda8f,0,0,0
47,1,0.0,0.0,,,40.9791072455861,0.0117348222138,-28.6662292972601,0.0126706821465,0.2527799573811,0.040445383791,0.0,0.0,0.0,0.0,0.0,0.0,0.0,0.0,0,0,0,9a0e41fd-85c2-4e40-9711-9aecc3f2dbe1,0,0,0
48,33,0.0,0.0,,,40.93620364614,0.0121195434726,-28.6614465205247,0.0129490460825,0.1850969772827,0.0423668637469,0.0,0.0,0.0,0.0,0.0,0.0,0.0,0.0,0,0,0,5e610e73-1fe6-4698-8ba8-53edabf77485,0,0,0
49,56,0.0,0.0,,,41.0126231796011,0.0121065497267,-28.6441150053395,0.0124117381749,0.2438893785646,0.0407031711422,0.0,0.0,0.0,0.0,0.0,0.0,0.0,0.0,0,0,0,2b3f3ef9-c49e-47de-83cd-0cd6fcb6f77c,0,0,0
0,85,0.0,0.0,,,38.6498523060623,0.0062306094949,-26.5753455709673,0.0079856084021,0.1806540249001,0.0293356966188,0.0,0.0,0.0,0.0,0.0,0.0,0.0,0.0,0,0,0,62b0a293-6a40-4663-856c-a7733db79f43,0,0,0
1,81,0.0,0.0,,,38.5869547164991,0.0059745238376,-26.5357161657742,0.0079673558052,0.2088588258944,0.0295955250557,0.0,0.0,0.0,0.0,0.0,0.0,0.0,0.0,0,0,0,a0ce128a-79e8-474f-91a3-3b55f76af4d5,0,0,0
2,16,0.0,0.0,,,38.7328956635764,0.0058899485556,-26.566596317382,0.0079954517677,0.1844197609135,0.0304321881663,0.0,0.0,0.0,0.0,0.0,0.0,0.0,0.0,0,0,0,e22be057-f274-4515-8c4c-a8404b1dacf6,0,0,0
3,71,0.0,0.0,,,38.7155978326742,0.0059304355089,-26.6492084027005,0.007647883287,0.1969060600731,0.0302363817985,0.0,0.0,0.0,0.0,0.0,0.0,0.0,0.0,0,0,0,f55c2dd9-f3da-47d0-b069-804da3d9159f,0,0,0
4,37,0.0,0.0,,,38.6006300652619,0.0059107575355,-26.5704912141224,0.0076533511983,0.1518449320881,0.0306146626767,0.0,0.0,0.0,0.0,0.0,0.0,0.0,0.0,0,0,0,3aa1bd5b-6b9e-4da7-bef6-baacc17b0996,0,0,0
5,93,0.0,0.0,,,38.6848041312164,0.0062634114499,-26.6006749128533,0.0080730238404,0.1450392044616,0.0283885938958,0.0,0.0,0.0,0.0,0.0,0.0,0.0,0.0,0,0,0,ca2a790f-d3d0-4b9c-8b08-26afdb016110,0,0,0
6,52,0.0,0.0,,,38.6463223281332,0.0059052142509,-26.5477969421626,0.007981273635,0.0972056378705,0.0279079069266,0.0,0.0,0.0,0.0,0.0,0.0,0.0,0.0,0,0,0,66157c5f-cd7f-4815-8e37-0154a59703ed,0,0,0
7,12,0.0,0.0,,,38.6953411441766,0.006140309617,-26.5907408014227,0.0078553925176,0.1349611492746,0.0304812012114,0.0,0.0,0.0,0.0,0.0,0.0,0.0,0.0,0,0,0,a774afae-70fb-4886-b2ec-64ab690bfdbd,0,0,0
8,100,0.0,0.0,,,38.7221214496571,0.0057992182592,-26.5628067221014,0.0079431354823,0.1870327298645,0.0330124830647,0.0,0.0,0.0,0.0,0.0,0.0,0.0,0.0,0,0,0,334fc075-78a3-4975-aac8-59b258e3a57d,0,0,0
9,44,0.0,0.0,,,38.6597268312633,0.0059733855757,-26.5275738286675,0.0075056227478,0.1276562905063,0.0294628532139,0.0,0.0,0.0,0.0,0.0,0.0,0.0,0.0,0,0,0,93273fbe-9269-4dfb-be00-418b081aa174,0,0,0
10,60,0.0,0.0,,,38.6629231556046,0.0060031806203,-26.5514582378167,0.0079689094456,0.1544453931802,0.0295513686342,0.0,0.0,0.0,0.0,0.0,0.0,0.0,0.0,0,0,0,eb35db02-fa79-4a67-be81-77814ec32179,0,0,0
11,15,0.0,0.0,,,38.6726253346183,0.0059358220608,-26.5844593389654,0.0075939217671,0.1835332300036,0.0295671580739,0.0,0.0,0.0,0.0,0.0,0.0,0.0,0.0,0,0,0,bdcbb86d-9490-4bd7-9540-41cfab393ad9,0,0,0
12,84,0.0,0.0,,,38.7124122066722,0.0059239572858,-26.6130145496453,0.0080105778713,0.1795906541452,0.0297352397433,0.0,0.0,0.0,0.0,0.0,0.0,0.0,0.0,0,0,0,9035c94e-94d6-480b-9756-a392d18a902a,0,0,0
13,10,0.0,0.0,,,38.7464052579012,0.0061632738807,-26.6003215377715,0.0082073486339,0.1491171379987,0.0298368199629,0.0,0.0,0.0,0.0,0.0,0.0,0.0,0.0,0,0,0,9cc0aa75-88f9-4d1e-b956-1066186a04fb,0,0,0
14,75,0.0,0.0,,,38.6767843179716,0.0059646475142,-26.6141379256705,0.0076530002316,0.1779722481142,0.0276040527232,0.0,0.0,0.0,0.0,0.0,0.0,0.0,0.0,0,0,0,8ce36b4c-5b09-4455-b62d-db07c7c7774d,0,0,0
15,9,0.0,0.0,,,38.6771456183479,0.0059016589106,-26.6143407706828,0.0079825462939,0.1842580121381,0.0282842956686,0.0,0.0,0.0,0.0,0.0,0.0,0.0,0.0,0,0,0,c648ea0e-bc4f-4bae-b614-d5ea7e3a4e5b,0,0,0
16,34,0.0,0.0,,,38.6927936065866,0.0060724875599,-26.6922888077732,0.0077792771481,0.1662005571274,0.0289993835124,0.0,0.0,0.0,0.0,0.0,0.0,0.0,0.0,0,0,0,b03fb93c-705f-4632-af5f-7acdd2dbb787,0,0,0
17,93,0.0,0.0,,,38.7092929818327,0.0058996895254,-26.5519264358553,0.0076887995854,0.2082008224759,0.0280895019611,0.0,0.0,0.0,0.0,0.0,0.0,0.0,0.0,0,0,0,56707404-20fa-4556-a2e4-effc99746556,0,0,0
18,18,0.0,0.0,,,38.7223503557988,0.0059233907015,-26.5877730466219,0.0079405446141,0.1987437369969,0.0277055382956,0.0,0.0,0.0,0.0,0.0,0.0,0.0,0.0,0,0,0,ea6197b8-a0d1-49d5-b811-9a5a83236cc1,0,0,0
19,11,0.0,0.0,,,38.688569507686,0.005956363505,-26.5940851694267,0.0080531511775,0.1237912222718,0.0273997659086,0.0,0.0,0.0,0.0,0.0,0.0,0.0,0.0,0,0,0,22f75102-5cf6-4d03-94b6-f5d4714d978e,0,0,0
20,46,0.0,0.0,,,38.6918379536249,0.0058654529765,-26.498058244254,0.007958229885,0.2359980194028,0.0279139885747,0.0,0.0,0.0,0.0,0.0,0.0,0.0,0.0,0,0,0,98034b38-1b9d-4d1f-8250-2c0ae7d8a801,0,0,0
21,75,0.0,0.0,,,38.665860502129,0.0058782808674,-26.523092814404,0.008085845083,0.1040690521277,0.0297573237876,0.0,0.0,0.0,0.0,0.0,0.0,0.0,0.0,0,0,0,d9f2dd2c-16af-4d0f-81d0-954e2c1b9eb1,0,0,0
22,35,0.0,0.0,,,38.6367828249692,0.00615935206,-26.5668848432303,0.0082159796794,0.2048026033844,0.0283225322983,0.0,0.0,0.0,0.0,0.0,0.0,0.0,0.0,0,0,0,444f53b8-7539-4936-9c24-9201420ee1e4,0,0,0
23,29,0.0,0.0,,,38.6524845081002,0.0059403401919,-26.6460989564143,0.0078970013027,0.1545409210773,0.0313954104434,0.0,0.0,0.0,0.0,0.0,0.0,0.0,0.0,0,0,0,7d6c56d2-0ed5-4031-8aeb-fd409ca98a79,0,0,0
24,20,0.0,0.0,,,38.7375429319646,0.0058444779556,-26.5345242352826,0.0080541013641,0.1820697134479,0.0305556125327,0.0,0.0,0.0,0.0,0.0,0.0,0.0,0.0,0,0,0,536e69b7-4882-41d4-86ab-17b9ec3ad6d0,0,0,0
25,3,0.0,0.0,,,38.6825864827971,0.006072368131,-26.6007055030124,0.0080719020371,0.1448559228755,0.0300145887901,0.0,0.0,0.0,0.0,0.0,0.0,0.0,0.0,0,0,0,d6ca21d0-d6b8-41f9-ab17-ca9089019455,0,0,0
26,67,0.0,0.0,,,38.6564933047716,0.0060704196685,-26.5701648036344,0.0079187473846,0.1918673307894,0.0281722123091,0.0,0.0,0.0,0.0,0.0,0.0,0.0,0.0,0,0,0,ff029611-cf85-4945-80ed-743e2405eedf,0,0,0
27,8,0.0,0.0,,,38.6226588045702,0.0058648739092,-26.6076735445375,0.0079815726468,0.1746217580662,0.0305697101388,0.0,0.0,0.0,0.0,0.0,0.0,0.0,0.0,0,0,0,d862931c-374b-447e-b33c-10ec1d8301a5,0,0,0
28,3,0.0,0.0,,,38.7021894937961,0.0060804293977,-26.5947787043954,0.0080648201177,0.1890618020151,0.0273696244958,0.0,0.0,0.0,0.0,0.0,0.0,0.0,0.0,0,0,0,54d04474-d9b6-4119-91af-29ca7f526b89,0,0,0
29,78,0.0,0.0,,,38.6467460148693,0.0062670664478,-26.5725494789315,0.0080774224132,0.2106042751105,0.0294938008695,0.0,0.0,0.0,0.0,0.0,0.0,0.0,0.0,0,0,0,9e37f367-20d5-4d04-bd72-2cfd809f6dab,0,0,0
30,97,0.0,0.0,,,38.6718553784692,0.0061123937692,-26.5581836252989,0.0078526088301,0.1710229688475,0.0299998436887,0.0,0.0,0.0,0.0,0.0,0.0,0.0,0.0,0,0,0,65db3b40-fb5f-40e8-b1d4-4a92471c1574,0,0,0
31,81,0.0,0.0,,,38.6630354390466,0.0057775331186,-26.629800667427,0.0078652825915,0.1935977191406,0.0320766889369,0.0,0.0,0.0,0.0,0.0,0.0,0.0,0.0,0,0,0,06eead7b-7933-4c18-b375-2fb0f22bc294,0,0,0
32,94,0.0,0.0,,,38.7027743277169,0.0059177157308,-26.5825511217234,0.0079832229936,0.1659549503702,0.0300195000112,0.0,0.0,0.0,0.0,0.0,0.0,0.0,0.0,0,0,0,39c383c0-dece-4417-9e23-248f43b926cc,0,0,0
33,18,0.0,0.0,,,38.6627611308906,0.0058966302889,-26.6111115949927,0.0078259744091,0.2371874547293,0.0289060225696,0.0,0.0,0.0,0.0,0.0,0.0,0.0,0.0,0,0,0,0c949248-4431-4b67-ab5e-0dc3f0c45f04,0,0,0
34,77,0.0,0.0,,,38.6850229472917,0.0058845995194,-26.6065889433983,0.0076706990534,0.1629959023979,0.0273594784697,0.0,0.0,0.0,0.0,0.0,0.0,0.0,0.0,0,0,0,62602bca-7fb1-4631-a441-626b41c03ffb,0,0,0
35,76,0.0,0.0,,,38.6597817878612,0.0061090375325,-26.5874455623394,0.0077473792284,0.1617345456622,0.0324531931136,0.0,0.0,0.0,0.0,0.0,0.0,0.0,0.0,0,0,0,f026b64e-2a28-4055-93ea-69498d40785f,0,0,0
36,44,0.0,0.0,,,38.7303472767925,0.0060026035453,-26.5996348465304,0.0078241885306,0.1643506041911,0.0290581382273,0.0,0.0,0.0,0.0,0.0,0.0,0.0,0.0,0,0,0,74f84b75-dba8-4735-9822-9e87550df5f6,0,0,0
37,15,0.0,0.0,,,38.6298084665185,0.0058660703961,-26.6059957388442,0.0078584136739,0.1903322236149,0.0290213792713,0.0,0.0,0.0,0.0,0.0,0.0,0.0,0.0,0,0,0,fa0fba43-db53-435a-9b2d-d58bd3181940,0,0,0
38,60,0.0,0.0,,,38.6172911408412,0.0060843561875,-26.6013304647556,0.0078294604092,0.150003513059,0.0282116174796,0.0,0.0,0.0,0.0,0.0,0.0,0.0,0.0,0,0,0,64a4ee75-631d-4c3e-92e0-c9016b80c299,0,0,0
39,80,0.0,0.0,,,38.6506675438249,0.0062482638281,-26.575562730383,0.0081488878699,0.2431316075564,0.030197087891,0.0,0.0,0.0,0.0,0.0,0.0,0.0,0.0,0,0,0,9a9dbb02-22f3-4110-8abe-d2ad0ebe31f6,0,0,0
40,28,0.0,0.0,,,38.7222864726604,0.0061080198619,-26.5179537207615,0.0080168543332,0.1559723253767,0.0273901594838,0.0,0.0,0.0,0.0,0.0,0.0,0.0,0.0,0,0,0,7e5fdc13-f10b-45fc-bd22-87453941e43f,0,0,0
41,9,0.0,0.0,,,38.7060068911764,0.0059966381655,-26.5556534669213,0.0080702863037,0.16123069656,0.0275230568063,0.0,0.0,0.0,0.0,0.0,0.0,0.0,0.0,0,0,0,fccc6126-2652-498a-85e4-935988e56820,0,0,0
42,90,0.0,0.0,,,38.7296599719957,0.0060612371272,-26.5837949605041,0.0078187317141,0.1781512777025,0.0282563307182,0.0,0.0,0.0,0.0,0.0,0.0,0.0,0.0,0,0,0,7b0d82ab-5804-43d4-ae6b-e0ddb642d40d,0,0,0
43,57,0.0,0.0,,,38.6441107589179,0.0060741095328,-26.5883222448206,0.0080270459203,0.1800178637136,0.0288560998949,0.0,0.0,0.0,0.0,0.0,0.0,0.0,0.0,0,0,0,a8ae5093-7cf0-43f3-ab6d-485dbc0bac17,0,0,0
44,43,0.0,0.0,,,38.729870347257,0.0060813152964,-26.533670891123,0.0080329875329,0.1462230809511,0.0242982623605,0.0,0.0,0.0,0.0,0.0,0.0,0.0,0.0,0,0,0,f9a50f5d-d8ef-4eb9-ba18-c32b05bcf9e4,0,0,0
45,96,0.0,0.0,,,38.6828111685714,0.0059778971686,-26.5996765599908,0.0078508471916,0.1607368337689,0.0297655300742,0.0,0.0,0.0,0.0,0.0,0.0,0.0,0.0,0,0,0,092029a6-a081-415e-9779-2c9303eae747,0,0,0
46,58,0.0,0.0,,,38.7054976647243,0.0060597488931,-26.5225076187663,0.0078309633521,0.1768070804235,0.0300038271632,0.0,0.0,0.0,0.0,0.0,0.0,0.0,0.0,0,0,0,6bf616a9-4faa-4b14-93c9-3373d4c226dc,0,0,0
47,92,0.0,0.0,,,38.6366859930584,0.0060560955269,-26.5708769270642,0.0080287366052,0.1678241379966,0.0309800705495,0.0,0.0,0.0,0.0,0.0,0.0,0.0,0.0,0,0,0,3139adf4-0d74-465c-bc30-1698374b04ec,0,0,0
48,8,0.0,0.0,,,38.6550343288985,0.0060429938535,-26.6122014275159,0.0078445565987,0.1666714241797,0.0294714416533,0.0,0.0,0.0,0.0,0.0,0.0,0.0,0.0,0,0,0,d6e3f089-164d-433d-82fd-f37e5c517f6c,0,0,0
49,60,0.0,0.0,,,38.6378152260967,0.0058830317625,-26.5647888378454,0.0079383422007,0.1808027000781,0.0306100176396,0.0,0.0,0.0,0.0,0.0,0.0,0.0,0.0,0,0,0,fd932a9a-b746-48c6-adf9-6a18f9ceaaf0,0,0,0
0,90,0.0,0.0,,,37.7048231683696,0.0053271453105,-28.8329224218515,0.008301689863,0.2102498420329,0.029675888797,0.0,0.0,0.0,0.0,0.0,0.0,0.0,0.0,0,0,0,0b50be68-a5da-4429-9ebc-bc5fb7da4edf,0,0,0
1,1,0.0,0.0,,,37.6894777935941,0.0052916759555,-28.8410062408912,0.0081380024004,0.1970482601519,0.0272504005801,0.0,0.0,0.0,0.0,0.0,0.0,0.0,0.0,0,0,0,dc7726f2-dd5e-47ec-a6e8-77d635e7fa58,0,0,0
2,19,0.0,0.0,,,37.7365106522485,0.0053643665133,-28.8962282524505,0.0083454497544,0.1524525856488,0.0274855716835,0.0,0.0,0.0,0.0,0.0,0.0,0.0,0.0,0,0,0,ae9f5ea3-4634-4bfd-8827-f552dfd695c0,0,0,0
3,84,0.0,0.0,,,37.629960178353,0.0051715481391,-28.7866813989274,0.0080342116814,0.1677273796514,0.0293785312259,0.0,0.0,0.0,0.0,0.0,0.0,0.0,0.0,0,0,0,76ccd17c-a272-4bac-bfed-05a7d7328c29,0,0,0
4,57,0.0,0.0,,,37.6784129144983,0.0053354745838,-28.8300393589301,0.0083760147745,0.2097545677225,0.0268830938398,0.0,0.0,0.0,0.0,0.0,0.0,0.0,0.0,0,0,0,3f357482-4897-4a53-a8de-30ca8114adcd,0,0,0
5,21,0.0,0.0,,,37.7797825876228,0.0051857652441,-28.868762417384,0.0083141639142,0.1520339377258,0.0268014563582,0.0,0.0,0.0,0.0,0.0,0.0,0.0,0.0,0,0,0,2fac4a38-7ce1-4c2c-9317-694dba7cd55f,0,0,0
6,83,0.0,0.0,,,37.7322381959158,0.0052820080046,-28.8843400325717,0.0080297788918,0.1941603772201,0.0278367314469,0.0,0.0,0.0,0.0,0.0,0.0,0.0,0.0,0,0,0,d2a8cd3d-2115-41ad-9ef0-23dadffd7152,0,0,0
7,71,0.0,0.0,,,37.6644238760199,0.0053703836329,-28.8841355523292,0.0080321207682,0.1459571880746,0.0278074051803,0.0,0.0,0.0,0.0,0.0,0.0,0.0,0.0,0,0,0,db3b8c48-634b-418f-8ed9-bf5e1e957278,0,0,0
8,12,0.0,0.0,,,37.6532493031862,0.0053757052708,-28.8586472644528,0.0084020421683,0.1886252158632,0.0276088116939,0.0,0.0,0.0,0.0,0.0,0.0,0.0,0.0,0,0,0,53e8364f-fe4c-4e9f-acdd-d15ccb4a1f4d,0,0,0
9,55,0.0,0.0,,,37.7023855402517,0.0051029541724,-28.82664057336,0.008296634791,0.2003391541079,0.0267874324868,0.0,0.0,0.0,0.0,0.0,0.0,0.0,0.0,0,0,0,ba9d3975-fd90-4bd0-9853-135048e11de9,0,0,0
10,96,0.0,0.0,,,37.7128606141319,0.0053977010991,-28.8242548848555,0.0083497428536,0.1325692948859,0.0268714533809,0.0,0.0,0.0,0.0,0.0,0.0,0.0,0.0,0,0,0,ac133fbd-a878-4458-8b82-25dad3b00f65,0,0,0
11,38,0.0,0.0,,,37.7115260298752,0.0053217732992,-28.8440915053399,0.0083803215473,0.155897305292,0.026296050041,0.0,0.0,0.0,0.0,0.0,0.0,0.0,0.0,0,0,0,d8c97f76-cd83-4f09-9ee9-226d003048c5,0,0,0
12,57,0.0,0.0,,,37.7506969229315,0.0052469328359,-28.8389429550981,0.008182223894,0.1370364552071,0.0258439576998,0.0,0.0,0.0,0.0,0.0,0.0,0.0,0.0,0,0,0,c41f8c66-d63a-479f-aa41-614d9d1d2a40,0,0,0
13,86,0.0,0.0,,,37.6744633680995,0.0053205493002,-28.8697452370058,0.008368220131,0.2077436926008,0.0285863028193,0.0,0.0,0.0,0.0,0.0,0.0,0.0,0.0,0,0,0,9ed34e2e-2e29-47cd-9ac4-0612cf7cc4d8,0,0,0
14,94,0.0,0.0,,,37.7295104083485,0.0054556772202,-28.8003455171788,0.0076997232691,0.202664607822,0.0288831087299,0.0,0.0,0.0,0.0,0.0,0.0,0.0,0.0,0,0,0,68c13531-f165-4f2a-a3e3-39c6df20ad22,0,0,0
15,42,0.0,0.0,,,37.6967640453709,0.0053275415293,-28.85118591977,0.0078235607777,0.1784861113478,0.0292025447219,0.0,0.0,0.0,0.0,0.0,0.0,0.0,0.0,0,0,0,aa36e84c-1aab-4420-8407-34f1a1e2723a,0,0,0
16,51,0.0,0.0,,,37.705925598044,0.0050402652291,-28.8132167598444,0.0080741639133,0.1581134703192,0.0261879126987,0.0,0.0,0.0,0.0,0.0,0.0,0.0,0.0,0,0,0,d96d24ca-ea6b-4bb5-bb6b-a4555ea108f1,0,0,0
17,30,0.0,0.0,,,37.6415980412765,0.0052454359106,-28.8692958568743,0.0085836909385,0.1915270995927,0.0261534408441,0.0,0.0,0.0,0.0,0.0,0.0,0.0,0.0,0,0,0,fc49b4ad-205b-4965-b333-eccc9ace9350,0,0,0
18,38,0.0,0.0,,,37.6160943514337,0.0053562257763,-28.8780144347832,0.0080716432357,0.1288443267327,0.0267278963965,0.0,0.0,0.0,0.0,0.0,0.0,0.0,0.0,0,0,0,b12d76fc-e807-453a-b48b-737035ebdf2e,0,0,0
19,87,0.0,0.0,,,37.6933777927253,0.0054086450612,-28.9072353834016,0.0083051483294,0.1851549862906,0.0254505269833,0.0,0.0,0.0,0.0,0.0,0.0,0.0,0.0,0,0,0,cd95dda0-2f66-4146-913e-07d17957bd68,0,0,0
20,24,0.0,0.0,,,37.7191729342823,0.0051368429639,-28.8027613900961,0.0081215793817,0.2160878360348,0.0292322589961,0.0,0.0,0.0,0.0,0.0,0.0,0.0,0.0,0,0,0,b3970bc8-33d5-4784-9ef7-d3ba91a05915,0,0,0
21,68,0.0,0.0,,,37.6832094855031,0.0053887117256,-28.8450634621733,0.0079798498703,0.1497523495045,0.0275171850814,0.0,0.0,0.0,0.0,0.0,0.0,0.0,0.0,0,0,0,4e08908a-e8f2-4baa-8aec-a4749c313d1c,0,0,0
22,26,0.0,0.0,,,37.6738780126183,0.0050726361633,-28.8658433162089,0.0081889483275,0.1380288286014,0.0275099149,0.0,0.0,0.0,0.0,0.0,0.0,0.0,0.0,0,0,0,74538a07-35d2-4b0b-b51d-528f89a31962,0,0,0
23,93,0.0,0.0,,,37.7369457392285,0.0052120476441,-28.8078490767733,0.0082279157506,0.1390059734497,0.0263466443837,0.0,0.0,0.0,0.0,0.0,0.0,0.0,0.0,0,0,0,d74288ad-375f-4f2b-9a58-4b8921b827ef,0,0,0
24,44,0.0,0.0,,,37.6688061008684,0.0053934353295,-28.8106251865518,0.0080559159549,0.1584454015211,0.0273795652446,0.0,0.0,0.0,0.0,0.0,0.0,0.0,0.0,0,0,0,e6783a7c-273b-46ed-a510-3cf8e47ff2ed,0,0,0
25,40,0.0,0.0,,,37.7198690623841,0.0052690183475,-28.9117376671916,0.0079721525427,0.1095337459056,0.0239162823664,0.0,0.0,0.0,0.0,0.0,0.0,0.0,0.0,0,0,0,b0051b31-b6b0-4db2-969a-755d74a47cd3,0,0,0
26,60,0.0,0.0,,,37.7618259704696,0.0052713944105,-28.869108118857,0.0079944456849,0.1693275482932,0.0271173677803,0.0,0.0,0.0,0.0,0.0,0.0,0.0,0.0,0,0,0,45825501-fe8d-4622-ba2b-c4b475434c69,0,0,0
27,47,0.0,0.0,,,37.7048239637264,0.0052770840677,-28.870258479238,0.0080224768974,0.1826468831598,0.0271540294206,0.0,0.0,0.0,0.0,0.0,0.0,0.0,0.0,0,0,0,5c217993-6430-4104-b4aa-4b8574dc9914,0,0,0
28,29,0.0,0.0,,,37.747941257228,0.0051256228757,-28.8632712590305,0.0081073432261,0.1440413255681,0.0259282276434,0.0,0.0,0.0,0.0,0.0,0.0,0.0,0.0,0,0,0,d550cc69-99db-45a1-a298-bb611b39eca7,0,0,0
29,19,0.0,0.0,,,37.6577843880954,0.0055199618129,-28.7806723136338,0.0080172436661,0.1641643810346,0.0285418303983,0.0,0.0,0.0,0.0,0.0,0.0,0.0,0.0,0,0,0,c938af7d-355b-450d-bae2-9cabde58e31f,0,0,0
30,33,0.0,0.0,,,37.7303490047689,0.0052537664915,-28.8868887140313,0.0086113136667,0.1945432013645,0.0275542661559,0.0,0.0,0.0,0.0,0.0,0.0,0.0,0.0,0,0,0,c188eb75-3031-4bc9-9dd3-ba948c2343db,0,0,0
31,82,0.0,0.0,,,37.7167409630502,0.0052905606405,-28.7783722939955,0.0082409282666,0.1936687708409,0.0289048013453,0.0,0.0,0.0,0.0,0.0,0.0,0.0,0.0,0,0,0,01bb75a2-ed03-4e9a-aa8e-4872f1bdcc22,0,0,0
32,56,0.0,0.0,,,37.7943801776198,0.0053968383989,-28.8724866028022,0.0080717878682,0.1030919820169,0.027592548492,0.0,0.0,0.0,0.0,0.0,0.0,0.0,0.0,0,0,0,bca56408-63cb-4e1c-90e2-f7684871e2d8,0,0,0
33,42,0.0,0.0,,,37.6944368413193,0.0051269138037,-28.7761222311457,0.0079938082821,0.196142630013,0.0285159028221,0.0,0.0,0.0,0.0,0.0,0.0,0.0,0.0,0,0,0,3787ff80-74cf-4886-b628-4a0bfb6f78f1,0,0,0
34,54,0.0,0.0,,,37.7106249583944,0.0054447987625,-28.7896912355105,0.0084221177156,0.1506547922685,0.026351475749,0.0,0.0,0.0,0.0,0.0,0.0,0.0,0.0,0,0,0,164c34ca-4c7d-439d-ac28-b87877211bd4,0,0,0
35,53,0.0,0.0,,,37.7006701963861,0.0052031479425,-28.7852565699987,0.0080550354638,0.2246728297557,0.0255796866319,0.0,0.0,0.0,0.0,0.0,0.0,0.0,0.0,0,0,0,f7480297-397e-4bb4-9b5d-f8c17803a945,0,0,0
36,70,0.0,0.0,,,37.7735631736061,0.005307130014,-28.8595967562973,0.0080586981345,0.1587871595536,0.025806104989,0.0,0.0,0.0,0.0,0.0,0.0,0.0,0.0,0,0,0,296fb5f6-7665-4e3e-be54-8aa9e90a4615,0,0,0
37,29,0.0,0.0,,,37.6931906574018,0.0052305532063,-28.8847995237011,0.0083581176327,0.1685263084125,0.0279907925429,0.0,0.0,0.0,0.0,0.0,0.0,0.0,0.0,0,0,0,1e922b19-16fa-47a0-8a7c-adf7b65eadce,0,0,0
38,35,0.0,0.0,,,37.7356035190473,0.0053958181202,-28.8377720691417,0.0083765558339,0.2020661369899,0.0268143906504,0.0,0.0,0.0,0.0,0.0,0.0,0.0,0.0,0,0,0,a3e95147-c871-49c9-a17b-969f6b6591cf,0,0,0
39,3,0.0,0.0,,,37.7644917471261,0.0051892258507,-28.947183479828,0.008388524463,0.1661532936776,0.0267971691849,0.0,0.0,0.0,0.0,0.0,0.0,0.0,0.0,0,0,0,225b1032-bbe3-4f84-9b36-3de5e658aed4,0,0,0
40,66,0.0,0.0,,,37.7690138094964,0.0051115475892,-28.8152978301198,0.0080591094415,0.2053986690322,0.0263626330944,0.0,0.0,0.0,0.0,0.0,0.0,0.0,0.0,0,0,0,67df578b-b828-4ca2-83b7-589f9866f90d,0,0,0
41,60,0.0,0.0,,,37.7261584195822,0.0051933946237,-28.8524909925933,0.0083344030841,0.1790044241371,0.0265722753967,0.0,0.0,0.0,0.0,0.0,0.0,0.0,0.0,0,0,0,1dd2e01d-3e08-4095-b79d-3d52b8731bc2,0,0,0
42,1,0.0,0.0,,,37.8375080584812,0.0051249947768,-28.8829286681003,0.0081710100291,0.134685391963,0.0289004523031,0.0,0.0,0.0,0.0,0.0,0.0,0.0,0.0,0,0,0,78617ffa-2526-4dc4-b6a7-d3c5611f954d,0,0,0
43,41,0.0,0.0,,,37.7484251093232,0.0051726606878,-28.8507930347567,0.0079643249207,0.1989799182585,0.0250293811377,0.0,0.0,0.0,0.0,0.0,0.0,0.0,0.0,0,0,0,4c339d46-9660-4edd-8c39-1bc1a3fca8d8,0,0,0
44,33,0.0,0.0,,,37.6875102457095,0.0051114221589,-28.8344126089615,0.0084385645767,0.1715750416222,0.0240793335316,0.0,0.0,0.0,0.0,0.0,0.0,0.0,0.0,0,0,0,07566c54-b63e-47ae-87e0-da2801b73b42,0,0,0
45,63,0.0,0.0,,,37.6806662288766,0.0052543610566,-28.8389455979195,0.0083299590055,0.1705988508666,0.0283578059445,0.0,0.0,0.0,0.0,0.0,0.0,0.0,0.0,0,0,0,6b46dcb5-6c6b-4610-b010-a22642766ad5,0,0,0
46,59,0.0,0.0,,,37.6527090103253,0.0051802301202,-28.8638072094942,0.0083187245106,0.2454050085301,0.0261081682608,0.0,0.0,0.0,0.0,0.0,0.0,0.0,0.0,0,0,0,887baf3b-bdcf-4537-8302-47437bf653de,0,0,0
47,7,0.0,0.0,,,37.6868838369881,0.0052597787742,-28.7952688369387,0.0083421126343,0.1429661046113,0.0293034189964,0.0,0.0,0.0,0.0,0.0,0.0,0.0,0.0,0,0,0,2b717427-f12c-4b52-a2db-9a2dc2e51bac,0,0,0
48,100,0.0,0.0,,,37.6669006255337,0.0055091167811,-28.8812942225473,0.008112294884,0.1354728476287,0.0279954388716,0.0,0.0,0.0,0.0,0.0,0.0,0.0,0.0,0,0,0,7b759c57-39b9-4c10-a093-d09a91a7b369,0,0,0
49,77,0.0,0.0,,,37.6569539725612,0.0052780718103,-28.8199471697568,0.0083068372854,0.1373824546818,0.0267464842194,0.0,0.0,0.0,0.0,0.0,0.0,0.0,0.0,0,0,0,aef0bf06-5319-49a1-8dca-020e5cafd45a,0,0,0
