island,source,background,local_rms,ra_str,dec_str,ra,err_ra,dec,err_dec,peak_flux,err_peak_flux,int_flux,err_int_flux,a,err_a,b,err_b,pa,err_pa,flags,residual_mean,residual_std,uuid,psf_a,psf_b,psf_pa
0,26,0.0,0.0,,,40.8132042557603,0.0019156959149,-27.502433590623,0.0020321605092,0.7861676786199,0.0373509580769,0.0,0.0,0.0,0.0,0.0,0.0,0.0,0.0,0,0,0,a2992e5d-f90a-44e8-aecc-9f8068fffba2,0,0,0
1,29,0.0,0.0,,,40.6920520304832,0.0019199620484,-27.5221423507074,0.0020017324034,0.830407899705,0.0385379008115,0.0,0.0,0.0,0.0,0.0,0.0,0.0,0.0,0,0,0,939aa75c-93de-4454-97e4-818e1effe643,0,0,0
2,81,0.0,0.0,,,40.796259521264,0.001957804896,-27.4290393262888,0.0019684556888,0.7108044429147,0.0379422499007,0.0,0.0,0.0,0.0,0.0,0.0,0.0,0.0,0,0,0,0cac8505-0464-4276-8e66-6b3529700fd8,0,0,0
3,77,0.0,0.0,,,40.7757818081036,0.0020563221898,-27.4306289877513,0.0019797220692,0.786640063419,0.0395070864808,0.0,0.0,0.0,0.0,0.0,0.0,0.0,0.0,0,0,0,d3ec90fc-615e-487a-9643-0303ea697bec,0,0,0
4,56,0.0,0.0,,,40.738077750962,0.0019889900969,-27.4385763066511,0.0019299238157,0.7504128324968,0.0371134846175,0.0,0.0,0.0,0.0,0.0,0.0,0.0,0.0,0,0,0,4508118f-04b3-4ca0-bcde-4985e36d9421,0,0,0
5,77,0.0,0.0,,,40.8272940383576,0.001979974294,-27.4797303847637,0.0019592830925,0.803547908173,0.0379633217934,0.0,0.0,0.0,0.0,0.0,0.0,0.0,0.0,0,0,0,3aba535b-245f-4d50-a227-6dbb3440a352,0,0,0
6,9,0.0,0.0,,,40.8087800463536,0.00196437372,-27.5156887984489,0.0019428186827,0.7269207446447,0.0347814603942,0.0,0.0,0.0,0.0,0.0,0.0,0.0,0.0,0,0,0,578ef1cf-e311-4bda-b0ed-7b8242c09977,0,0,0
7,64,0.0,0.0,,,40.787374604437,0.0019761535891,-27.5126171919743,0.0019906234633,0.7364623777088,0.0420344807648,0.0,0.0,0.0,0.0,0.0,0.0,0.0,0.0,0,0,0,78569cda-d0c4-4323-8edf-56a100ab312b,0,0,0
8,60,0.0,0.0,,,40.7668416596462,0.0019217725847,-27.4468719903112,0.0020396648812,0.8189460054914,0.0367553421028,0.0,0.0,0.0,0.0,0.0,0.0,0.0,0.0,0,0,0,2929b15f-6374-4181-8c26-1b420e258e30,0,0,0
9,92,0.0,0.0,,,40.8797692754055,0.0020577930901,-27.522269755259,0.0019648946878,0.7785109037909,0.0398213634613,0.0,0.0,0.0,0.0,0.0,0.0,0.0,0.0,0,0,0,607a4eac-d64f-429b-9f99-71fe610aef9f,0,0,0
0,95,0.0,0.0,,,38.3251699873073,0.0008407848224,-29.8587876146294,0.0011232024408,1.1169376032387,0.0305834406504,0.0,0.0,0.0,0.0,0.0,0.0,0.0,0.0,0,0,0,e836d86f-079c-4b8f-83c8-48e4935517b0,0,0,0
1,11,0.0,0.0,,,38.2789032404454,0.0008208053847,-29.844801441487,0.0011051896482,1.1333752631421,0.0313011714284,0.0,0.0,0.0,0.0,0.0,0.0,0.0,0.0,0,0,0,4dc711c4-cfcd-46b9-992d-f1a826798ac6,0,0,0
2,30,0.0,0.0,,,38.2334362317785,0.0008108124332,-29.988216770445,0.0011035360574,1.1204123257608,0.0312625579587,0.0,0.0,0.0,0.0,0.0,0.0,0.0,0.0,0,0,0,f5d4cfe4-0eec-4409-a72c-0f0ac1ce2f84,0,0,0
3,49,0.0,0.0,,,38.2807586607041,0.0008298698927,-29.9175300716638,0.0011270259488,1.1861320496309,0.0303372959709,0.0,0.0,0.0,0.0,0.0,0.0,0.0,0.0,0,0,0,307ae029-2b09-4d9d-abc1-98adf054ef0f,0,0,0
4,7,0.0,0.0,,,38.3697394221669,0.0008097003935,-29.9382739012773,0.001100306146,1.146828449677,0.0301508062819,0.0,0.0,0.0,0.0,0.0,0.0,0.0,0.0,0,0,0,a125de78-377c-49b0-ba83-478414119a2d,0,0,0
5,68,0.0,0.0,,,38.3556734040361,0.0008213369342,-29.9798946457526,0.001093234623,1.165962159544,0.0320274611054,0.0,0.0,0.0,0.0,0.0,0.0,0.0,0.0,0,0,0,d052a98b-a631-4aac-a567-0c6636229214,0,0,0
6,22,0.0,0.0,,,38.3332901721345,0.0008131566507,-29.9131203265289,0.0011049173804,1.1272437785938,0.0329640768513,0.0,0.0,0.0,0.0,0.0,0.0,0.0,0.0,0,0,0,130871a5-eae8-4505-9b58-78563bef3627,0,0,0
7,74,0.0,0.0,,,38.3018803932372,0.0008472651969,-29.9494781859922,0.0010921718288,1.176308655117,0.032181772777,0.0,0.0,0.0,0.0,0.0,0.0,0.0,0.0,0,0,0,27c97ee5-50b8-448b-86cf-166296bfeca1,0,0,0
8,87,0.0,0.0,,,38.3290074139698,0.0008196851687,-29.9438265817439,0.001132386485,1.1681701265152,0.031264774822,0.0,0.0,0.0,0.0,0.0,0.0,0.0,0.0,0,0,0,6d3c9016-84d8-4965-85c6-23efe0dac8cb,0,0,0
9,70,0.0,0.0,,,38.3875694342354,0.0008166176453,-30.0006178815937,0.0010881067719,1.1271133065222,0.0323337496213,0.0,0.0,0.0,0.0,0.0,0.0,0.0,0.0,0,0,0,af544f06-fa2a-407a-8006-11b11c1a3197,0,0,0
