island,source,background,local_rms,ra_str,dec_str,ra,err_ra,dec,err_dec,peak_flux,err_peak_flux,int_flux,err_int_flux,a,err_a,b,err_b,pa,err_pa,flags,residual_mean,residual_std,uuid,psf_a,psf_b,psf_pa
0,4,0.0,0.0,,,38.5875399829992,0.0015091005273,-27.4228243788039,0.0020312863121,0.6350478139444,0.0298182867701,0.0,0.0,0.0,0.0,0.0,0.0,0.0,0.0,0,0,0,2ab9bd13-6b1a-464b-b452-871dede18ab6,0,0,0
1,76,0.0,0.0,,,38.6198758436994,0.0014740040116,-27.4343378506101,0.0020454427384,0.6035320083665,0.0252005377954,0.0,0.0,0.0,0.0,0.0,0.0,0.0,0.0,0,0,0,1a27570c-a7b8-4537-8044-4733adb33899,0,0,0
2,66,0.0,0.0,,,38.6400588500923,0.0014910575219,-27.4512424472654,0.0020504925606,0.6010537128158,0.0276209325976,0.0,0.0,0.0,0.0,0.0,0.0,0.0,0.0,0,0,0,ba53a9be-d62b-4f27-92fc-341d6f3240fc,0,0,0
4,31,0.0,0.0,,,38.6578277785409,0.0015155999496,-27.4343548252569,0.0019578030634,0.5823877021977,0.0284502291784,0.0,0.0,0.0,0.0,0.0,0.0,0.0,0.0,0,0,0,e1ee421e-aa77-4c5c-954d-a301e08b5783,0,0,0
5,4,0.0,0.0,,,38.5826294593901,0.0015196490139,-27.4018146295185,0.0020322075546,0.605284709333,0.0317215962863,0.0,0.0,0.0,0.0,0.0,0.0,0.0,0.0,0,0,0,d67f6fec-0fe1-4a74-9b96-8587c3c68412,0,0,0
6,33,0.0,0.0,,,38.5606216371645,0.0014661545096,-27.3108599358258,0.0020591658131,0.6233947191322,0.0301701787165,0.0,0.0,0.0,0.0,0.0,0.0,0.0,0.0,0,0,0,4b310847-e69d-47a9-a049-f13787c2e3e8,0,0,0
7,9,0.0,0.0,,,38.5559062727962,0.001518890674,-27.4093254927955,0.0020415735933,0.5322671184792,0.0272249484476,0.0,0.0,0.0,0.0,0.0,0.0,0.0,0.0,0,0,0,d2b5bed0-616e-4605-9d4a-dc76f2f3745d,0,0,0
7,59,0.0,0.0,,,38.6707787887997,0.0018381988435,-27.2677910577895,0.0022479875005,0.4956237837525,0.0280616089021,0.0,0.0,0.0,0.0,0.0,0.0,0.0,0.0,0,0,0,811eb005-ea63-4be1-9ef7-a97080a26cde,0,0,0
8,14,0.0,0.0,,,38.7015613930314,0.0014943448128,-27.4794515880362,0.0020565614778,0.567443286748,0.0298031415435,0.0,0.0,0.0,0.0,0.0,0.0,0.0,0.0,0,0,0,e7bced14-2f88-462a-8473-aad64b2bcb72,0,0,0
9,74,0.0,0.0,,,38.6423059203623,0.0015681815475,-27.4399882980523,0.0020302372969,0.587126254523,0.0274038282226,0.0,0.0,0.0,0.0,0.0,0.0,0.0,0.0,0,0,0,63f9ff22-191d-4998-8830-8742aa5d2a73,0,0,0
0,68,0.0,0.0,,,38.5267981379276,0.0065668664337,-26.9775152116885,0.0076629819342,0.1603699027351,0.0276429219369,0.0,0.0,0.0,0.0,0.0,0.0,0.0,0.0,0,0,0,9ddb7173-4228-46f2-b8c4-7dbd502fe285,0,0,0
1,42,0.0,0.0,,,38.5833715586623,0.0066066912727,-26.9925830789595,0.0076507451239,0.2199748925839,0.0273228935322,0.0,0.0,0.0,0.0,0.0,0.0,0.0,0.0,0,0,0,f2326262-9755-4993-8102-fcfab5e0b409,0,0,0
2,98,0.0,0.0,,,38.540751947172,0.0066152009207,-26.9844431466681,0.0078279309555,0.1600970110937,0.0301442268351,0.0,0.0,0.0,0.0,0.0,0.0,0.0,0.0,0,0,0,62fab677-115f-4118-ad63-36a374ef1742,0,0,0
3,76,0.0,0.0,,,38.5885608678576,0.0063221729177,-27.0006457375892,0.0077166357391,0.1634895255084,0.0290451452935,0.0,0.0,0.0,0.0,0.0,0.0,0.0,0.0,0,0,0,ac5eef63-9f80-4d77-b44f-cc408a17059d,0,0,0
4,23,0.0,0.0,,,38.5802335860053,0.0063728168895,-27.0004126885642,0.0075071816819,0.1924922832169,0.0277940653365,0.0,0.0,0.0,0.0,0.0,0.0,0.0,0.0,0,0,0,e74ebd6b-96e6-4d85-b68e-70fb330de94c,0,0,0
5,31,0.0,0.0,,,38.6086191775224,0.0064145283572,-27.0066478015609,0.0073798036163,0.1379209419097,0.0260567126425,0.0,0.0,0.0,0.0,0.0,0.0,0.0,0.0,0,0,0,e7ab2cff-7137-4e3c-b31d-1f71427fc2fc,0,0,0
6,89,0.0,0.0,,,38.5543455980627,0.0067560639027,-27.0180094415358,0.0079807667783,0.1328932141035,0.0284409316811,0.0,0.0,0.0,0.0,0.0,0.0,0.0,0.0,0,0,0,d2584812-ddaa-40a5-8e5d-3d812296e0c1,0,0,0
8,88,0.0,0.0,,,38.5457098239616,0.0063500672176,-27.0143378795905,0.0077262012154,0.1590744775031,0.0278910929175,0.0,0.0,0.0,0.0,0.0,0.0,0.0,0.0,0,0,0,1a5e0c47-5937-4761-843b-539f37712894,0,0,0
9,41,0.0,0.0,,,38.4862922717537,0.0062878370765,-27.0071191494444,0.0078471000185,0.1506453521437,0.0282308396877,0.0,0.0,0.0,0.0,0.0,0.0,0.0,0.0,0,0,0,10f9c9ac-f7b4-4a7e-b573-42bd5d14ac51,0,0,0
9,56,0.0,0.0,,,38.7249860110935,0.0073222568047,-27.0993341272825,0.0064601062801,0.197741286728,0.0281808653969,0.0,0.0,0.0,0.0,0.0,0.0,0.0,0.0,0,0,0,09222914-cc09-46f3-858e-531024340e63,0,0,0
1,53,0.0,0.0,,,41.6651137838827,0.0076132787574,-29.2301854243749,0.0080003484055,0.2483388685201,0.0472237643079,0.0,0.0,0.0,0.0,0.0,0.0,0.0,0.0,0,0,0,e29e30ae-fc7c-4f43-b10f-5ab15d1960b2,0,0,0
2,89,0.0,0.0,,,41.6577868771226,0.0074158324532,-29.2804411434419,0.0074694639263,0.2507071257445,0.0502859809963,0.0,0.0,0.0,0.0,0.0,0.0,0.0,0.0,0,0,0,fd52c23c-54b9-456a-a9aa-e3e9c8ba45bb,0,0,0
3,35,0.0,0.0,,,41.753924987895,0.0060717017,-29.3918906468539,0.008302090883,0.2577300420712,0.0433595308769,0.0,0.0,0.0,0.0,0.0,0.0,0.0,0.0,0,0,0,98920466-f89d-47c5-9879-7c0b535adb85,0,0,0
4,93,0.0,0.0,,,41.7070421089217,0.0075545509961,-29.2842806296273,0.0080462074357,0.2996892391313,0.0485679399806,0.0,0.0,0.0,0.0,0.0,0.0,0.0,0.0,0,0,0,ad333dcd-4dac-46c6-a5ff-bcc02ef7e88b,0,0,0
5,8,0.0,0.0,,,41.726513418392,0.0073633026615,-29.2954627730473,0.0078894989272,0.370466957181,0.0455674147313,0.0,0.0,0.0,0.0,0.0,0.0,0.0,0.0,0,0,0,c58a9663-787a-4f87-9a4c-5422e3d14f3c,0,0,0
5,81,0.0,0.0,,,41.7372500310849,0.005933739228,-29.3785033158287,0.0086700487859,0.2589623297298,0.0464137163069,0.0,0.0,0.0,0.0,0.0,0.0,0.0,0.0,0,0,0,802fbc0e-8f06-486a-b645-8e39e55f8238,0,0,0
6,15,0.0,0.0,,,41.7103436743501,0.0060558759426,-29.3678506192383,0.0082419460401,0.2970217018151,0.0403024299157,0.0,0.0,0.0,0.0,0.0,0.0,0.0,0.0,0,0,0,4e3ecc71-b409-4615-98f3-527f75c52305,0,0,0
8,81,0.0,0.0,,,41.7642427261511,0.007193245979,-29.3448337471282,0.0077487924629,0.3382925339874,0.0483505555972,0.0,0.0,0.0,0.0,0.0,0.0,0.0,0.0,0,0,0,6987fec8-901d-482a-abf9-c84ecd6ce423,0,0,0
9,65,0.0,0.0,,,41.7241705826678,0.0075165423245,-29.2713304192391,0.008322852416,0.2002831422816,0.0519929970274,0.0,0.0,0.0,0.0,0.0,0.0,0.0,0.0,0,0,0,29a106ab-1277-420e-9ae6-3089aba176aa,0,0,0
9,83,0.0,0.0,,,41.7358713082597,0.0060956783663,-29.3594362931926,0.0085225267443,0.2716332562168,0.0381725675828,0.0,0.0,0.0,0.0,0.0,0.0,0.0,0.0,0,0,0,01c468d3-a06e-4f13-a77e-053f4b47ed71,0,0,0
