island,source,background,local_rms,ra_str,dec_str,ra,err_ra,dec,err_dec,peak_flux,err_peak_flux,int_flux,err_int_flux,a,err_a,b,err_b,pa,err_pa,flags,residual_mean,residual_std,uuid,psf_a,psf_b,psf_pa
0,24,0.0,0.0,,,38.695695777156,0.007768147871,-27.0627050532365,0.0063985387979,0.1998199258342,0.0285491653884,0.0,0.0,0.0,0.0,0.0,0.0,0.0,0.0,0,0,0,d6e9cf35-35aa-4cb7-ac45-4c3e329ac532,0,0,0
1,63,0.0,0.0,,,38.6686859084268,0.0077707024236,-27.0777333845878,0.0066510268227,0.1873511390748,0.0279586418267,0.0,0.0,0.0,0.0,0.0,0.0,0.0,0.0,0,0,0,8407acc9-fdc7-4152-af2a-9a5e28ec2a54,0,0,0
2,24,0.0,0.0,,,38.6603017017702,0.007767032528,-27.072491518447,0.006408814461,0.1928486220457,0.0266037877117,0.0,0.0,0.0,0.0,0.0,0.0,0.0,0.0,0,0,0,12215f0f-9b0e-4a49-8abd-2d852daba222,0,0,0
3,90,0.0,0.0,,,38.6642274278092,0.0075213848125,-27.0396158800775,0.0065250339205,0.1953430550352,0.0296375395311,0.0,0.0,0.0,0.0,0.0,0.0,0.0,0.0,0,0,0,a86864ef-f06d-46ed-b654-7ceca0b12cc6,0,0,0
4,67,0.0,0.0,,,38.7397281888327,0.007492909787,-27.0357748195804,0.006331338213,0.1892207070684,0.0273502408903,0.0,0.0,0.0,0.0,0.0,0.0,0.0,0.0,0,0,0,8d79c8a9-bb2e-4882-8a23-bfdca8d38296,0,0,0
5,14,0.0,0.0,,,38.6745096670443,0.007808572995,-27.0368359331023,0.0067203104696,0.164698615855,0.030178578954,0.0,0.0,0.0,0.0,0.0,0.0,0.0,0.0,0,0,0,f8b552a7-9400-4947-9a97-eccdfd13f662,0,0,0
6,14,0.0,0.0,,,38.6802936926779,0.0075407767299,-26.9942980990267,0.0066145307953,0.1758848670243,0.0318342603277,0.0,0.0,0.0,0.0,0.0,0.0,0.0,0.0,0,0,0,a97f11d9-f2b1-488c-8b4b-902c5c175b5c,0,0,0
7,30,0.0,0.0,,,38.6894554432012,0.007782758501,-26.994857435712,0.006344133075,0.167413671334,0.0265665660939,0.0,0.0,0.0,0.0,0.0,0.0,0.0,0.0,0,0,0,dd5153d8-e415-4d41-859e-61e4ec8de1c1,0,0,0
7,52,0.0,0.0,,,38.6470646788438,0.0065734749056,-27.0838642960359,0.0076891146773,0.2041596074707,0.0292427817788,0.0,0.0,0.0,0.0,0.0,0.0,0.0,0.0,0,0,0,1424bd7c-9991-4132-8d1a-29596fb47613,0,0,0
8,23,0.0,0.0,,,38.7150857519603,0.0079018319913,-27.0372075591923,0.0063731986153,0.1769373343234,0.027916959719,0.0,0.0,0.0,0.0,0.0,0.0,0.0,0.0,0,0,0,e9911c00-8b9e-46d2-bc86-659813f7517d,0,0,0
0,35,0.0,0.0,,,41.6297199239833,0.0062195292017,-29.3021348697426,0.0084861120278,0.2652718806358,0.0397052359698,0.0,0.0,0.0,0.0,0.0,0.0,0.0,0.0,0,0,0,a8e10098-170b-4599-a4b0-4cdfe9d0eb1f,0,0,0
0,86,0.0,0.0,,,41.7441655221303,0.0073704326062,-29.2995530815745,0.0072244540468,0.2379924061126,0.0440407288778,0.0,0.0,0.0,0.0,0.0,0.0,0.0,0.0,0,0,0,968c085e-eef0-4ab9-a59d-83829b4916ad,0,0,0
1,14,0.0,0.0,,,41.6777125819964,0.0061980815655,-29.3078728093406,0.0081648255935,0.2454463774918,0.0460492821668,0.0,0.0,0.0,0.0,0.0,0.0,0.0,0.0,0,0,0,198685ac-533c-4929-83c3-f4ec163154fb,0,0,0
2,21,0.0,0.0,,,41.5641077015385,0.0060282193255,-29.2667678292376,0.0083346118845,0.2962433985908,0.0409649237741,0.0,0.0,0.0,0.0,0.0,0.0,0.0,0.0,0,0,0,012b6ef0-1ff6-4d7d-8501-1c3350d95073,0,0,0
3,26,0.0,0.0,,,41.673265729107,0.0075723365687,-29.2998915815299,0.0076883459036,0.1898412204295,0.0494282882359,0.0,0.0,0.0,0.0,0.0,0.0,0.0,0.0,0,0,0,5d2efdc8-3786-479f-8088-b0e98d28528e,0,0,0
4,33,0.0,0.0,,,41.6563572119373,0.0059428697484,-29.3386090532294,0.008210438386,0.2995553289299,0.0414725196635,0.0,0.0,0.0,0.0,0.0,0.0,0.0,0.0,0,0,0,ac4890fa-0d75-48c4-9d4a-8d0865d8ce68,0,0,0
6,20,0.0,0.0,,,41.7900569225558,0.0073208754938,-29.2742081920531,0.0077118310275,0.2079230380447,0.0464091890337,0.0,0.0,0.0,0.0,0.0,0.0,0.0,0.0,0,0,0,cc98575f-022a-46f8-a40d-9eeca3c88f77,0,0,0
7,39,0.0,0.0,,,41.6201541745119,0.0059883090643,-29.2836976251475,0.0081916878452,0.286257163573,0.0418050859771,0.0,0.0,0.0,0.0,0.0,0.0,0.0,0.0,0,0,0,1852b130-fcaa-45a4-87e3-63f026b6775b,0,0,0
7,67,0.0,0.0,,,41.6309545837546,0.0075512807715,-29.3247978980069,0.0076690341546,0.3186877663634,0.0421788528597,0.0,0.0,0.0,0.0,0.0,0.0,0.0,0.0,0,0,0,51163d9d-4db5-4f5c-b327-33d7c1438a7c,0,0,0
8,24,0.0,0.0,,,41.624479867687,0.0062727570042,-29.3398633289336,0.0084604099252,0.2560312096541,0.0458455159494,0.0,0.0,0.0,0.0,0.0,0.0,0.0,0.0,0,0,0,fb7324ae-bf74-41d1-bde7-f6a6d4c98b1e,0,0,0
