island,source,background,local_rms,ra_str,dec_str,ra,err_ra,dec,err_dec,peak_flux,err_peak_flux,int_flux,err_int_flux,a,err_a,b,err_b,pa,err_pa,flags,residual_mean,residual_std,uuid,psf_a,psf_b,psf_pa
0,6,0.0,0.0,,,37.795488247942,0.0012027984049,-27.3631036776135,0.0016275294774,0.7614173723199,0.0264553598531,0.0,0.0,0.0,0.0,0.0,0.0,0.0,0.0,0,0,0,44afe73c-670c-4e67-b369-6d34a1496bd5,0,0,0
1,62,0.0,0.0,,,37.8291630179057,0.0012237066169,-27.3811759524782,0.001673377154,0.772320049743,0.0250039352769,0.0,0.0,0.0,0.0,0.0,0.0,0.0,0.0,0,0,0,cb1b138d-7117-4318-a8f0-164cffa76bb5,0,0,0
2,73,0.0,0.0,,,37.811370128343,0.0012032466506,-27.3686725529243,0.0017924505991,0.6861708892506,0.0276639251277,0.0,0.0,0.0,0.0,0.0,0.0,0.0,0.0,0,0,0,6476fc0d-e142-4d27-a2cb-22fd0f2a8682,0,0,0
3,6,0.0,0.0,,,37.8817922096007,0.0012643948775,-27.3546555458149,0.0016847608283,0.7053725724756,0.0268064949286,0.0,0.0,0.0,0.0,0.0,0.0,0.0,0.0,0,0,0,ee139850-a731-436f-8828-435159d2288d,0,0,0
4,41,0.0,0.0,,,37.8655289922316,0.0012043291671,-27.3900331726159,0.0016805721011,0.7257613748815,0.028217434714,0.0,0.0,0.0,0.0,0.0,0.0,0.0,0.0,0,0,0,dfa13543-a88e-4ebe-81a8-2d879284b2a5,0,0,0
5,6,0.0,0.0,,,37.8131521107708,0.0012167220341,-27.401154516114,0.0017195475627,0.7256318067011,0.0278567816153,0.0,0.0,0.0,0.0,0.0,0.0,0.0,0.0,0,0,0,88ce4a70-702f-49ab-b68d-1830079c2ef5,0,0,0
6,21,0.0,0.0,,,37.8363344729143,0.0012382337273,-27.3152174094885,0.0016737497381,0.7427821514558,0.0296570861808,0.0,0.0,0.0,0.0,0.0,0.0,0.0,0.0,0,0,0,1e69f1c5-851a-4487-993a-45751b961299,0,0,0
7,95,0.0,0.0,,,37.8856705067749,0.0012135713858,-27.4461480968097,0.0017359376836,0.7665749619566,0.0292923737194,0.0,0.0,0.0,0.0,0.0,0.0,0.0,0.0,0,0,0,1158eca6-3126-4a35-9d09-19118c324664,0,0,0
8,80,0.0,0.0,,,37.7977428232223,0.0012003628458,-27.3672449142232,0.0016903840972,0.7230807920273,0.0290226364027,0.0,0.0,0.0,0.0,0.0,0.0,0.0,0.0,0,0,0,7d84e8c3-fbb9-4ddc-8ef0-ef0cea012f9a,0,0,0
9,8,0.0,0.0,,,37.7819846578018,0.0012422019839,-27.346031863336,0.0017380848247,0.7418193715931,0.02844368379,0.0,0.0,0.0,0.0,0.0,0.0,0.0,0.0,0,0,0,f669a373-5eca-4c6a-b2f4-38d5ff3f566c,0,0,0
0,13,0.0,0.0,,,39.2493938066679,0.0010304377704,-28.4822119765379,0.0015129575334,1.0109698790796,0.0326702222456,0.0,0.0,0.0,0.0,0.0,0.0,0.0,0.0,0,0,0,eea7cd91-716d-4684-b6fd-87bd48153394,0,0,0
1,48,0.0,0.0,,,39.3258894601056,0.0010694238923,-28.5561435693062,0.0015356599207,0.9911833080104,0.0297697674394,0.0,0.0,0.0,0.0,0.0,0.0,0.0,0.0,0,0,0,884de98d-aa7d-403b-ab90-5e1e9335c363,0,0,0
2,58,0.0,0.0,,,39.3493372413276,0.0010456720831,-28.610653559353,0.0016414774165,1.0157160675894,0.0313518427294,0.0,0.0,0.0,0.0,0.0,0.0,0.0,0.0,0,0,0,8e6382b2-cea6-442c-9521-81922b3567ab,0,0,0
3,4,0.0,0.0,,,39.2181645551035,0.0010446693454,-28.5067642817518,0.0015187236261,0.9255195848607,0.0323102874566,0.0,0.0,0.0,0.0,0.0,0.0,0.0,0.0,0,0,0,bb47a5a8-f82f-418f-994f-8ab8e49174b3,0,0,0
4,19,0.0,0.0,,,39.2270418525955,0.0010210523582,-28.5821500027234,0.0015806591626,0.9582328486902,0.0309069902007,0.0,0.0,0.0,0.0,0.0,0.0,0.0,0.0,0,0,0,d3f704f7-03d2-4029-b0b0-0387d6baf1c6,0,0,0
5,80,0.0,0.0,,,39.231321094811,0.0010340829883,-28.6018441123742,0.001473209006,0.9604808719662,0.0306884795307,0.0,0.0,0.0,0.0,0.0,0.0,0.0,0.0,0,0,0,e36c9f4f-7f52-490a-a7fc-65ecc9189bed,0,0,0
6,0,0.0,0.0,,,39.1642859545058,0.0010089348307,-28.5897309684253,0.0015262387171,1.0505230666845,0.0304002376715,0.0,0.0,0.0,0.0,0.0,0.0,0.0,0.0,0,0,0,bc920971-fee9-42c2-9ece-600a024c4598,0,0,0
7,50,0.0,0.0,,,39.2277382621457,0.0010596752247,-28.6393065469568,0.0015691196069,0.9859081830803,0.032006522684,0.0,0.0,0.0,0.0,0.0,0.0,0.0,0.0,0,0,0,bf9ab3b8-db44-41c5-a167-253ba941821e,0,0,0
8,89,0.0,0.0,,,39.2485080595805,0.0010661388184,-28.5766218850161,0.0015436573248,0.9954473763181,0.0320366817187,0.0,0.0,0.0,0.0,0.0,0.0,0.0,0.0,0,0,0,7aa27a85-f389-430c-9807-eac22a2925cf,0,0,0
9,90,0.0,0.0,,,39.2921738425156,0.0010732572367,-28.5631638600061,0.0015526858291,0.9832604359853,0.031213867297,0.0,0.0,0.0,0.0,0.0,0.0,0.0,0.0,0,0,0,ee3d40f8-289a-46d5-9202-5f623e3ed5c2,0,0,0
0,18,0.0,0.0,,,38.4785055885176,0.000694920059,-29.7438170366062,0.0008164628136,1.4546264949165,0.0290143476506,0.0,0.0,0.0,0.0,0.0,0.0,0.0,0.0,0,0,0,fe8f8796-b627-4428-b859-6bca713fb414,0,0,0
1,12,0.0,0.0,,,38.4562435266216,0.0006703505486,-29.715709009614,0.0008685431968,1.5432958401351,0.0312444232841,0.0,0.0,0.0,0.0,0.0,0.0,0.0,0.0,0,0,0,270d176c-bfef-4107-9f1f-cdabe6d38a39,0,0,0
2,15,0.0,0.0,,,38.4701870020902,0.0007040174796,-29.6868035763813,0.0008556224555,1.4763191851062,0.0324546606759,0.0,0.0,0.0,0.0,0.0,0.0,0.0,0.0,0,0,0,1af9a8ab-7e18-413a-970e-f6d4717bf1ea,0,0,0
3,17,0.0,0.0,,,38.5614484705261,0.0006785228721,-29.6632454341809,0.0008392062431,1.502539822435,0.029080693797,0.0,0.0,0.0,0.0,0.0,0.0,0.0,0.0,0,0,0,dbca0c9e-5d84-45ab-aaad-7b0e507f7c6e,0,0,0
4,35,0.0,0.0,,,38.5090229521981,0.0006650178542,-29.7235273796511,0.0008404192499,1.5250611616038,0.0307682458075,0.0,0.0,0.0,0.0,0.0,0.0,0.0,0.0,0,0,0,af844469-8028-49c3-97ed-dc978f605861,0,0,0
5,16,0.0,0.0,,,38.483768953918,0.0006737872285,-29.7495311527646,0.0008543384754,1.4434841989396,0.0309131809566,0.0,0.0,0.0,0.0,0.0,0.0,0.0,0.0,0,0,0,8fc7a8dc-4c37-4032-88e0-bae8cae43146,0,0,0
6,94,0.0,0.0,,,38.5367008940803,0.0006851654781,-29.6923999138296,0.0008468081389,1.5134574376492,0.0309792412348,0.0,0.0,0.0,0.0,0.0,0.0,0.0,0.0,0,0,0,94e09558-f25f-488e-90b4-5ed616f8725d,0,0,0
7,36,0.0,0.0,,,38.4960660454335,0.0006938291725,-29.7160716142804,0.0008391722627,1.5037171524478,0.0330480951952,0.0,0.0,0.0,0.0,0.0,0.0,0.0,0.0,0,0,0,cde1f63f-ba7f-447b-a0a0-11556b6cd394,0,0,0
8,26,0.0,0.0,,,38.5232645639549,0.0006599947935,-29.7196116519114,0.0008341467903,1.4301288499575,0.0304868541874,0.0,0.0,0.0,0.0,0.0,0.0,0.0,0.0,0,0,0,dfcc51fd-e78d-4c68-be59-be33f282781f,0,0,0
9,39,0.0,0.0,,,38.5706566867022,0.000690934337,-29.7595280098514,0.000800502618,1.5051680757405,0.0343129753244,0.0,0.0,0.0,0.0,0.0,0.0,0.0,0.0,0,0,0,6d9a9d82-bbb6-4084-9dfa-7e1ffa552a56,0,0,0
0,42,0.0,0.0,,,39.0243273260408,0.0003100352295,-28.7910096901827,0.0003886732835,3.437683765416,0.0332647741247,0.0,0.0,0.0,0.0,0.0,0.0,0.0,0.0,0,0,0,dd2d898a-c1a1-4999-a4a0-b5a943cd7b1a,0,0,0
1,82,0.0,0.0,,,39.0125181170743,0.000316773541,-28.7944969263672,0.0003835355548,3.4653926957472,0.0326935553953,0.0,0.0,0.0,0.0,0.0,0.0,0.0,0.0,0,0,0,76e76b34-8f0e-4e84-88c3-acca8527a54f,0,0,0
2,68,0.0,0.0,,,39.0613412637784,0.0002935119518,-28.8524260601156,0.0003903423038,3.4902940107731,0.0312586002448,0.0,0.0,0.0,0.0,0.0,0.0,0.0,0.0,0,0,0,ecdbc283-0196-4205-8360-8d8547c34fe3,0,0,0
3,70,0.0,0.0,,,38.9881875462545,0.0003012404321,-28.8307065853214,0.0003800436177,3.4493597804312,0.0312748107683,0.0,0.0,0.0,0.0,0.0,0.0,0.0,0.0,0,0,0,717c2cfc-78ca-4d22-bc37-2b0825af82c1,0,0,0
4,22,0.0,0.0,,,38.994867969444,0.0003151130698,-28.8762721867875,0.0003881470712,3.4604659919335,0.0327866484992,0.0,0.0,0.0,0.0,0.0,0.0,0.0,0.0,0,0,0,d4d8ae67-99a0-4eda-97e2-9abe80330991,0,0,0
5,91,0.0,0.0,,,39.1239196682663,0.0003139453212,-28.8201166034458,0.0004030953792,3.4799700073234,0.0326784853018,0.0,0.0,0.0,0.0,0.0,0.0,0.0,0.0,0,0,0,a95eba2a-de8b-4d65-92a0-815d2a4d2147,0,0,0
6,84,0.0,0.0,,,38.9400281235369,0.0003211431323,-28.8683342355436,0.000392589151,3.46653688029,0.032908176267,0.0,0.0,0.0,0.0,0.0,0.0,0.0,0.0,0,0,0,082a82c8-6bf6-4aa7-b7b2-7c0f830d769c,0,0,0
7,99,0.0,0.0,,,38.9992402264588,0.0003103620495,-28.9004878636844,0.0003832399479,3.5006573738026,0.0341325223121,0.0,0.0,0.0,0.0,0.0,0.0,0.0,0.0,0,0,0,c01bad21-aa6e-4655-b092-9ebf441ad8b6,0,0,0
8,83,0.0,0.0,,,39.026400903248,0.0003029304903,-28.8121006681697,0.000379490042,3.5475614953048,0.0318285523505,0.0,0.0,0.0,0.0,0.0,0.0,0.0,0.0,0,0,0,f2c9deb9-1251-46a4-b4a4-15b3c49d8967,0,0,0
9,69,0.0,0.0,,,38.9978812959571,0.0002991699799,-28.8352828592163,0.0003905313539,3.4160958173409,0.0337804275762,0.0,0.0,0.0,0.0,0.0,0.0,0.0,0.0,0,0,0,72a1c928-0395-4b48-9725-87f7964a4365,0,0,0
0,43,0.0,0.0,,,39.983737705364,0.0007722312136,-26.7480122110378,0.0008814464984,1.4427528273224,0.0296610217478,0.0,0.0,0.0,0.0,0.0,0.0,0.0,0.0,0,0,0,029ade75-8c75-43b6-8da3-5117c57dabca,0,0,0
1,98,0.0,0.0,,,39.9959944377882,0.0007680129903,-26.7874218529573,0.0008722686178,1.409429712708,0.0310004713371,0.0,0.0,0.0,0.0,0.0,0.0,0.0,0.0,0,0,0,805c5a40-c5b9-4d17-bdc4-25ae4b60f15f,0,0,0
2,54,0.0,0.0,,,39.950736050767,0.000788437438,-26.6858401782361,0.0008681979518,1.470297400167,0.0302632204196,0.0,0.0,0.0,0.0,0.0,0.0,0.0,0.0,0,0,0,b2c602bf-f062-4949-85be-c34c972d4051,0,0,0
3,0,0.0,0.0,,,39.976903147,0.0007596061931,-26.808695143124,0.0008823246891,1.5257619529998,0.0316603590418,0.0,0.0,0.0,0.0,0.0,0.0,0.0,0.0,0,0,0,a2fe6d8f-a861-4bb4-b165-b2ec148de5a8,0,0,0
4,14,0.0,0.0,,,40.0142722648488,0.0007577452645,-26.7436176858286,0.0009028376915,1.4786190709901,0.0334057684749,0.0,0.0,0.0,0.0,0.0,0.0,0.0,0.0,0,0,0,992ef939-1789-4602-b657-79c0db66c85d,0,0,0
5,63,0.0,0.0,,,39.9144253246511,0.0007708315284,-26.7512758294419,0.0008910106233,1.3695240155585,0.0309616308319,0.0,0.0,0.0,0.0,0.0,0.0,0.0,0.0,0,0,0,ba1f5376-cc9f-4fd3-909f-ed0dfa294dbe,0,0,0
6,75,0.0,0.0,,,39.9724652769817,0.0007587809001,-26.7564025193775,0.0008874584155,1.4206678884261,0.0325734283545,0.0,0.0,0.0,0.0,0.0,0.0,0.0,0.0,0,0,0,7a0d04bb-c4e7-4af4-aef8-859ac3fd1be0,0,0,0
7,84,0.0,0.0,,,39.8997143413655,0.0007193739356,-26.7251187676841,0.0008920061079,1.4063202734647,0.0310062252898,0.0,0.0,0.0,0.0,0.0,0.0,0.0,0.0,0,0,0,49d1c59c-4af3-42ee-8cbc-0de165c4acdc,0,0,0
8,74,0.0,0.0,,,39.9194495910578,0.0007629562402,-26.7740080209237,0.0008869021243,1.4474650095329,0.0302680659998,0.0,0.0,0.0,0.0,0.0,0.0,0.0,0.0,0,0,0,ae857a19-24c9-48f7-a647-bec228be9baf,0,0,0
9,40,0.0,0.0,,,39.9404539668467,0.0007643846172,-26.8025195883901,0.000862717664,1.4747208985519,0.0300112270878,0.0,0.0,0.0,0.0,0.0,0.0,0.0,0.0,0,0,0,3acc4ff7-6fed-4c47-84e1-e7bc83fd69e3,0,0,0
0,47,0.0,0.0,,,37.074583986374,0.0004720327743,-29.0491627244383,0.0005977438313,1.8966438989967,0.0281444430869,0.0,0.0,0.0,0.0,0.0,0.0,0.0,0.0,0,0,0,944bbb12-6386-4b37-a16f-72371a777583,0,0,0
1,84,0.0,0.0,,,36.995835720964,0.0004735536767,-29.1049966104304,0.0006036531535,1.9285762003144,0.0276487374414,0.0,0.0,0.0,0.0,0.0,0.0,0.0,0.0,0,0,0,09b9a2aa-72d2-4ae5-85b5-8637faf62999,0,0,0
2,94,0.0,0.0,,,37.0339675457799,0.0004729993706,-29.1083963921248,0.0005883136593,1.911693458333,0.0255802270079,0.0,0.0,0.0,0.0,0.0,0.0,0.0,0.0,0,0,0,0d78f07b-9e88-44ec-9046-f058cf7bb706,0,0,0
3,41,0.0,0.0,,,37.034127648935,0.000471490094,-29.0780688577826,0.0005816296511,1.8862040647937,0.028108659724,0.0,0.0,0.0,0.0,0.0,0.0,0.0,0.0,0,0,0,d3b998c9-8c5a-4099-9c5c-44ad314d3f87,0,0,0
4,65,0.0,0.0,,,36.9897876479523,0.0004753432228,-29.0275549051031,0.0005862737354,1.9290261189488,0.0298473589234,0.0,0.0,0.0,0.0,0.0,0.0,0.0,0.0,0,0,0,6cae452d-1375-40e8-a7ad-69d9aea280ae,0,0,0
5,38,0.0,0.0,,,37.115181977199,0.0004666450507,-29.1179982758009,0.0006068035385,1.928136604302,0.027339979779,0.0,0.0,0.0,0.0,0.0,0.0,0.0,0.0,0,0,0,6bfe99a5-1ddc-427c-9483-76b4180dc70d,0,0,0
6,77,0.0,0.0,,,37.0588309902311,0.0004772708054,-29.1214929650332,0.0006085849918,1.8760180756575,0.0282457049708,0.0,0.0,0.0,0.0,0.0,0.0,0.0,0.0,0,0,0,e485066d-db50-49fe-bb4d-95ce9766bf10,0,0,0
7,90,0.0,0.0,,,37.0776996908009,0.0004766419685,-29.0296618487983,0.0005931476328,1.9118187280462,0.0284122303802,0.0,0.0,0.0,0.0,0.0,0.0,0.0,0.0,0,0,0,1d787db6-782f-46db-8a33-c4843930cb15,0,0,0
8,52,0.0,0.0,,,37.1251923015316,0.0004658059862,-29.0636792502634,0.0005735652298,1.9200362563002,0.0284636068583,0.0,0.0,0.0,0.0,0.0,0.0,0.0,0.0,0,0,0,07b582b7-29d7-4d59-851d-b489b220a060,0,0,0
9,77,0.0,0.0,,,37.0583792788761,0.0004756597215,-29.0803797590205,0.0005928561991,1.9838430281955,0.0292579462066,0.0,0.0,0.0,0.0,0.0,0.0,0.0,0.0,0,0,0,40bf7e4b-68a5-437c-8ea2-0ba3186bd896,0,0,0
0,52,0.0,0.0,,,41.9846096007851,0.0007654877067,-29.5057473297205,0.0008468593963,2.1892044139145,0.0417555065008,0.0,0.0,0.0,0.0,0.0,0.0,0.0,0.0,0,0,0,855fc911-0b0d-4cce-9576-aa4ec615fe63,0,0,0
1,31,0.0,0.0,,,42.0475674258641,0.0007618933399,-29.4455141744234,0.0008392453667,2.3015952836291,0.043694938272,0.0,0.0,0.0,0.0,0.0,0.0,0.0,0.0,0,0,0,bb195098-1402-484e-abca-5e27847f35fd,0,0,0
2,9,0.0,0.0,,,42.0505426389145,0.0007947670159,-29.4886435215946,0.0008231619557,2.2303687341126,0.0441306749486,0.0,0.0,0.0,0.0,0.0,0.0,0.0,0.0,0,0,0,bb411f4e-302e-42e4-9e96-a1759f1ef2b7,0,0,0
3,2,0.0,0.0,,,42.0314144955741,0.0007910636565,-29.5747076109945,0.0008366486116,2.2786393017401,0.0434559412203,0.0,0.0,0.0,0.0,0.0,0.0,0.0,0.0,0,0,0,e73a3226-4462-4e71-8ee5-50b0b588b8b2,0,0,0
4,10,0.0,0.0,,,41.9810329134746,0.0007415443607,-29.5350096638037,0.0008294516766,2.2361503636108,0.0484738302659,0.0,0.0,0.0,0.0,0.0,0.0,0.0,0.0,0,0,0,8345dade-258e-4851-ad4a-89b655968b68,0,0,0
5,13,0.0,0.0,,,41.9654927645532,0.000757708315,-29.442676804078,0.0008808595748,2.2273543671349,0.0466649810267,0.0,0.0,0.0,0.0,0.0,0.0,0.0,0.0,0,0,0,dfe62ea1-7332-403c-8e78-fe5e8f32972e,0,0,0
6,58,0.0,0.0,,,42.0552289874583,0.0007671577039,-29.5049163383273,0.0008562722566,2.22652380733,0.0434382108398,0.0,0.0,0.0,0.0,0.0,0.0,0.0,0.0,0,0,0,982477a4-6429-4d31-8ccc-03d953d432e5,0,0,0
7,55,0.0,0.0,,,42.044091033707,0.0008122347464,-29.5440996350986,0.0008291224554,2.2253192677154,0.0446527003803,0.0,0.0,0.0,0.0,0.0,0.0,0.0,0.0,0,0,0,eb982809-bd9a-4ba9-941a-6a97da751ebe,0,0,0
8,18,0.0,0.0,,,42.0782957081219,0.0007861181544,-29.57912829661,0.0008279887387,2.2281691918432,0.0430368076613,0.0,0.0,0.0,0.0,0.0,0.0,0.0,0.0,0,0,0,d8adbb27-bf5d-47d2-80aa-6deb80cc7827,0,0,0
9,2,0.0,0.0,,,42.0397454437422,0.0007588262095,-29.5967719046444,0.0008135880121,2.2830191173571,0.0407937338093,0.0,0.0,0.0,0.0,0.0,0.0,0.0,0.0,0,0,0,b8ce8bd3-f508-495e-b502-68a6f5cca77e,0,0,0
0,54,0.0,0.0,,,40.2371933950033,0.0018212033896,-27.8307521440738,0.0022256463067,0.6549145687042,0.0349137749861,0.0,0.0,0.0,0.0,0.0,0.0,0.0,0.0,0,0,0,09a6d226-e896-4f92-9e77-b757f341405f,0,0,0
1,66,0.0,0.0,,,40.2236230068188,0.0019742440047,-27.8498437119289,0.0021056104494,0.6741403228481,0.0354934297781,0.0,0.0,0.0,0.0,0.0,0.0,0.0,0.0,0,0,0,cb31022c-1fa2-4245-bbe5-64f2d15a1f0b,0,0,0
2,14,0.0,0.0,,,40.2744721481907,0.0018644019239,-27.801557579607,0.002243494362,0.60844636739,0.0328276819332,0.0,0.0,0.0,0.0,0.0,0.0,0.0,0.0,0,0,0,dbbbefa0-a523-4026-ab76-c2e70f29962c,0,0,0
3,72,0.0,0.0,,,40.2475496410845,0.0019500584376,-27.7740205715905,0.0022090839822,0.6593973394446,0.0361981568142,0.0,0.0,0.0,0.0,0.0,0.0,0.0,0.0,0,0,0,6c37659b-33ef-4d75-b575-e65d80d15b32,0,0,0
4,17,0.0,0.0,,,40.3046357124067,0.0018640991709,-27.7960905844212,0.002158001774,0.6475552816769,0.0350078287966,0.0,0.0,0.0,0.0,0.0,0.0,0.0,0.0,0,0,0,8baf0523-cf8d-4fe0-8351-98c8ce700d8f,0,0,0
5,74,0.0,0.0,,,40.2599702167845,0.0019344858814,-27.8277327069294,0.0023055698452,0.669724778477,0.0332631939399,0.0,0.0,0.0,0.0,0.0,0.0,0.0,0.0,0,0,0,6586609a-5854-4914-ac66-bbd7eba80b27,0,0,0
6,35,0.0,0.0,,,40.2292530051575,0.0019099551325,-27.8828026389947,0.0022093253397,0.5980719732225,0.0356419472549,0.0,0.0,0.0,0.0,0.0,0.0,0.0,0.0,0,0,0,11359f28-0766-46e3-9ce3-b15716b0eee3,0,0,0
7,10,0.0,0.0,,,40.2414405296168,0.0019035832828,-27.8517700478229,0.002151298408,0.6130800347455,0.0384014075997,0.0,0.0,0.0,0.0,0.0,0.0,0.0,0.0,0,0,0,4ebf2f8f-3c0b-406c-a3d0-460643c21690,0,0,0
8,28,0.0,0.0,,,40.3299512010406,0.0019016443445,-27.8737383740103,0.00224871398,0.6413449177118,0.0333288626064,0.0,0.0,0.0,0.0,0.0,0.0,0.0,0.0,0,0,0,d35efce3-cd34-4078-ab53-aca9bcb8e6ec,0,0,0
9,85,0.0,0.0,,,40.2218746613396,0.0019496438637,-27.8139157219136,0.0022487900211,0.6045928862127,0.0350804892156,0.0,0.0,0.0,0.0,0.0,0.0,0.0,0.0,0,0,0,6cdb79dc-6136-4c8b-b172-d44bb0704670,0,0,0
0,65,0.0,0.0,,,37.1709763201355,0.0020298737788,-26.4581331740885,0.0022712710128,0.4295033424628,0.0254111050252,0.0,0.0,0.0,0.0,0.0,0.0,0.0,0.0,0,0,0,b11bae6d-1309-4a36-8c41-5d8f471cb6aa,0,0,0
1,99,0.0,0.0,,,37.2152165204197,0.0019727872481,-26.4953868954459,0.0023371159509,0.4248108783224,0.0230481582588,0.0,0.0,0.0,0.0,0.0,0.0,0.0,0.0,0,0,0,689cc429-5ac2-4b56-9376-0f6b4cc6a62d,0,0,0
2,50,0.0,0.0,,,37.0683524541704,0.0020200004752,-26.5270042285883,0.0022641775645,0.4805623668807,0.0219397423369,0.0,0.0,0.0,0.0,0.0,0.0,0.0,0.0,0,0,0,94d0d3ae-65ce-483b-a8d5-7e6b14d74db6,0,0,0
3,36,0.0,0.0,,,37.0808693924879,0.0020108942508,-26.5223331492436,0.0022403241427,0.4728834873772,0.0243991188712,0.0,0.0,0.0,0.0,0.0,0.0,0.0,0.0,0,0,0,e37015e6-d034-4c1c-bdce-c6d09a26103c,0,0,0
4,40,0.0,0.0,,,37.0374209294746,0.0019967571662,-26.5711427664878,0.0023822367987,0.4572831888748,0.0251341223322,0.0,0.0,0.0,0.0,0.0,0.0,0.0,0.0,0,0,0,80270065-9e1b-487c-8f1e-70b653ee585f,0,0,0
5,50,0.0,0.0,,,37.1484149430547,0.0019644477711,-26.5794467797902,0.0022512170992,0.4260840761623,0.0244321174398,0.0,0.0,0.0,0.0,0.0,0.0,0.0,0.0,0,0,0,874391bd-a087-4c3c-af91-edbf7ae25ad9,0,0,0
6,63,0.0,0.0,,,37.0486514336206,0.0019462172718,-26.4674473151781,0.0022803389905,0.4149103727284,0.025881744473,0.0,0.0,0.0,0.0,0.0,0.0,0.0,0.0,0,0,0,722cf497-cea8-4dce-88ac-df53bf01870f,0,0,0
7,0,0.0,0.0,,,37.1208779424973,0.0020000604138,-26.486233489769,0.0022825306811,0.4657339186121,0.0243335525101,0.0,0.0,0.0,0.0,0.0,0.0,0.0,0.0,0,0,0,31ff647b-eb18-411d-8c33-548682911acf,0,0,0
8,29,0.0,0.0,,,37.1408661530109,0.0020300410706,-26.5736692126382,0.0022233843307,0.4163355991748,0.0242368141009,0.0,0.0,0.0,0.0,0.0,0.0,0.0,0.0,0,0,0,abc39e42-e7fb-4803-9e16-f97cd35aff77,0,0,0
9,58,0.0,0.0,,,37.1093399005449,0.0020092951637,-26.4926546045328,0.0023233823907,0.4909773655851,0.024280953595,0.0,0.0,0.0,0.0,0.0,0.0,0.0,0.0,0,0,0,960e9d38-d06b-4a32-9bac-629db7e90482,0,0,0
0,69,0.0,0.0,,,40.5672487698897,0.0008303035788,-27.966447782434,0.0009492243819,1.5593297452747,0.0341275391974,0.0,0.0,0.0,0.0,0.0,0.0,0.0,0.0,0,0,0,df703f2b-118e-4b88-99d1-861e4d8660b4,0,0,0
1,28,0.0,0.0,,,40.5468928169232,0.000823308156,-27.8555438000871,0.0009944304615,1.5220634295098,0.0373331135869,0.0,0.0,0.0,0.0,0.0,0.0,0.0,0.0,0,0,0,201cb9ea-0a11-4083-9e60-b8c8a16324d8,0,0,0
2,97,0.0,0.0,,,40.4841669461636,0.0007879992196,-27.9509956538534,0.000965212435,1.4822958213309,0.0402702710847,0.0,0.0,0.0,0.0,0.0,0.0,0.0,0.0,0,0,0,11623edb-a151-4908-99ca-1c3ce76d6b03,0,0,0
3,69,0.0,0.0,,,40.5289201332601,0.0008043040636,-27.9527310209398,0.0009752554694,1.5303642800876,0.0362619239666,0.0,0.0,0.0,0.0,0.0,0.0,0.0,0.0,0,0,0,e437418f-cf55-40e3-87b6-1736f4730aad,0,0,0
4,64,0.0,0.0,,,40.5363456586637,0.0008197110633,-27.9665845391759,0.0009906023613,1.6137677195732,0.0398016773779,0.0,0.0,0.0,0.0,0.0,0.0,0.0,0.0,0,0,0,b0972992-2c34-4a6f-8ad8-07ad066f8d1b,0,0,0
5,54,0.0,0.0,,,40.5682307064489,0.0007979564999,-27.9556312074294,0.0009786943461,1.5195192779578,0.0348267624998,0.0,0.0,0.0,0.0,0.0,0.0,0.0,0.0,0,0,0,ee23429c-0dac-45e3-8e3d-b9f5aa50e0b4,0,0,0
6,74,0.0,0.0,,,40.5741405571995,0.0008001441072,-27.9130807399593,0.0009678178016,1.5049523322786,0.0345235610477,0.0,0.0,0.0,0.0,0.0,0.0,0.0,0.0,0,0,0,fcc288d3-feb5-4aa2-9c19-f1cf4f011e68,0,0,0
7,77,0.0,0.0,,,40.5718909943893,0.0008037997177,-27.9198791087318,0.0009769768833,1.5267060006757,0.0379226278931,0.0,0.0,0.0,0.0,0.0,0.0,0.0,0.0,0,0,0,d3d33288-3c60-4a64-859e-100760ce348a,0,0,0
8,67,0.0,0.0,,,40.4869159975523,0.0008600732173,-27.9647271945709,0.0009417641061,1.5462922021321,0.0401183806877,0.0,0.0,0.0,0.0,0.0,0.0,0.0,0.0,0,0,0,25e38ffe-6258-4243-a2a6-1606f90f12ac,0,0,0
9,95,0.0,0.0,,,40.5906209253338,0.0008388550851,-27.9255503660282,0.0009546973776,1.4672038115578,0.0356285861945,0.0,0.0,0.0,0.0,0.0,0.0,0.0,0.0,0,0,0,e652b449-287d-4469-acfd-6052021684ae,0,0,0
0,75,0.0,0.0,,,37.9344037132142,0.0032031075772,-29.9598964007322,0.0036883646019,0.3132599438852,0.0298302683099,0.0,0.0,0.0,0.0,0.0,0.0,0.0,0.0,0,0,0,6a0ac48e-8bf6-47a9-9a16-5a0d24545fbc,0,0,0
1,37,0.0,0.0,,,37.8574419149386,0.0032883796296,-29.9817386415774,0.0036410342652,0.267129153032,0.0291078121967,0.0,0.0,0.0,0.0,0.0,0.0,0.0,0.0,0,0,0,54992841-e279-4ee6-a899-19d0f63d670c,0,0,0
2,7,0.0,0.0,,,37.8070060487957,0.0032395050735,-29.9581053709151,0.0037439848769,0.2690131454266,0.0312122341616,0.0,0.0,0.0,0.0,0.0,0.0,0.0,0.0,0,0,0,a08b3939-6f58-4c6d-a3e9-f783d2af628e,0,0,0
3,51,0.0,0.0,,,37.7810406066534,0.0031532013366,-29.9885880638496,0.0036896764564,0.2328606936588,0.0302103058328,0.0,0.0,0.0,0.0,0.0,0.0,0.0,0.0,0,0,0,27ecab5d-dd1d-4463-8b1b-105da3eda617,0,0,0
4,42,0.0,0.0,,,37.8891936449212,0.0033516695666,-30.0439366251143,0.0036744790712,0.2908372777486,0.0309400467902,0.0,0.0,0.0,0.0,0.0,0.0,0.0,0.0,0,0,0,9f3d2fd9-1fac-4264-b994-f87d2c584511,0,0,0
5,20,0.0,0.0,,,37.9391805820831,0.0031191107467,-30.0709829562335,0.0036696149754,0.2712739727696,0.0286978057956,0.0,0.0,0.0,0.0,0.0,0.0,0.0,0.0,0,0,0,20387a96-11a4-46dc-8018-cefc859d97a1,0,0,0
6,10,0.0,0.0,,,37.884056544722,0.0033196302887,-29.929788829667,0.0038046660419,0.3068720325754,0.0321455837792,0.0,0.0,0.0,0.0,0.0,0.0,0.0,0.0,0,0,0,c72d2ede-e0b5-4d93-b4ca-309efb157361,0,0,0
7,49,0.0,0.0,,,37.9050522577173,0.0031291470042,-29.9999938736614,0.0036743281556,0.2866046948694,0.0305426644093,0.0,0.0,0.0,0.0,0.0,0.0,0.0,0.0,0,0,0,4a1d1d18-82f8-4493-8032-8465949f80e9,0,0,0
8,56,0.0,0.0,,,37.7846592569322,0.0032221084571,-29.9682945204564,0.0034940900381,0.2739155106969,0.0319310505742,0.0,0.0,0.0,0.0,0.0,0.0,0.0,0.0,0,0,0,61a86754-88ad-4795-9232-f0cc8a2ff8e8,0,0,0
9,10,0.0,0.0,,,37.734258463143,0.0031794008763,-30.0174298285189,0.0037611115125,0.2803465413736,0.0318636483201,0.0,0.0,0.0,0.0,0.0,0.0,0.0,0.0,0,0,0,7c3b02c7-b6f0-48ac-a918-a9c45307e35b,0,0,0
0,79,0.0,0.0,,,37.9128697178826,0.0023952859993,-28.1641735836155,0.0026262786472,0.4274998325362,0.0279740969042,0.0,0.0,0.0,0.0,0.0,0.0,0.0,0.0,0,0,0,6bd4d9a5-1e79-44ca-84d8-cfef0687eed9,0,0,0
1,78,0.0,0.0,,,37.8588534459148,0.002391860345,-28.2543021490453,0.0027459579529,0.3840295997583,0.0305862086346,0.0,0.0,0.0,0.0,0.0,0.0,0.0,0.0,0,0,0,3cbb4eaf-a21e-415c-b441-14e3996de902,0,0,0
2,69,0.0,0.0,,,37.8942155253012,0.0023371213245,-28.3135725980466,0.0027055745319,0.4132786782369,0.0262285424361,0.0,0.0,0.0,0.0,0.0,0.0,0.0,0.0,0,0,0,c01b5805-29fb-48cd-abee-4c02d0e46764,0,0,0
3,13,0.0,0.0,,,37.9540866783261,0.0024110509124,-28.2863655811766,0.0025762647624,0.3562791837894,0.0267774559753,0.0,0.0,0.0,0.0,0.0,0.0,0.0,0.0,0,0,0,e394d616-c96c-4984-b10a-9ae4cf544eef,0,0,0
4,55,0.0,0.0,,,37.8952911739662,0.00224761642,-28.2878664056353,0.0027282391962,0.4454294969469,0.0280529178208,0.0,0.0,0.0,0.0,0.0,0.0,0.0,0.0,0,0,0,23e65251-b44d-4ec1-b55c-9cef6ddc8503,0,0,0
5,46,0.0,0.0,,,37.8397710450627,0.002443999812,-28.2786077539392,0.0026384159798,0.4259348270897,0.0294367896042,0.0,0.0,0.0,0.0,0.0,0.0,0.0,0.0,0,0,0,0026f8f2-a5ea-4eb7-a699-2010ec65b9dd,0,0,0
6,17,0.0,0.0,,,37.9322944121283,0.0023369987519,-28.268693315519,0.0026591012228,0.4234327545826,0.0282328260983,0.0,0.0,0.0,0.0,0.0,0.0,0.0,0.0,0,0,0,9e6845ed-e5d7-4c46-a1e4-ed3fcf9eee5a,0,0,0
7,62,0.0,0.0,,,37.8914099073773,0.0024359452749,-28.2743749301423,0.0027429734884,0.4172500816762,0.0296787358905,0.0,0.0,0.0,0.0,0.0,0.0,0.0,0.0,0,0,0,db5fc257-0446-46a7-b180-bc1c56758f16,0,0,0
8,37,0.0,0.0,,,37.9240661010562,0.0024944896667,-28.3509655121151,0.0026080980505,0.3901800884177,0.0268724759689,0.0,0.0,0.0,0.0,0.0,0.0,0.0,0.0,0,0,0,6bfbf7ef-25e3-4cd7-9a30-69c6242e51ea,0,0,0
9,23,0.0,0.0,,,37.9038184944002,0.0023919116638,-28.2846890034144,0.0027037106632,0.4231556019075,0.0277257668623,0.0,0.0,0.0,0.0,0.0,0.0,0.0,0.0,0,0,0,5a613f22-ff73-4cd5-83a5-0db03f6fd265,0,0,0
0,82,0.0,0.0,,,37.1436963739569,0.0004262268238,-28.2601837001693,0.0006157023624,1.9591160057327,0.0266947982165,0.0,0.0,0.0,0.0,0.0,0.0,0.0,0.0,0,0,0,faacc631-26ca-47fa-81ef-da84de10d894,0,0,0
1,57,0.0,0.0,,,37.1083046472061,0.0004217207133,-28.2665631329019,0.0006184384179,1.9815676447043,0.0270181386943,0.0,0.0,0.0,0.0,0.0,0.0,0.0,0.0,0,0,0,df5f5a05-a91c-4cc3-b1d0-d5ed0c7c2cb1,0,0,0
2,12,0.0,0.0,,,37.2070135057161,0.0004359103612,-28.2579626680002,0.0006227679232,2.0185686288886,0.0239527839337,0.0,0.0,0.0,0.0,0.0,0.0,0.0,0.0,0,0,0,08c843cd-9494-41ec-ac5b-92a8afe20e3c,0,0,0
3,1,0.0,0.0,,,37.1470511940583,0.0004261052854,-28.2501918596509,0.0006011283437,1.9830796276507,0.0269750801449,0.0,0.0,0.0,0.0,0.0,0.0,0.0,0.0,0,0,0,4b96e0ff-34d1-44a7-94e2-d8bf4a720d55,0,0,0
4,43,0.0,0.0,,,37.0923689043096,0.0004243678322,-28.2586275725103,0.0006167587343,2.0233763422687,0.0257341118725,0.0,0.0,0.0,0.0,0.0,0.0,0.0,0.0,0,0,0,695e5230-522b-44be-9db6-06bb78711e93,0,0,0
5,97,0.0,0.0,,,37.1610384471141,0.0004307523645,-28.1821995045938,0.0006454110416,2.0149888894518,0.025367231471,0.0,0.0,0.0,0.0,0.0,0.0,0.0,0.0,0,0,0,4406d846-fc9e-4256-a8c9-4d7f8573b302,0,0,0
6,5,0.0,0.0,,,37.0495152321288,0.0004206361209,-28.1818659697255,0.0006211348194,2.0526964002804,0.0271487553513,0.0,0.0,0.0,0.0,0.0,0.0,0.0,0.0,0,0,0,cfc05be0-0986-4e5f-bdc5-db9d21dcf25d,0,0,0
7,42,0.0,0.0,,,37.0148052393013,0.0004310546444,-28.2521520710305,0.0006293626486,1.9432462627703,0.0258092958524,0.0,0.0,0.0,0.0,0.0,0.0,0.0,0.0,0,0,0,fd95cdc9-cc3b-452c-9788-daa659682a33,0,0,0
8,0,0.0,0.0,,,37.060171284181,0.0004279578164,-28.2448995613868,0.0006367560371,1.9990600635933,0.02321472255,0.0,0.0,0.0,0.0,0.0,0.0,0.0,0.0,0,0,0,7493a919-1972-4f9a-a98a-3e4c4087f61d,0,0,0
9,38,0.0,0.0,,,37.1851245973894,0.0004117544729,-28.2735919308432,0.0006228593842,2.055871293487,0.0271187242865,0.0,0.0,0.0,0.0,0.0,0.0,0.0,0.0,0,0,0,7233b5d5-99c2-42c1-92f9-565cded8ec31,0,0,0
0,94,0.0,0.0,,,41.9225740292788,0.0026123367673,-25.9741940710548,0.0029098545405,0.4995144945965,0.0420681075852,0.0,0.0,0.0,0.0,0.0,0.0,0.0,0.0,0,0,0,7cfacdda-9b02-422c-8d85-0af0b29b0415,0,0,0
1,51,0.0,0.0,,,41.8871579949846,0.0025652176238,-25.9932461687647,0.0028541373308,0.6031369282667,0.0365623441152,0.0,0.0,0.0,0.0,0.0,0.0,0.0,0.0,0,0,0,3d560b06-601c-43d9-9d91-7fe6389eb45d,0,0,0
2,56,0.0,0.0,,,41.9867292346412,0.0026606523987,-25.9244916110441,0.0029757913854,0.5287317209025,0.0398948572773,0.0,0.0,0.0,0.0,0.0,0.0,0.0,0.0,0,0,0,423d8352-51d3-4dfe-8961-23045303d15a,0,0,0
3,37,0.0,0.0,,,41.8240849507596,0.0026670279891,-26.0165638528883,0.0031377921561,0.5448246086363,0.0415160819636,0.0,0.0,0.0,0.0,0.0,0.0,0.0,0.0,0,0,0,acd8828b-2ed3-455c-983f-2f71a12e3572,0,0,0
4,15,0.0,0.0,,,41.9188163939343,0.0025912265408,-26.0256505383371,0.0028950045619,0.5255178167575,0.0407537142577,0.0,0.0,0.0,0.0,0.0,0.0,0.0,0.0,0,0,0,aa09c4cd-e63e-4865-95ed-80e8c84f0ea7,0,0,0
5,17,0.0,0.0,,,41.8425633262198,0.0026165824123,-26.033995464119,0.0029331697827,0.6086345593212,0.0396252747982,0.0,0.0,0.0,0.0,0.0,0.0,0.0,0.0,0,0,0,e8fee44c-0369-4b7c-b5fc-4744161ed299,0,0,0
6,1,0.0,0.0,,,41.9677332122607,0.0024970691972,-26.0806854891835,0.0028829211637,0.5707450348401,0.0440781804893,0.0,0.0,0.0,0.0,0.0,0.0,0.0,0.0,0,0,0,66b0f702-f51b-461c-a769-4e2e27006cc0,0,0,0
7,27,0.0,0.0,,,41.8622236370709,0.0026425944747,-25.9277856547656,0.0028536923134,0.4937972977529,0.0435708313043,0.0,0.0,0.0,0.0,0.0,0.0,0.0,0.0,0,0,0,0f1e0c74-8d23-42b4-8ad2-093dbac60813,0,0,0
8,33,0.0,0.0,,,41.8883346661488,0.0025596334458,-25.9818554156312,0.0029208387997,0.5554242513195,0.0447582478268,0.0,0.0,0.0,0.0,0.0,0.0,0.0,0.0,0,0,0,56ac5163-a35a-4f00-96cd-3498d2fb0525,0,0,0
9,64,0.0,0.0,,,41.9361214361763,0.0026945577804,-26.0082524061577,0.0029028078995,0.6137035220201,0.0426043498827,0.0,0.0,0.0,0.0,0.0,0.0,0.0,0.0,0,0,0,5711430d-5cae-4f37-976e-703466d45f93,0,0,0
0,97,0.0,0.0,,,40.4808347206133,0.0014806351583,-28.2005370626071,0.0016214969683,0.874122820658,0.0326468283014,0.0,0.0,0.0,0.0,0.0,0.0,0.0,0.0,0,0,0,a35b60e8-114d-41d9-9562-dbf9305d4a41,0,0,0
1,33,0.0,0.0,,,40.4237490576628,0.0014541233252,-28.1974276809958,0.0016321189439,0.9098029292437,0.0348569582893,0.0,0.0,0.0,0.0,0.0,0.0,0.0,0.0,0,0,0,fefb544b-9fe3-4ccd-8e3f-3a5f4f23cc5b,0,0,0
2,64,0.0,0.0,,,40.5223033097348,0.0015021964873,-28.1894361657428,0.0016136773081,0.9035486276632,0.0328241958275,0.0,0.0,0.0,0.0,0.0,0.0,0.0,0.0,0,0,0,bca34677-bb5d-449b-bea8-69064593013e,0,0,0
3,9,0.0,0.0,,,40.4562376862859,0.0014667622902,-28.2088525776931,0.0015603254999,0.8583644448353,0.0381878928946,0.0,0.0,0.0,0.0,0.0,0.0,0.0,0.0,0,0,0,0f8d8ea0-dc55-4eac-a957-050850f38710,0,0,0
4,88,0.0,0.0,,,40.3879232268119,0.0014931870822,-28.2440913618123,0.0015801290704,0.8117232153673,0.0352315435399,0.0,0.0,0.0,0.0,0.0,0.0,0.0,0.0,0,0,0,a58fc79c-1c7a-4f0f-ae25-3e305e0643eb,0,0,0
5,88,0.0,0.0,,,40.4878636224307,0.001556092056,-28.187642662694,0.0015976315939,0.8867751406242,0.0353367878641,0.0,0.0,0.0,0.0,0.0,0.0,0.0,0.0,0,0,0,c78b2627-ac97-415b-bd96-1fe2c793f6a3,0,0,0
6,39,0.0,0.0,,,40.4973823721104,0.0014178471288,-28.1283361455033,0.0016188673803,0.8950702951231,0.0305626726583,0.0,0.0,0.0,0.0,0.0,0.0,0.0,0.0,0,0,0,3b52139e-95d3-4fe3-9535-0047a1a380a1,0,0,0
7,37,0.0,0.0,,,40.4264961001737,0.0015188926962,-28.1969989875093,0.0016568633851,0.9436454471232,0.0376918424952,0.0,0.0,0.0,0.0,0.0,0.0,0.0,0.0,0,0,0,5a5a56fa-8565-4563-8732-9490bcb6117a,0,0,0
8,25,0.0,0.0,,,40.418500329138,0.0014537499573,-28.2690811415775,0.0016506191082,0.9435816849654,0.0329749556888,0.0,0.0,0.0,0.0,0.0,0.0,0.0,0.0,0,0,0,40c05a9c-7ac7-46f5-93fc-411ccc2ac499,0,0,0
9,99,0.0,0.0,,,40.5410685499669,0.0014590122707,-28.2683156035369,0.0016504275085,0.8842292776984,0.0373307539151,0.0,0.0,0.0,0.0,0.0,0.0,0.0,0.0,0,0,0,3c6b2d4f-a83a-4513-a57e-2cadf11e3c09,0,0,0
0,99,0.0,0.0,,,40.852897975698,0.0011924590507,-29.6180817364284,0.0013834432716,1.0639105072521,0.0381675643962,0.0,0.0,0.0,0.0,0.0,0.0,0.0,0.0,0,0,0,5e4566f9-2f23-44b1-8771-66c87c454ab5,0,0,0
1,50,0.0,0.0,,,40.9724663510005,0.0011483213987,-29.6045990050848,0.0014232657573,1.1336928973677,0.0380942320027,0.0,0.0,0.0,0.0,0.0,0.0,0.0,0.0,0,0,0,b80a1afb-04df-48ac-9bdf-6d6263e4fba4,0,0,0
2,28,0.0,0.0,,,40.8830054549624,0.001150220416,-29.5585212971884,0.0014084980325,1.1397077598905,0.0380317985347,0.0,0.0,0.0,0.0,0.0,0.0,0.0,0.0,0,0,0,94bd1b21-40bc-4a1a-9ebd-a3c36f030949,0,0,0
3,66,0.0,0.0,,,40.7806676414353,0.001129290051,-29.6458998445717,0.0014967784765,1.0652800516347,0.0423833834291,0.0,0.0,0.0,0.0,0.0,0.0,0.0,0.0,0,0,0,3400b6ec-8f24-4303-9b51-6bae62491c46,0,0,0
4,51,0.0,0.0,,,40.8567303879595,0.0011866284013,-29.6336236917582,0.0014015930699,1.1793513139708,0.0413070707272,0.0,0.0,0.0,0.0,0.0,0.0,0.0,0.0,0,0,0,545e9ee3-11de-424e-854f-0bd2c1944154,0,0,0
5,84,0.0,0.0,,,40.8805926107618,0.001120983728,-29.5735289511974,0.0013986285162,1.1285059488927,0.0393286186088,0.0,0.0,0.0,0.0,0.0,0.0,0.0,0.0,0,0,0,ca47c561-052e-40b0-be59-6105ddef4fd6,0,0,0
6,57,0.0,0.0,,,40.811171966084,0.0011930400398,-29.5282678098396,0.0014267915356,1.1543234268159,0.0405888066697,0.0,0.0,0.0,0.0,0.0,0.0,0.0,0.0,0,0,0,7eb4f90e-21b6-4531-ad28-612995bb05b1,0,0,0
7,16,0.0,0.0,,,40.9030199676473,0.0011385660291,-29.6447153471985,0.0015039205488,1.1610731902256,0.0377901698978,0.0,0.0,0.0,0.0,0.0,0.0,0.0,0.0,0,0,0,2dbcae5a-df42-4596-b81a-36b10c81179a,0,0,0
8,53,0.0,0.0,,,40.847691085123,0.0012323224042,-29.5659335241612,0.0013929273047,1.1285298323758,0.041564882644,0.0,0.0,0.0,0.0,0.0,0.0,0.0,0.0,0,0,0,2ff9b295-0535-4b9f-b7d4-978de325c5d0,0,0,0
9,78,0.0,0.0,,,40.8998784044181,0.0011759091905,-29.5937267919393,0.0014296084891,1.1292143886499,0.0384243044772,0.0,0.0,0.0,0.0,0.0,0.0,0.0,0.0,0,0,0,3d8256b4-cda0-459d-a2a2-37e1724c3243,0,0,0
