island,source,background,local_rms,ra_str,dec_str,ra,err_ra,dec,err_dec,peak_flux,err_peak_flux,int_flux,err_int_flux,a,err_a,b,err_b,pa,err_pa,flags,residual_mean,residual_std,uuid,psf_a,psf_b,psf_pa
0,10,0.0,0.0,,,38.606530076633,0.0018143095183,-27.3520786804561,0.002174217802,0.5391554682723,0.0270661027437,0.0,0.0,0.0,0.0,0.0,0.0,0.0,0.0,0,0,0,b214afb2-fbcd-4178-883a-7e12c3e9a0a4,0,0,0
1,27,0.0,0.0,,,38.5789445413772,0.0017920689173,-27.2584629597326,0.0022950404935,0.5142650350935,0.0294574075728,0.0,0.0,0.0,0.0,0.0,0.0,0.0,0.0,0,0,0,0ede78d0-dd76-48f6-8048-8ef766e5706c,0,0,0
2,65,0.0,0.0,,,38.6152041606967,0.0017900544421,-27.2844859533336,0.0022704144489,0.5602743255516,0.0270732736052,0.0,0.0,0.0,0.0,0.0,0.0,0.0,0.0,0,0,0,5af93d11-50a1-48b7-add1-50264c07aed8,0,0,0
3,48,0.0,0.0,,,38.6413201378092,0.0018306653891,-27.3307487747435,0.002221989135,0.5697217241177,0.0267643369262,0.0,0.0,0.0,0.0,0.0,0.0,0.0,0.0,0,0,0,38b1527e-45b3-49df-a0c9-8e2673b70457,0,0,0
3,96,0.0,0.0,,,38.6174954191926,0.001568019345,-27.3622887677272,0.0020875045737,0.6045506761402,0.0305623498403,0.0,0.0,0.0,0.0,0.0,0.0,0.0,0.0,0,0,0,90709839-b597-4ccf-9a5c-b4585e29981e,0,0,0
4,50,0.0,0.0,,,38.6345769563755,0.0017754719132,-27.3876591554972,0.0022756789155,0.5509116128022,0.0277026555366,0.0,0.0,0.0,0.0,0.0,0.0,0.0,0.0,0,0,0,920ec3c7-ef23-4005-9ecb-9787b9a3688f,0,0,0
5,65,0.0,0.0,,,38.6276854462016,0.0018040048949,-27.379497863622,0.0022696585333,0.5603973725564,0.0268465614509,0.0,0.0,0.0,0.0,0.0,0.0,0.0,0.0,0,0,0,21c1a2aa-bf77-4033-a35a-a31ba745a3a4,0,0,0
6,81,0.0,0.0,,,38.6229929382223,0.0018214487215,-27.3171485861874,0.0022643173718,0.5706283409892,0.0275397580078,0.0,0.0,0.0,0.0,0.0,0.0,0.0,0.0,0,0,0,be478f12-5999-49f9-b273-f50fc455dde3,0,0,0
8,44,0.0,0.0,,,38.6209712068126,0.001790910382,-27.3168172158243,0.0022915162126,0.5295713196754,0.0298817776358,0.0,0.0,0.0,0.0,0.0,0.0,0.0,0.0,0,0,0,a723471d-525b-4563-a398-2f53a1f6a938,0,0,0
9,87,0.0,0.0,,,38.6571959990906,0.0018562002908,-27.3398812624706,0.0022467863102,0.5253477933111,0.0271480944669,0.0,0.0,0.0,0.0,0.0,0.0,0.0,0.0,0,0,0,e0357976-7258-48ad-974d-a9ef680f7aa2,0,0,0
